1
1
1
1
1
1
1
1
1
1
-24
-49
-74
-99
-124
-149
-174
-199
-224
-249
-274
-299
-324
-349
-374
-399
-424
-449
-474
-449
-424
-424
-424
-424
-424
-424
-424
-424
-424
-424
-424
-424
-424
-424
-424
-424
-424
-424
-424
-424
-399
-374
-349
-324
-324
-324
-324
-324
-324
-324
-324
-324
-299
-274
-249
-224
-199
-199
-174
-149
-124
-99
-74
-74
-74
-74
-74
-74
-74
-49
-24
1
26
51
76
101
126
151
176
176
176
176
176
176
176
176
176
176
176
176
176
176
176
176
176
176
176
176
176
176
176
176
176
176
151
126
101
76
51
26
1
-24
-24
-24
-24
-24
-24
-24
-24
-24
-24
-24
-24
-24
-24
-24
-24
