335 1
669 1
1004 1
1338 1
1672 1
2007 1
2341 1
2675 1
3010 1
3344 1
3678 1
4013 1
4347 1
4681 1
5016 1
5350 1
5685 1
6020 1
6354 1
6688 1
7023 1
7357 1
7692 1
8026 1
8026 
20710 1
20870 2
21711 1
22594 2
22713 1
23520 2
23714 1
24557 2
24716 1
25510 2
25718 1
26618 2
26719 1
27558 2
27720 1
28489 2
28721 1
29580 2
29723 1
30598 2
30725 1
31632 2
31727 1
32638 2
32729 1
33631 2
33731 1
34639 2
34732 1
35635 2
35734 1
36667 2
36736 1
37710 2
37738 1
38684 2
38740 1
39722 2
39741 1
40666 2
40743 1
41651 2
41744 1
42679 2
42746 1
43707 2
43748 1
44708 2
44750 1
45719 2
46654 2
47546 2
48354 2
49011 2
49600 2
50172 2
50749 2
51340 2
51942 2
52534 2
53142 2
53731 2
54295 2
54941 2
55539 2
56157 2
56767 2
57338 2
57964 2
58552 2
59135 2
59758 2
60432 2
60974 2
61585 2
62186 2
62784 2
63369 2
63951 2
64557 2
44750 
69994 1
70196 1
70375 2
70398 1
70600 1
70731 2
70801 1
70933 2
71003 1
71117 2
71205 1
71292 2
71406 1
71489 2
71608 1
71708 2
71810 1
71957 2
72012 1
72184 2
72213 1
72415 1
72419 2
72617 1
72659 2
72819 1
72866 2
73021 1
73084 2
73222 1
73282 2
73424 1
73485 2
73625 1
73695 2
73827 1
73890 2
74028 1
74083 2
74230 1
74274 2
74431 1
74461 2
74633 1
74640 2
74834 1
74839 2
75036 1
75036 2
75238 1
75248 2
75439 1
75447 2
75640 1
75643 2
75833 2
75842 1
76024 2
76236 2
76471 2
76686 2
76902 2
77149 2
77360 2
77573 2
77783 2
77983 2
78197 2
78416 2
78621 2
78833 2
79024 2
79220 2
79450 2
79679 2
79880 2
75842 
85552 1
85742 2
86047 2
86220 1
86794 2
86887 1
87487 2
87554 1
88165 2
88221 1
88815 2
88888 1
89514 2
89556 1
90154 2
90223 1
90789 2
90890 1
91490 2
91558 1
92177 2
92226 1
92823 2
92893 1
93469 2
93561 1
94124 2
94229 1
94793 2
94896 1
95482 2
95564 1
96110 2
96232 1
96831 2
96900 1
97516 2
97567 1
98150 2
98234 1
98902 1
98910 2
99569 1
99601 2
100212 2
100237 1
100819 2
100905 1
101452 2
101573 1
102162 2
102240 1
102803 2
102908 1
103488 2
103576 1
104092 2
104595 2
105072 2
105551 2
105956 2
106401 2
106829 2
107269 2
107697 2
108099 2
108528 2
108951 2
109389 2
109775 2
110157 2
110561 2
110928 2
111315 2
111680 2
112048 2
112417 2
112783 2
113151 2
113523 2
113888 2
114254 2
114635 2
115001 2
115339 2
115679 2
116058 2
116389 2
116738 2
103576 
123943 1
124196 2
125035 2
125944 1
126175 2
127946 1
128122 2
129887 2
129948 1
131690 2
131950 1
133952 1
133999 2
135888 2
135953 1
137829 2
137954 1
139807 2
139955 1
141956 1
141976 2
143865 2
143958 1
145920 2
145960 1
147808 2
147962 1
149938 2
149964 1
151827 2
151966 1
153967 1
153977 2
155820 2
155969 1
157835 2
157970 1
159934 2
159971 1
161909 2
161973 1
163974 1
163986 2
165849 2
165975 1
167889 2
167976 1
169978 1
170162 2
171975 2
171979 1
173853 2
173981 1
175971 2
175982 1
177818 2
177983 1
179984 1
180007 2
181986 1
182121 2
183816 2
183988 1
185989 1
186063 2
187990 1
189839 2
191676 2
193635 2
195618 2
197494 2
199397 2
201203 2
203034 2
204912 2
206874 2
208837 2
210738 2
212531 2
214490 2
216384 2
218252 2
220065 2
221846 2
223728 2
225480 2
227229 2
187990 
233264 1
233515 1
233665 2
233767 1
233913 2
234018 1
234137 2
234269 1
234344 2
234520 1
234552 2
234771 1
234781 2
235017 2
235022 1
235273 1
235327 2
235525 1
235776 1
236028 1
236042 2
236279 1
236530 1
236781 1
237032 1
237281 2
237283 1
237527 2
237534 1
237785 1
238037 1
238288 1
238299 2
238539 1
238540 2
238788 2
238791 1
239024 2
239042 1
239277 2
239293 1
239544 1
239782 2
239796 1
240007 2
240047 1
240268 2
240298 1
240567 2
240830 2
241086 2
241331 2
241573 2
241808 2
242045 2
242280 2
242515 2
242745 2
242980 2
243204 2
243429 2
243662 2
240298 
250826 1
251244 2
251327 1
251735 2
251828 1
252254 2
252329 1
252807 2
252831 1
253333 1
253364 2
253822 2
253835 1
254303 2
254336 1
254838 1
254856 2
255339 1
255364 2
255804 2
255841 1
256271 2
256342 1
256759 2
256843 1
257257 2
257345 1
257796 2
257846 1
258286 2
258347 1
258791 2
258849 1
259281 2
259351 1
259795 2
259852 1
260293 2
260353 1
260839 2
260854 1
261333 2
261356 1
261847 2
261858 1
262359 1
262422 2
262861 1
262913 2
263362 1
263388 2
263850 2
263864 1
264333 2
264366 1
264813 2
265320 2
265818 2
266238 2
266752 2
267229 2
267730 2
268229 2
268770 2
269268 2
269754 2
270249 2
270756 2
271296 2
271780 2
272354 2
272872 2
273387 2
273897 2
274373 2
264366 
264366 5
279910 1
280161 2
