0 5 120
14018 5 120
16019 1 0.5
18020 1 0.5
20022 1 0.5
20022 4 -197
20219 2 0.5
21883 2 0.5
22023 4 140
22023 1 0.5
23708 2 0.5
24024 4 316
24024 1 0.5
25727 2 0.5
26025 4 298
26025 1 0.5
27776 2 0.5
28026 4 250
28026 1 0.5
29928 2 0.5
30027 4 99
30027 1 0.5
31871 2 0.5
32028 4 157
32028 1 0.5
34025 2 0.5
34029 4 4
34029 1 0.5
36028 2 0.5
38172 2 0.5
40411 2 0.5
42752 2 0.5
45532 2 0.5
48075 2 0.5
50435 2 0.5
53039 2 0.5
55546 2 0.5
57844 2 0.5
60274 2 0.5
62679 2 0.5
65067 2 0.5
67402 2 0.5
69822 2 0.5
72253 2 0.5
79386 1 3
79720 1 3
80054 1 3
80388 1 3
80388 4 -50
80438 2 3
80723 1 3
80723 4 -14
80737 2 3
81056 2 3
81057 4 1
81057 1 3
81379 2 3
81391 4 12
81391 1 3
81711 2 3
81725 4 14
81725 1 3
82031 2 3
82059 4 28
82059 1 3
82382 2 3
82393 4 11
82393 1 3
82727 1 3
82727 4 -3
82730 2 3
83061 1 3
83061 4 -10
83071 2 3
83390 2 3
83395 4 5
83395 1 3
83719 2 3
83730 4 11
83730 1 3
84048 2 3
84064 4 16
84064 1 3
84376 2 3
84398 4 22
84398 1 3
84732 1 3
84732 4 -2
84734 2 3
85063 2 3
85066 4 3
85066 1 3
85390 2 3
85400 4 10
85400 1 3
85710 2 3
85734 4 24
85734 1 3
86058 2 3
86069 4 11
86069 1 3
86380 2 3
86403 4 23
86403 1 3
86726 2 3
86737 4 11
86737 1 3
87053 2 3
87071 4 18
87071 1 3
87382 2 3
87405 4 23
87405 1 3
87727 2 3
87740 4 13
87740 1 3
88068 2 3
88075 4 7
88075 1 3
88403 2 3
88409 4 6
88409 1 3
88716 2 3
88743 4 27
88743 1 3
89054 2 3
89077 4 23
89077 1 3
89390 2 3
89888 2 3
90459 2 3
90954 2 3
91486 2 3
92032 2 3
92628 2 3
93236 2 3
93874 2 3
94522 2 3
95195 2 3
101010 1 4
101261 1 4
101261 4 -57
101318 2 4
101513 1 4
101513 4 -52
101565 2 4
101764 1 4
101764 4 -8
101772 2 4
101970 2 4
102015 4 45
102015 1 4
102236 2 4
102266 4 30
102266 1 4
102495 2 4
102517 4 22
102517 1 4
102753 2 4
102768 4 15
102768 1 4
103015 2 4
103019 4 4
103019 1 4
103236 2 4
103270 4 34
103270 1 4
103512 2 4
103521 4 9
103521 1 4
103773 1 4
103773 4 -5
103778 2 4
104024 1 4
104024 4 -2
104026 2 4
104275 1 4
104275 4 -10
104285 2 4
104526 1 4
104526 4 -7
104533 2 4
104777 1 4
104777 4 -5
104782 2 4
105021 2 4
105028 4 7
105028 1 4
105261 2 4
105279 4 18
105279 1 4
105509 2 4
105530 4 21
105530 1 4
105749 2 4
105782 4 33
105782 1 4
106001 2 4
106033 4 32
106033 1 4
106244 2 4
106284 4 40
106284 1 4
106515 2 4
106535 4 20
106535 1 4
106769 2 4
106786 4 17
106786 1 4
107032 2 4
107038 4 6
107038 1 4
107268 2 4
107289 4 21
107289 1 4
107520 2 4
107541 4 21
107541 1 4
107762 2 4
107792 4 30
107792 1 4
108007 2 4
108044 4 37
108044 1 4
108287 2 4
108295 4 8
108295 1 4
108519 2 4
108546 4 27
108546 1 4
108761 2 4
109095 2 4
109473 2 4
109890 2 4
110364 2 4
110827 2 4
111315 2 4
111878 2 4
112444 2 4
113011 2 4
119069 1 2
119374 2 2
119570 4 196
119570 1 2
119570 4 -248
119818 2 2
120072 1 2
120072 4 -234
120306 2 2
120573 1 2
120847 2 2
121074 4 227
121074 1 2
121417 2 2
121575 4 158
121575 1 2
121978 2 2
122076 4 98
122076 1 2
122495 2 2
122577 4 82
122577 1 2
122989 2 2
123078 4 89
123078 1 2
123495 2 2
123579 4 84
123579 1 2
123985 2 2
124080 4 95
124080 1 2
124552 2 2
124581 4 29
124581 1 2
124966 2 2
125082 4 116
125082 1 2
125474 2 2
125583 4 109
125583 1 2
125975 2 2
126084 4 109
126084 1 2
126494 2 2
126585 4 91
126585 1 2
126989 2 2
127086 4 97
127086 1 2
127487 2 2
127587 4 100
127587 1 2
127989 2 2
128088 4 99
128088 1 2
128526 2 2
128589 4 63
128589 1 2
129007 2 2
129090 4 83
129090 1 2
129499 2 2
129591 4 92
129591 1 2
129996 2 2
130092 4 96
130092 1 2
130492 2 2
130594 4 102
130594 1 2
130991 2 2
131095 4 104
131095 1 2
131513 2 2
131596 4 83
131596 1 2
132011 2 2
132097 4 86
132097 1 2
132503 2 2
132598 4 95
132598 1 2
133004 2 2
133099 4 95
133099 1 2
133489 2 2
133601 4 112
133601 1 2
134007 2 2
134103 4 96
134103 1 2
134518 2 2
134604 4 86
134604 1 2
135003 2 2
135105 4 102
135105 1 2
135508 2 2
135607 4 99
135607 1 2
135992 2 2
136493 2 2
136998 2 2
137493 2 2
137978 2 2
138494 2 2
139017 2 2
139494 2 2
140010 2 2
140513 2 2
141024 2 2
141525 2 2
142080 2 2
142617 2 2
143140 2 2
143668 2 2
144192 2 2
144737 2 2
145271 2 2
151630 1 1
152631 1 1
152631 4 -218
152849 2 1
153633 1 1
153633 4 -22
153655 2 1
154505 2 1
154634 4 129
154634 1 1
155480 2 1
155635 4 155
155635 1 1
156471 2 1
156636 4 165
156636 1 1
157534 2 1
157637 4 103
157637 1 1
158550 2 1
158639 4 89
158639 1 1
159520 2 1
159640 4 120
159640 1 1
160528 2 1
160641 4 113
160641 1 1
161578 2 1
161642 4 64
161642 1 1
162589 2 1
162643 4 54
162643 1 1
163519 2 1
163644 4 125
163644 1 1
164550 2 1
164645 4 95
164645 1 1
165541 2 1
165646 4 105
165646 1 1
166561 2 1
166647 4 86
166647 1 1
167592 2 1
167648 4 56
167648 1 1
168556 2 1
168649 4 93
168649 1 1
169573 2 1
169650 4 77
169650 1 1
170569 2 1
170651 4 82
170651 1 1
171599 2 1
171652 4 53
171652 1 1
172596 2 1
172653 4 57
172653 1 1
173654 1 1
174586 2 1
174655 4 69
174655 1 1
175636 2 1
175656 4 20
175656 1 1
176633 2 1
176658 4 25
176658 1 1
177633 2 1
178706 2 1
179786 2 1
180857 2 1
181916 2 1
183055 2 1
184211 2 1
185324 2 1
186401 2 1
187473 2 1
188538 2 1
189593 2 1
190707 2 1
191774 2 1
192829 2 1
193939 2 1
195049 2 1
201881 1 5
202082 1 5
202082 4 -83
202165 2 5
202283 1 5
202401 2 5
202484 4 83
202484 1 5
202484 4 -96
202580 2 5
202685 1 5
202685 4 -88
202773 2 5
202886 1 5
202886 4 -79
202965 2 5
203087 1 5
203087 4 -68
203155 2 5
203288 1 5
203288 4 -57
203345 2 5
203489 1 5
203489 4 -37
203526 2 5
203691 1 5
203691 4 -22
203713 2 5
203892 1 5
203892 4 -17
203909 2 5
204093 1 5
204093 4 -5
204098 2 5
204294 1 5
204294 4 -3
204297 2 5
204495 1 5
204495 4 -8
204503 2 5
204696 1 5
204696 4 -0
204696 2 5
204891 2 5
204898 4 7
204898 1 5
205092 2 5
205099 4 7
205099 1 5
205288 2 5
205300 4 12
205300 1 5
205501 1 5
205501 4 -1
205502 2 5
205699 2 5
205702 4 3
205702 1 5
205903 1 5
205903 4 -0
205903 2 5
206104 1 5
206104 4 -6
206110 2 5
206305 1 5
206305 4 -2
206307 2 5
206503 2 5
206506 4 3
206506 1 5
206702 2 5
206708 4 6
206708 1 5
206894 2 5
206909 4 15
206909 1 5
207080 2 5
207110 4 30
207110 1 5
207274 2 5
207507 2 5
207847 2 5
208242 2 5
208662 2 5
209113 2 5
209580 2 5
210049 2 5
210519 2 5
210989 2 5
216799 1 1.5
216799 4 -285
217084 2 1.5
217466 1 1.5
217466 4 -194
217660 2 1.5
218133 1 1.5
218133 4 -4
218137 2 1.5
218758 2 1.5
218800 4 42
218800 1 1.5
219467 1 1.5
219467 4 -5
219472 2 1.5
220110 2 1.5
220134 4 24
220134 1 1.5
220762 2 1.5
220802 4 40
220802 1 1.5
221416 2 1.5
221469 4 53
221469 1 1.5
222076 2 1.5
222137 4 61
222137 1 1.5
222723 2 1.5
222804 4 81
222804 1 1.5
223359 2 1.5
223471 4 112
223471 1 1.5
224053 2 1.5
224139 4 86
224139 1 1.5
224726 2 1.5
224806 4 80
224806 1 1.5
225361 2 1.5
225473 4 112
225473 1 1.5
225949 2 1.5
226140 4 191
226140 1 1.5
226584 2 1.5
226807 4 223
226807 1 1.5
227301 2 1.5
227475 4 174
227475 1 1.5
227991 2 1.5
228142 4 151
228142 1 1.5
228700 2 1.5
228809 4 109
228809 1 1.5
229372 2 1.5
229477 4 105
229477 1 1.5
230067 2 1.5
230144 4 77
230144 1 1.5
230711 2 1.5
230811 4 100
230811 1 1.5
231384 2 1.5
231478 4 94
231478 1 1.5
232086 2 1.5
232145 4 59
232145 1 1.5
232791 2 1.5
232812 4 21
232812 1 1.5
233431 2 1.5
233480 4 49
233480 1 1.5
234096 2 1.5
234147 4 51
234147 1 1.5
234767 2 1.5
234814 4 47
234814 1 1.5
235397 2 1.5
235482 4 85
235482 1 1.5
236111 2 1.5
236150 4 39
236150 1 1.5
236800 2 1.5
236818 4 18
236818 1 1.5
237420 2 1.5
237485 4 65
237485 1 1.5
238114 2 1.5
238774 2 1.5
239406 2 1.5
240006 2 1.5
240578 2 1.5
241220 2 1.5
241863 2 1.5
242486 2 1.5
243069 2 1.5
243640 2 1.5
244055 2 1.5
244522 2 1.5
244918 2 1.5
245316 2 1.5
245710 2 1.5
246123 2 1.5
246488 2 1.5
246805 2 1.5
247082 2 1.5
247328 2 1.5
247557 2 1.5
247745 2 1.5
247935 2 1.5
248114 2 1.5
248515 2 1.5
249099 2 1.5
249697 2 1.5
250362 2 1.5
346010 3 291
346009 5 30
346262 1 4
346514 1 4
346765 1 4
346765 4 -15
346780 2 4
347009 2 4
347016 4 7
347016 1 4
347235 2 4
347268 4 33
347268 1 4
347478 2 4
347519 4 41
347519 1 4
347742 2 4
347771 4 29
347771 1 4
347998 2 4
348022 4 24
348022 1 4
348257 2 4
348273 4 16
348273 1 4
348523 2 4
348524 4 1
348524 1 4
348770 2 4
348775 4 5
348775 1 4
348998 2 4
349026 4 28
349026 1 4
349242 2 4
349277 4 35
349277 1 4
349515 2 4
349528 4 13
349528 1 4
349779 1 4
349779 4 -0
349779 2 4
350024 2 4
350030 4 6
350030 1 4
350261 2 4
350281 4 20
350281 1 4
350513 2 4
350532 4 19
350532 1 4
350780 2 4
350783 4 3
350783 1 4
351023 2 4
351034 4 11
351034 1 4
351279 2 4
351285 4 6
351285 1 4
351508 2 4
351536 4 28
351536 1 4
351769 2 4
351787 4 18
351787 1 4
352009 2 4
352038 4 29
352038 1 4
352267 2 4
352289 4 22
352289 1 4
352527 2 4
352540 4 13
352540 1 4
352791 1 4
352791 4 -1
352792 2 4
353042 1 4
353042 4 -79
353121 2 4
353293 1 4
353293 4 -108
353401 2 4
353544 1 4
353544 4 -110
353654 2 4
353796 1 4
354125 2 4
354557 2 4
354994 2 4
355621 2 4
356230 2 4
356819 2 4
357074 2 4
357306 2 4
357586 2 4
357853 2 4
358112 2 4
358365 2 4
358632 2 4
364152 1 3
364453 2 3
364486 4 33
364486 1 3
364777 2 3
364820 4 43
364820 1 3
365126 2 3
365154 4 28
365154 1 3
365471 2 3
365489 4 18
365489 1 3
365799 2 3
365823 4 24
365823 1 3
366141 2 3
366157 4 16
366157 1 3
366460 2 3
366492 4 32
366492 1 3
366790 2 3
366827 4 37
366827 1 3
367135 2 3
367161 4 26
367161 1 3
367485 2 3
367495 4 10
367495 1 3
367797 2 3
367829 4 32
367829 1 3
368128 2 3
368163 4 35
368163 1 3
368473 2 3
368497 4 24
368497 1 3
368807 2 3
368831 4 24
368831 1 3
369135 2 3
369165 4 30
369165 1 3
369499 1 3
369499 4 -1
369500 2 3
369833 1 3
369833 4 -156
369989 2 3
370167 1 3
370167 4 -97
370264 2 3
370501 1 3
370501 4 -91
370592 2 3
370836 1 3
370836 4 -66
370902 2 3
371170 1 3
371170 4 -44
371214 2 3
371504 1 3
371504 4 -13
371517 2 3
371819 2 3
371838 4 19
371838 1 3
372148 2 3
372172 4 24
372172 1 3
372455 2 3
372506 4 51
372506 1 3
372786 2 3
372840 4 54
372840 1 3
373132 2 3
373175 4 43
373175 1 3
373479 2 3
373509 4 30
373509 1 3
373813 2 3
373843 4 30
373843 1 3
374141 2 3
374177 4 36
374177 1 3
374484 2 3
374511 4 27
374511 1 3
374835 2 3
374846 4 11
374846 1 3
375164 2 3
375180 4 16
375180 1 3
375478 2 3
375779 2 3
376078 2 3
376370 2 3
376676 2 3
376998 2 3
377355 2 3
377743 2 3
378109 2 3
378471 2 3
378850 2 3
379222 2 3
379599 2 3
379987 2 3
380357 2 3
380730 2 3
381092 2 3
381448 2 3
381819 2 3
388864 1 0.5
388864 4 -320
389184 2 0.5
389997 2 0.5
390865 4 868
390865 1 0.5
390865 4 -213
391078 2 0.5
392602 2 0.5
392867 4 265
392867 1 0.5
394869 1 0.5
394869 4 -113
394982 2 0.5
396870 1 0.5
396870 4 -80
396950 2 0.5
398787 2 0.5
398872 4 85
398872 1 0.5
400867 2 0.5
400873 4 6
400873 1 0.5
402799 2 0.5
402874 4 75
402874 1 0.5
404757 2 0.5
404875 4 118
404875 1 0.5
406869 2 0.5
406876 4 7
406876 1 0.5
408872 2 0.5
408877 4 5
408877 1 0.5
410673 2 0.5
410878 4 205
410878 1 0.5
412622 2 0.5
412879 4 257
412879 1 0.5
414634 2 0.5
414880 4 246
414880 1 0.5
416663 2 0.5
416881 4 218
416881 1 0.5
418710 2 0.5
418882 4 172
418882 1 0.5
420660 2 0.5
420883 4 223
420883 1 0.5
422703 2 0.5
422884 4 181
422884 1 0.5
424775 2 0.5
424885 4 110
424885 1 0.5
426696 2 0.5
426887 4 191
426887 1 0.5
428670 2 0.5
428889 4 219
428889 1 0.5
430600 2 0.5
430891 4 291
430891 1 0.5
432707 2 0.5
432893 4 186
432893 1 0.5
434742 2 0.5
434894 4 152
434894 1 0.5
436714 2 0.5
436895 4 181
436895 1 0.5
438771 2 0.5
438896 4 125
438896 1 0.5
440898 1 0.5
442701 2 0.5
442899 4 198
442899 1 0.5
444740 2 0.5
444900 4 160
444900 1 0.5
446815 2 0.5
446901 4 86
446901 1 0.5
448792 2 0.5
448902 4 110
448902 1 0.5
450900 2 0.5
450903 4 3
450903 1 0.5
450903 4 -480
451383 2 0.5
452904 1 0.5
455025 2 0.5
456788 2 0.5
458610 2 0.5
460479 2 0.5
462278 2 0.5
464068 2 0.5
465974 2 0.5
467949 2 0.5
469920 2 0.5
472079 2 0.5
474022 2 0.5
475841 2 0.5
477717 2 0.5
479828 2 0.5
481886 2 0.5
483757 2 0.5
485554 2 0.5
487494 2 0.5
489390 2 0.5
491376 2 0.5
498429 1 2
498835 2 2
498930 4 95
498930 1 2
499278 2 2
499431 4 153
499431 1 2
499820 2 2
499932 4 112
499932 1 2
500395 2 2
500434 4 39
500434 1 2
500935 1 2
500935 4 -30
500965 2 2
501430 2 2
501436 4 6
501436 1 2
501910 2 2
501937 4 27
501937 1 2
502407 2 2
502438 4 31
502438 1 2
502849 2 2
502939 4 90
502939 1 2
503377 2 2
503440 4 63
503440 1 2
503847 2 2
503942 4 95
503942 1 2
504274 2 2
504443 4 169
504443 1 2
504810 2 2
504945 4 135
504945 1 2
505258 2 2
505446 4 188
505446 1 2
505756 2 2
505947 4 191
505947 1 2
506311 2 2
506448 4 137
506448 1 2
506832 2 2
506949 4 117
506949 1 2
507393 2 2
507450 4 57
507450 1 2
507898 2 2
507951 4 53
507951 1 2
508388 2 2
508452 4 64
508452 1 2
508909 2 2
508954 4 45
508954 1 2
509410 2 2
509455 4 45
509455 1 2
509956 1 2
510418 2 2
510457 4 39
510457 1 2
510894 2 2
510959 4 65
510959 1 2
511378 2 2
511460 4 82
511460 1 2
511914 2 2
511961 4 47
511961 1 2
512463 1 2
512929 2 2
512964 4 35
512964 1 2
513420 2 2
513465 4 45
513465 1 2
513906 2 2
513967 4 61
513967 1 2
514396 2 2
514824 2 2
515239 2 2
515684 2 2
516241 2 2
516723 2 2
517221 2 2
517689 2 2
518171 2 2
518655 2 2
519140 2 2
521142 2 2
521630 2 2
522078 2 2
522547 2 2
523022 2 2
523447 2 2
523931 2 2
529989 1 1
529989 4 -345
530334 2 1
530991 1 1
530991 4 -189
531180 2 1
531905 2 1
531992 4 87
531992 1 1
532865 2 1
532993 4 128
532993 1 1
533862 2 1
533994 4 132
533994 1 1
534860 2 1
534995 4 135
534995 1 1
535810 2 1
535996 4 186
535996 1 1
536908 2 1
536997 4 89
536997 1 1
537855 2 1
537999 4 144
537999 1 1
538886 2 1
539000 4 114
539000 1 1
539890 2 1
540001 4 111
540001 1 1
540865 2 1
541002 4 137
541002 1 1
541884 2 1
542003 4 119
542003 1 1
542857 2 1
543005 4 148
543005 1 1
543899 2 1
544006 4 107
544006 1 1
544897 2 1
545007 4 110
545007 1 1
545942 2 1
546008 4 66
546008 1 1
547010 1 1
547010 4 -10
547020 2 1
547959 2 1
548011 4 52
548011 1 1
548960 2 1
549012 4 52
549012 1 1
549954 2 1
550013 4 59
550013 1 1
550922 2 1
551014 4 92
551014 1 1
551969 2 1
552015 4 46
552015 1 1
552889 2 1
553016 4 127
553016 1 1
553945 2 1
554017 4 72
554017 1 1
555019 1 1
555964 2 1
556021 4 57
556021 1 1
556919 2 1
557022 4 103
557022 1 1
558023 1 1
562922 2 1
563399 2 1
565408 2 1
566817 2 1
575388 2 1
576540 2 1
577622 2 1
583247 1 5
583448 1 5
583599 2 5
583649 4 50
583649 1 5
583831 2 5
583850 4 19
583850 1 5
584018 2 5
584051 4 33
584051 1 5
584203 2 5
584252 4 49
584252 1 5
584402 2 5
584453 4 51
584453 1 5
584604 2 5
584654 4 50
584654 1 5
584825 2 5
584856 4 31
584856 1 5
585031 2 5
585057 4 26
585057 1 5
585251 2 5
585258 4 7
585258 1 5
585457 2 5
585460 4 3
585460 1 5
585657 2 5
585661 4 4
585661 1 5
585862 1 5
585862 4 -0
585862 2 5
586063 1 5
586063 4 -4
586067 2 5
586264 1 5
586264 4 -9
586273 2 5
586465 1 5
586465 4 -16
586481 2 5
586666 1 5
586666 4 -21
586687 2 5
586867 1 5
586867 4 -14
586881 2 5
587068 1 5
587068 4 -4
587072 2 5
587269 1 5
587269 4 -1
587270 2 5
587467 2 5
587470 4 3
587470 1 5
587664 2 5
587671 4 7
587671 1 5
587872 1 5
587872 4 -9
587881 2 5
588073 1 5
588073 4 -14
588087 2 5
588274 1 5
588274 4 -15
588289 2 5
588475 1 5
588475 4 -12
588487 2 5
588677 1 5
588677 4 -4
588681 2 5
588878 1 5
588878 4 -0
588878 2 5
589075 2 5
589080 4 5
589080 1 5
589270 2 5
589281 4 11
589281 1 5
589464 2 5
589482 4 18
589482 1 5
589683 1 5
589893 2 5
590094 2 5
590324 2 5
590524 2 5
590720 2 5
590929 2 5
591129 2 5
591340 2 5
591546 2 5
591755 2 5
591951 2 5
592153 2 5
592353 2 5
592562 2 5
592771 2 5
593004 2 5
593190 2 5
593380 2 5
593574 2 5
599372 1 1.5
599372 4 -298
599670 2 1.5
600039 1 1.5
600039 4 -199
600238 2 1.5
600706 1 1.5
600706 4 -38
600744 2 1.5
601350 2 1.5
601373 4 23
601373 1 1.5
601977 2 1.5
602040 4 63
602040 1 1.5
602617 2 1.5
602707 4 90
602707 1 1.5
603306 2 1.5
603374 4 68
603374 1 1.5
603988 2 1.5
604042 4 54
604042 1 1.5
604634 2 1.5
604709 4 75
604709 1 1.5
605316 2 1.5
605377 4 61
605377 1 1.5
605918 2 1.5
606044 4 126
606044 1 1.5
606639 2 1.5
606711 4 72
606711 1 1.5
607281 2 1.5
607378 4 97
607378 1 1.5
607915 2 1.5
608045 4 130
608045 1 1.5
608606 2 1.5
608713 4 107
608713 1 1.5
609303 2 1.5
609381 4 78
609381 1 1.5
609942 2 1.5
610048 4 106
610048 1 1.5
610623 2 1.5
610716 4 93
610716 1 1.5
611322 2 1.5
611383 4 61
611383 1 1.5
611992 2 1.5
612050 4 58
612050 1 1.5
612643 2 1.5
612717 4 74
612717 1 1.5
613324 2 1.5
613385 4 61
613385 1 1.5
614004 2 1.5
614052 4 48
614052 1 1.5
614683 2 1.5
614719 4 36
614719 1 1.5
615313 2 1.5
615386 4 73
615386 1 1.5
616053 1 1.5
616655 2 1.5
617268 2 1.5
617897 2 1.5
618521 2 1.5
619136 2 1.5
619761 2 1.5
620354 2 1.5
620994 2 1.5
621607 2 1.5
622204 2 1.5
622812 2 1.5
623397 2 1.5
624015 2 1.5
624699 2 1.5
625268 2 1.5
625896 2 1.5
626483 2 1.5
627059 2 1.5
627640 2 1.5
628223 2 1.5
628755 2 1.5
629344 2 1.5
734154 3 615
734153 5 90
734355 1 5
734556 1 5
734757 1 5
734905 2 5
734959 4 54
734959 1 5
735140 2 5
735160 4 20
735160 1 5
735339 2 5
735361 4 22
735361 1 5
735531 2 5
735562 4 31
735562 1 5
735720 2 5
735763 4 43
735763 1 5
735927 2 5
735964 4 37
735964 1 5
736123 2 5
736165 4 42
736165 1 5
736322 2 5
736366 4 44
736366 1 5
736528 2 5
736567 4 39
736567 1 5
736712 2 5
736768 4 56
736768 1 5
736932 2 5
736969 4 37
736969 1 5
737130 2 5
737170 4 40
737170 1 5
737345 2 5
737371 4 26
737371 1 5
737544 2 5
737572 4 28
737572 1 5
737734 2 5
737773 4 39
737773 1 5
737929 2 5
737974 4 45
737974 1 5
738116 2 5
738175 4 59
738175 1 5
738325 2 5
738377 4 52
738377 1 5
738529 2 5
738578 4 49
738578 1 5
738725 2 5
738779 4 54
738779 1 5
738924 2 5
738980 4 56
738980 1 5
739123 2 5
739181 4 58
739181 1 5
739326 2 5
739383 4 57
739383 1 5
739529 2 5
739584 4 55
739584 1 5
739767 2 5
739785 4 18
739785 1 5
739969 2 5
739986 4 17
739986 1 5
740159 2 5
740187 4 28
740187 1 5
740346 2 5
740537 2 5
740843 2 5
741140 2 5
741421 2 5
741627 2 5
741833 2 5
742034 2 5
742224 2 5
742412 2 5
742604 2 5
742796 2 5
742981 2 5
743164 2 5
743349 2 5
743539 2 5
743722 2 5
743909 2 5
744082 2 5
749876 1 1.5
750318 2 1.5
750543 4 225
750543 1 1.5
750543 4 -258
750801 2 1.5
751210 1 1.5
751210 4 -160
751370 2 1.5
751878 1 1.5
751878 4 -5
751883 2 1.5
752463 2 1.5
752545 4 82
752545 1 1.5
753026 2 1.5
753212 4 186
753212 1 1.5
753687 2 1.5
753879 4 192
753879 1 1.5
754427 2 1.5
754547 4 120
754547 1 1.5
755131 2 1.5
755214 4 83
755214 1 1.5
755855 2 1.5
755882 4 27
755882 1 1.5
756485 2 1.5
756549 4 64
756549 1 1.5
757194 2 1.5
757216 4 22
757216 1 1.5
757846 2 1.5
757883 4 37
757883 1 1.5
758520 2 1.5
758550 4 30
758550 1 1.5
759095 2 1.5
759217 4 122
759217 1 1.5
759785 2 1.5
759884 4 99
759884 1 1.5
760474 2 1.5
760551 4 77
760551 1 1.5
761075 2 1.5
761218 4 143
761218 1 1.5
761685 2 1.5
761885 4 200
761885 1 1.5
762382 2 1.5
762552 4 170
762552 1 1.5
763001 2 1.5
763219 4 218
763219 1 1.5
763748 2 1.5
763886 4 138
763886 1 1.5
764356 2 1.5
764553 4 197
764553 1 1.5
765103 2 1.5
765221 4 118
765221 1 1.5
765793 2 1.5
765888 4 95
765888 1 1.5
766382 2 1.5
766984 2 1.5
767605 2 1.5
768274 2 1.5
768914 2 1.5
769575 2 1.5
770235 2 1.5
770893 2 1.5
771568 2 1.5
772238 2 1.5
772968 2 1.5
773595 2 1.5
774155 2 1.5
774734 2 1.5
775344 2 1.5
775928 2 1.5
776477 2 1.5
777069 2 1.5
777670 2 1.5
778254 2 1.5
778827 2 1.5
786231 1 0.5
786231 4 -263
786494 2 0.5
788232 1 0.5
788232 4 -196
788428 2 0.5
790234 1 0.5
790234 4 -142
790376 2 0.5
791897 2 0.5
792236 4 339
792236 1 0.5
793888 2 0.5
794237 4 349
794237 1 0.5
796092 2 0.5
796239 4 147
796239 1 0.5
798174 2 0.5
798241 4 67
798241 1 0.5
800188 2 0.5
800242 4 54
800242 1 0.5
802176 2 0.5
802243 4 67
802243 1 0.5
804163 2 0.5
804244 4 81
804244 1 0.5
806246 1 0.5
806246 4 -391
806637 2 0.5
808148 2 0.5
808248 4 100
808248 1 0.5
810049 2 0.5
810249 4 200
810249 1 0.5
812171 2 0.5
812250 4 79
812250 1 0.5
814154 2 0.5
814252 4 98
814252 1 0.5
816090 2 0.5
816253 4 163
816253 1 0.5
818117 2 0.5
818254 4 137
818254 1 0.5
820168 2 0.5
820255 4 87
820255 1 0.5
822187 2 0.5
822256 4 69
822256 1 0.5
824085 2 0.5
824257 4 172
824257 1 0.5
826052 2 0.5
826258 4 206
826258 1 0.5
828041 2 0.5
828259 4 218
828259 1 0.5
830049 2 0.5
830260 4 211
830260 1 0.5
832100 2 0.5
832261 4 161
832261 1 0.5
834096 2 0.5
834262 4 166
834262 1 0.5
836065 2 0.5
838026 2 0.5
840013 2 0.5
841980 2 0.5
843897 2 0.5
845886 2 0.5
847748 2 0.5
849716 2 0.5
851646 2 0.5
853506 2 0.5
855651 2 0.5
857642 2 0.5
859686 2 0.5
861729 2 0.5
863745 2 0.5
867202 2 0.5
869160 2 0.5
871146 2 0.5
873143 2 0.5
880285 1 1
880285 4 -399
880684 2 1
881287 1 1
881287 4 -224
881511 2 1
882218 2 1
882288 4 70
882288 1 1
883189 2 1
883290 4 101
883290 1 1
884175 2 1
884292 4 117
884292 1 1
885149 2 1
885293 4 144
885293 1 1
886212 2 1
886294 4 82
886294 1 1
887219 2 1
887295 4 76
887295 1 1
888183 2 1
888296 4 113
888296 1 1
889106 2 1
889297 4 191
889297 1 1
890157 2 1
890298 4 141
890298 1 1
891176 2 1
891299 4 123
891299 1 1
892155 2 1
892300 4 145
892300 1 1
893162 2 1
893301 4 139
893301 1 1
894160 2 1
894303 4 143
894303 1 1
895207 2 1
895304 4 97
895304 1 1
896301 2 1
896305 4 4
896305 1 1
897261 2 1
897306 4 45
897306 1 1
898166 2 1
898307 4 141
898307 1 1
899204 2 1
899308 4 104
899308 1 1
900110 2 1
900309 4 199
900309 1 1
901231 2 1
901310 4 79
901310 1 1
902158 2 1
902311 4 153
902311 1 1
903170 2 1
903313 4 143
903313 1 1
904111 2 1
904314 4 203
904314 1 1
905098 2 1
905989 2 1
906930 2 1
907864 2 1
908797 2 1
910515 2 1
911505 2 1
912492 2 1
913444 2 1
914401 2 1
915400 2 1
916310 2 1
917312 2 1
918362 2 1
919408 2 1
920476 2 1
921459 2 1
922506 2 1
923493 2 1
929838 1 2
930255 2 2
930339 4 84
930339 1 2
930730 2 2
930840 4 110
930840 1 2
931287 2 2
931341 4 54
931341 1 2
931797 2 2
931842 4 45
931842 1 2
932328 2 2
932344 4 16
932344 1 2
932831 2 2
932845 4 14
932845 1 2
933306 2 2
933346 4 40
933346 1 2
933831 2 2
933847 4 16
933847 1 2
934341 2 2
934348 4 7
934348 1 2
934845 2 2
934849 4 4
934849 1 2
935336 2 2
935350 4 14
935350 1 2
935847 2 2
935851 4 4
935851 1 2
936353 1 2
936353 4 -8
936361 2 2
936846 2 2
936854 4 8
936854 1 2
937343 2 2
937355 4 12
937355 1 2
937846 2 2
937856 4 10
937856 1 2
938325 2 2
938357 4 32
938357 1 2
938851 2 2
938859 4 8
938859 1 2
939355 2 2
939360 4 5
939360 1 2
939837 2 2
939861 4 24
939861 1 2
940343 2 2
940362 4 19
940362 1 2
940854 2 2
940864 4 10
940864 1 2
941365 1 2
941365 4 -1
941366 2 2
941858 2 2
941866 4 8
941866 1 2
942369 2 2
942937 2 2
943474 2 2
944009 2 2
944525 2 2
944990 2 2
945387 2 2
945861 2 2
946402 2 2
946849 2 2
947339 2 2
947831 2 2
948329 2 2
948803 2 2
949274 2 2
949736 2 2
950243 2 2
950749 2 2
951256 2 2
951724 2 2
957139 1 4
957390 1 4
957390 4 -106
957496 2 4
957641 1 4
957770 2 4
957892 4 122
957892 1 4
958027 2 4
958143 4 116
958143 1 4
958280 2 4
958394 4 114
958394 1 4
958576 2 4
958645 4 69
958645 1 4
958868 2 4
958896 4 28
958896 1 4
959139 2 4
959147 4 8
959147 1 4
959383 2 4
959399 4 16
959399 1 4
959627 2 4
959651 4 24
959651 1 4
959895 2 4
959902 4 7
959902 1 4
960128 2 4
960153 4 25
960153 1 4
960374 2 4
960404 4 30
960404 1 4
960650 2 4
960655 4 5
960655 1 4
960899 2 4
960906 4 7
960906 1 4
961134 2 4
961158 4 24
961158 1 4
961372 2 4
961409 4 37
961409 1 4
961620 2 4
961660 4 40
961660 1 4
961889 2 4
961911 4 22
961911 1 4
962153 2 4
962163 4 10
962163 1 4
962401 2 4
962414 4 13
962414 1 4
962618 2 4
962666 4 48
962666 1 4
962856 2 4
962917 4 61
962917 1 4
963100 2 4
963168 4 68
963168 1 4
963349 2 4
963420 4 71
963420 1 4
963609 2 4
963873 2 4
964164 2 4
964394 2 4
964673 2 4
964935 2 4
965174 2 4
965416 2 4
965659 2 4
965890 2 4
966146 2 4
966397 2 4
966627 2 4
966865 2 4
967102 2 4
967325 2 4
967557 2 4
967784 2 4
968017 2 4
968220 2 4
968430 2 4
973776 1 3
974110 1 3
974110 4 -124
974234 2 3
974444 1 3
974625 2 3
974778 4 153
974778 1 3
975019 2 3
975112 4 93
975112 1 3
975388 2 3
975446 4 58
975446 1 3
975762 2 3
975780 4 18
975780 1 3
976086 2 3
976114 4 28
976114 1 3
976415 2 3
976448 4 33
976448 1 3
976753 2 3
976783 4 30
976783 1 3
977096 2 3
977118 4 22
977118 1 3
977399 2 3
977452 4 53
977452 1 3
977737 2 3
977786 4 49
977786 1 3
978076 2 3
978120 4 44
978120 1 3
978420 2 3
978454 4 34
978454 1 3
978758 2 3
978788 4 30
978788 1 3
979085 2 3
979123 4 38
979123 1 3
979391 2 3
979458 4 67
979458 1 3
979732 2 3
979793 4 61
979793 1 3
980061 2 3
980127 4 66
980127 1 3
980392 2 3
980462 4 70
980462 1 3
980696 2 3
980796 4 100
980796 1 3
981026 2 3
981131 4 105
981131 1 3
981384 2 3
981465 4 81
981465 1 3
981729 2 3
981799 4 70
981799 1 3
982055 2 3
982133 4 78
982133 1 3
982393 2 3
982467 4 74
982467 1 3
982718 2 3
983041 2 3
983365 2 3
983679 2 3
983993 2 3
984325 2 3
984622 2 3
984943 2 3
985215 2 3
985522 2 3
985829 2 3
986131 2 3
986449 2 3
986762 2 3
987071 2 3
987384 2 3
987682 2 3
987991 2 3
988290 2 3
988608 2 3
988928 2 3
1043126 3 931
1.04313e+006 5 60
1.04379e+006 1 1.5
1.04427e+006 2 1.5
1.04446e+006 4 193
1.04446e+006 1 1.5
1.04492e+006 2 1.5
1.04513e+006 4 212
1.04513e+006 1 1.5
1.04565e+006 2 1.5
1.0458e+006 4 149
1.0458e+006 1 1.5
1.04633e+006 2 1.5
1.04646e+006 4 132
1.04646e+006 1 1.5
1.04703e+006 2 1.5
1.04713e+006 4 96
1.04713e+006 1 1.5
1.04771e+006 2 1.5
1.0478e+006 4 89
1.0478e+006 1 1.5
1.04837e+006 2 1.5
1.04846e+006 4 96
1.04846e+006 1 1.5
1.04909e+006 2 1.5
1.04913e+006 4 45
1.04913e+006 1 1.5
1.04972e+006 2 1.5
1.0498e+006 4 82
1.0498e+006 1 1.5
1.05047e+006 1 1.5
1.05047e+006 4 -33
1.0505e+006 2 1.5
1.05108e+006 2 1.5
1.05113e+006 4 50
1.05113e+006 1 1.5
1.05173e+006 2 1.5
1.0518e+006 4 74
1.0518e+006 1 1.5
1.05238e+006 2 1.5
1.05247e+006 4 85
1.05247e+006 1 1.5
1.05303e+006 2 1.5
1.05314e+006 4 104
1.05314e+006 1 1.5
1.0536e+006 2 1.5
1.0538e+006 4 206
1.0538e+006 1 1.5
1.05422e+006 2 1.5
1.05447e+006 4 254
1.05447e+006 1 1.5
1.05482e+006 2 1.5
1.05514e+006 4 315
1.05514e+006 1 1.5
1.05553e+006 2 1.5
1.0558e+006 4 277
1.0558e+006 1 1.5
1.05624e+006 2 1.5
1.05647e+006 4 229
1.05647e+006 1 1.5
1.05692e+006 2 1.5
1.05714e+006 4 219
1.05714e+006 1 1.5
1.05758e+006 2 1.5
1.0578e+006 4 224
1.0578e+006 1 1.5
1.05825e+006 2 1.5
1.05847e+006 4 222
1.05847e+006 1 1.5
1.05892e+006 2 1.5
1.05914e+006 4 223
1.05914e+006 1 1.5
1.05955e+006 2 1.5
1.05981e+006 4 255
1.05981e+006 1 1.5
1.06022e+006 2 1.5
1.06047e+006 4 254
1.06047e+006 1 1.5
1.06092e+006 2 1.5
1.06141e+006 2 1.5
1.06193e+006 2 1.5
1.06254e+006 2 1.5
1.06311e+006 2 1.5
1.06366e+006 2 1.5
1.06429e+006 2 1.5
1.06483e+006 2 1.5
1.06532e+006 2 1.5
1.0659e+006 2 1.5
1.06641e+006 2 1.5
1.06697e+006 2 1.5
1.06753e+006 2 1.5
1.06805e+006 2 1.5
1.06864e+006 2 1.5
1.06915e+006 2 1.5
1.06965e+006 2 1.5
1.0702e+006 2 1.5
1.07074e+006 2 1.5
1.07136e+006 2 1.5
1.07193e+006 2 1.5
1.07251e+006 2 1.5
1.07309e+006 2 1.5
1.07366e+006 2 1.5
1.07907e+006 1 4
1.07932e+006 1 4
1.07932e+006 4 -20
1.07934e+006 2 4
1.07957e+006 1 4
1.07957e+006 4 -41
1.07961e+006 2 4
1.07981e+006 2 4
1.07982e+006 4 8
1.07982e+006 1 4
1.08004e+006 2 4
1.08007e+006 4 30
1.08007e+006 1 4
1.08032e+006 2 4
1.08032e+006 4 4
1.08032e+006 1 4
1.08054e+006 2 4
1.08057e+006 4 38
1.08057e+006 1 4
1.08081e+006 2 4
1.08083e+006 4 19
1.08083e+006 1 4
1.08105e+006 2 4
1.08108e+006 4 31
1.08108e+006 1 4
1.08132e+006 2 4
1.08133e+006 4 7
1.08133e+006 1 4
1.08157e+006 2 4
1.08158e+006 4 13
1.08158e+006 1 4
1.08182e+006 2 4
1.08183e+006 4 12
1.08183e+006 1 4
1.08206e+006 2 4
1.08208e+006 4 16
1.08208e+006 1 4
1.08227e+006 2 4
1.08233e+006 4 57
1.08233e+006 1 4
1.08254e+006 2 4
1.08258e+006 4 41
1.08258e+006 1 4
1.08279e+006 2 4
1.08283e+006 4 39
1.08283e+006 1 4
1.08304e+006 2 4
1.08308e+006 4 40
1.08308e+006 1 4
1.08326e+006 2 4
1.08334e+006 4 71
1.08334e+006 1 4
1.08354e+006 2 4
1.08359e+006 4 44
1.08359e+006 1 4
1.08381e+006 2 4
1.08384e+006 4 33
1.08384e+006 1 4
1.08407e+006 2 4
1.08409e+006 4 23
1.08409e+006 1 4
1.08432e+006 2 4
1.08434e+006 4 16
1.08434e+006 1 4
1.08459e+006 2 4
1.08459e+006 4 3
1.08459e+006 1 4
1.08483e+006 2 4
1.08484e+006 4 11
1.08484e+006 1 4
1.08507e+006 2 4
1.08509e+006 4 20
1.08509e+006 1 4
1.0853e+006 2 4
1.08535e+006 4 48
1.08535e+006 1 4
1.08556e+006 2 4
1.0856e+006 4 35
1.0856e+006 1 4
1.08582e+006 2 4
1.08585e+006 4 27
1.08585e+006 1 4
1.08604e+006 2 4
1.0861e+006 4 58
1.0861e+006 1 4
1.08629e+006 2 4
1.08635e+006 4 63
1.08635e+006 1 4
1.08654e+006 2 4
1.0866e+006 4 63
1.0866e+006 1 4
1.08679e+006 2 4
1.08685e+006 4 65
1.08685e+006 1 4
1.08704e+006 2 4
1.0871e+006 4 60
1.0871e+006 1 4
1.08729e+006 2 4
1.08736e+006 4 64
1.08736e+006 1 4
1.08753e+006 2 4
1.08775e+006 2 4
1.08799e+006 2 4
1.0882e+006 2 4
1.08841e+006 2 4
1.08861e+006 2 4
1.08882e+006 2 4
1.08901e+006 2 4
1.08928e+006 2 4
1.08958e+006 2 4
1.08988e+006 2 4
1.09017e+006 2 4
1.09045e+006 2 4
1.09073e+006 2 4
1.09102e+006 2 4
1.09129e+006 2 4
1.09159e+006 2 4
1.09188e+006 2 4
1.09217e+006 2 4
1.09771e+006 1 3
1.09805e+006 1 3
1.09805e+006 4 -51
1.0981e+006 2 3
1.09837e+006 2 3
1.09838e+006 4 6
1.09838e+006 1 3
1.0987e+006 2 3
1.09873e+006 4 30
1.09873e+006 1 3
1.09903e+006 2 3
1.09906e+006 4 28
1.09906e+006 1 3
1.09938e+006 2 3
1.09939e+006 4 19
1.09939e+006 1 3
1.09972e+006 2 3
1.09973e+006 4 12
1.09973e+006 1 3
1.10003e+006 2 3
1.10006e+006 4 35
1.10006e+006 1 3
1.10036e+006 2 3
1.1004e+006 4 36
1.1004e+006 1 3
1.10067e+006 2 3
1.10073e+006 4 61
1.10073e+006 1 3
1.10099e+006 2 3
1.10106e+006 4 72
1.10106e+006 1 3
1.10133e+006 2 3
1.1014e+006 4 65
1.1014e+006 1 3
1.10169e+006 2 3
1.10173e+006 4 44
1.10173e+006 1 3
1.10201e+006 2 3
1.10207e+006 4 60
1.10207e+006 1 3
1.10234e+006 2 3
1.1024e+006 4 64
1.1024e+006 1 3
1.10267e+006 2 3
1.10274e+006 4 67
1.10274e+006 1 3
1.10301e+006 2 3
1.10307e+006 4 61
1.10307e+006 1 3
1.10334e+006 2 3
1.1034e+006 4 62
1.1034e+006 1 3
1.10368e+006 2 3
1.10374e+006 4 59
1.10374e+006 1 3
1.10401e+006 2 3
1.10407e+006 4 60
1.10407e+006 1 3
1.10433e+006 2 3
1.10441e+006 4 72
1.10441e+006 1 3
1.10466e+006 2 3
1.10474e+006 4 77
1.10474e+006 1 3
1.10503e+006 2 3
1.10507e+006 4 48
1.10507e+006 1 3
1.10535e+006 2 3
1.10541e+006 4 58
1.10541e+006 1 3
1.10569e+006 2 3
1.10574e+006 4 51
1.10574e+006 1 3
1.10601e+006 2 3
1.10608e+006 4 63
1.10608e+006 1 3
1.10635e+006 2 3
1.10641e+006 4 60
1.10641e+006 1 3
1.10668e+006 2 3
1.10674e+006 4 67
1.10674e+006 1 3
1.107e+006 2 3
1.10708e+006 4 79
1.10708e+006 1 3
1.10735e+006 2 3
1.10741e+006 4 61
1.10741e+006 1 3
1.10767e+006 2 3
1.10799e+006 2 3
1.10833e+006 2 3
1.10866e+006 2 3
1.109e+006 2 3
1.10934e+006 2 3
1.10967e+006 2 3
1.10999e+006 2 3
1.1103e+006 2 3
1.11064e+006 2 3
1.11099e+006 2 3
1.11131e+006 2 3
1.11164e+006 2 3
1.11198e+006 2 3
1.11232e+006 2 3
1.11265e+006 2 3
1.11299e+006 2 3
1.11332e+006 2 3
1.11366e+006 2 3
1.11399e+006 2 3
1.1193e+006 1 5
1.1195e+006 1 5
1.11964e+006 2 5
1.1197e+006 4 61
1.1197e+006 1 5
1.11985e+006 2 5
1.1199e+006 4 50
1.1199e+006 1 5
1.12004e+006 2 5
1.1201e+006 4 66
1.1201e+006 1 5
1.12023e+006 2 5
1.1203e+006 4 74
1.1203e+006 1 5
1.12044e+006 2 5
1.1205e+006 4 69
1.1205e+006 1 5
1.12063e+006 2 5
1.12071e+006 4 73
1.12071e+006 1 5
1.12083e+006 2 5
1.12091e+006 4 73
1.12091e+006 1 5
1.12104e+006 2 5
1.12111e+006 4 65
1.12111e+006 1 5
1.12125e+006 2 5
1.12131e+006 4 64
1.12131e+006 1 5
1.12145e+006 2 5
1.12151e+006 4 61
1.12151e+006 1 5
1.12165e+006 2 5
1.12171e+006 4 63
1.12171e+006 1 5
1.12185e+006 2 5
1.12191e+006 4 61
1.12191e+006 1 5
1.12205e+006 2 5
1.12212e+006 4 67
1.12212e+006 1 5
1.12224e+006 2 5
1.12232e+006 4 80
1.12232e+006 1 5
1.12245e+006 2 5
1.12252e+006 4 73
1.12252e+006 1 5
1.12265e+006 2 5
1.12272e+006 4 75
1.12272e+006 1 5
1.12284e+006 2 5
1.12292e+006 4 78
1.12292e+006 1 5
1.12305e+006 2 5
1.12312e+006 4 71
1.12312e+006 1 5
1.12325e+006 2 5
1.12332e+006 4 77
1.12332e+006 1 5
1.12344e+006 2 5
1.12353e+006 4 85
1.12353e+006 1 5
1.12364e+006 2 5
1.12373e+006 4 89
1.12373e+006 1 5
1.12384e+006 2 5
1.12393e+006 4 89
1.12393e+006 1 5
1.12404e+006 2 5
1.12413e+006 4 93
1.12413e+006 1 5
1.12413e+006 4 -96
1.12422e+006 2 5
1.12433e+006 1 5
1.12433e+006 4 -88
1.12442e+006 2 5
1.12453e+006 1 5
1.12453e+006 4 -72
1.1246e+006 2 5
1.12473e+006 1 5
1.12498e+006 2 5
1.12517e+006 2 5
1.12536e+006 2 5
1.12556e+006 2 5
1.12576e+006 2 5
1.12596e+006 2 5
1.12616e+006 2 5
1.12636e+006 2 5
1.12655e+006 2 5
1.12675e+006 2 5
1.12695e+006 2 5
1.12714e+006 2 5
1.12734e+006 2 5
1.12754e+006 2 5
1.12773e+006 2 5
1.12792e+006 2 5
1.12814e+006 2 5
1.12833e+006 2 5
1.12853e+006 2 5
1.12874e+006 2 5
1.13426e+006 1 2
1.13457e+006 2 2
1.13476e+006 4 189
1.13476e+006 1 2
1.13502e+006 2 2
1.13526e+006 4 240
1.13526e+006 1 2
1.13556e+006 2 2
1.13576e+006 4 197
1.13576e+006 1 2
1.13609e+006 2 2
1.13626e+006 4 170
1.13626e+006 1 2
1.1366e+006 2 2
1.13676e+006 4 162
1.13676e+006 1 2
1.1371e+006 2 2
1.13726e+006 4 163
1.13726e+006 1 2
1.13764e+006 2 2
1.13776e+006 4 127
1.13776e+006 1 2
1.13814e+006 2 2
1.13827e+006 4 130
1.13827e+006 1 2
1.13863e+006 2 2
1.13877e+006 4 138
1.13877e+006 1 2
1.13912e+006 2 2
1.13927e+006 4 148
1.13927e+006 1 2
1.13963e+006 2 2
1.13977e+006 4 140
1.13977e+006 1 2
1.14014e+006 2 2
1.14027e+006 4 128
1.14027e+006 1 2
1.14067e+006 2 2
1.14077e+006 4 105
1.14077e+006 1 2
1.14117e+006 2 2
1.14127e+006 4 104
1.14127e+006 1 2
1.14164e+006 2 2
1.14177e+006 4 135
1.14177e+006 1 2
1.14211e+006 2 2
1.14227e+006 4 162
1.14227e+006 1 2
1.14261e+006 2 2
1.14278e+006 4 168
1.14278e+006 1 2
1.1431e+006 2 2
1.14328e+006 4 172
1.14328e+006 1 2
1.14363e+006 2 2
1.14378e+006 4 150
1.14378e+006 1 2
1.14411e+006 2 2
1.14428e+006 4 170
1.14428e+006 1 2
1.14464e+006 2 2
1.14478e+006 4 140
1.14478e+006 1 2
1.14518e+006 2 2
1.14528e+006 4 102
1.14528e+006 1 2
1.14569e+006 2 2
1.14578e+006 4 95
1.14578e+006 1 2
1.14615e+006 2 2
1.14628e+006 4 128
1.14628e+006 1 2
1.14668e+006 2 2
1.14717e+006 2 2
1.14767e+006 2 2
1.14818e+006 2 2
1.14866e+006 2 2
1.14915e+006 2 2
1.14963e+006 2 2
1.15012e+006 2 2
1.1506e+006 2 2
1.15107e+006 2 2
1.15157e+006 2 2
1.15202e+006 2 2
1.1525e+006 2 2
1.15295e+006 2 2
1.15344e+006 2 2
1.15411e+006 2 2
1.15457e+006 2 2
1.15508e+006 2 2
1.15556e+006 2 2
1.15605e+006 2 2
1.16231e+006 1 1
1.16231e+006 4 -294
1.1626e+006 2 1
1.16303e+006 2 1
1.16331e+006 4 274
1.16331e+006 1 1
1.16415e+006 2 1
1.16431e+006 4 157
1.16431e+006 1 1
1.16511e+006 2 1
1.16531e+006 4 198
1.16531e+006 1 1
1.16612e+006 2 1
1.16631e+006 4 193
1.16631e+006 1 1
1.16707e+006 2 1
1.16731e+006 4 244
1.16731e+006 1 1
1.16811e+006 2 1
1.16831e+006 4 202
1.16831e+006 1 1
1.16917e+006 2 1
1.16931e+006 4 148
1.16931e+006 1 1
1.17011e+006 2 1
1.17032e+006 4 205
1.17032e+006 1 1
1.17117e+006 2 1
1.17132e+006 4 146
1.17132e+006 1 1
1.17213e+006 2 1
1.17232e+006 4 192
1.17232e+006 1 1
1.17315e+006 2 1
1.17332e+006 4 164
1.17332e+006 1 1
1.17419e+006 2 1
1.17432e+006 4 130
1.17432e+006 1 1
1.17516e+006 2 1
1.17532e+006 4 164
1.17532e+006 1 1
1.1762e+006 2 1
1.17632e+006 4 120
1.17632e+006 1 1
1.17718e+006 2 1
1.17732e+006 4 145
1.17732e+006 1 1
1.17823e+006 2 1
1.17832e+006 4 99
1.17832e+006 1 1
1.17923e+006 2 1
1.17933e+006 4 101
1.17933e+006 1 1
1.18019e+006 2 1
1.18033e+006 4 136
1.18033e+006 1 1
1.18124e+006 2 1
1.18133e+006 4 90
1.18133e+006 1 1
1.1822e+006 2 1
1.18233e+006 4 128
1.18233e+006 1 1
1.18319e+006 2 1
1.18333e+006 4 139
1.18333e+006 1 1
1.18432e+006 2 1
1.18433e+006 4 12
1.18433e+006 1 1
1.18524e+006 2 1
1.18534e+006 4 91
1.18534e+006 1 1
1.18622e+006 2 1
1.18634e+006 4 121
1.18634e+006 1 1
1.18722e+006 2 1
1.18734e+006 4 119
1.18734e+006 1 1
1.18824e+006 2 1
1.18834e+006 4 100
1.18834e+006 1 1
1.18926e+006 2 1
1.18934e+006 4 79
1.18934e+006 1 1
1.19028e+006 2 1
1.19034e+006 4 62
1.19034e+006 1 1
1.19127e+006 2 1
1.19134e+006 4 72
1.19134e+006 1 1
1.19224e+006 2 1
1.19235e+006 4 106
1.19235e+006 1 1
1.19328e+006 2 1
1.19335e+006 4 70
1.19335e+006 1 1
1.1944e+006 2 1
1.19549e+006 2 1
1.19654e+006 2 1
1.19755e+006 2 1
1.19854e+006 2 1
1.19951e+006 2 1
1.2005e+006 2 1
1.2015e+006 2 1
1.20248e+006 2 1
1.20348e+006 2 1
1.20446e+006 2 1
1.20548e+006 2 1
1.2065e+006 2 1
1.20755e+006 2 1
1.20861e+006 2 1
1.20972e+006 2 1
1.21074e+006 2 1
1.21175e+006 2 1
1.21274e+006 2 1
1.22037e+006 1 0.5
1.22037e+006 4 -342
1.22071e+006 2 0.5
1.22037e+006 4 -993
1.22136e+006 2 0.5
1.22237e+006 1 0.5
1.22237e+006 4 -242
1.22261e+006 2 0.5
1.22435e+006 2 0.5
1.22437e+006 4 20
1.22437e+006 1 0.5
1.22636e+006 2 0.5
1.22637e+006 4 18
1.22637e+006 1 0.5
1.22824e+006 2 0.5
1.22837e+006 4 132
1.22837e+006 1 0.5
1.23025e+006 2 0.5
1.23038e+006 4 127
1.23038e+006 1 0.5
1.23235e+006 2 0.5
1.23238e+006 4 25
1.23238e+006 1 0.5
1.23425e+006 2 0.5
1.23438e+006 4 129
1.23438e+006 1 0.5
1.23614e+006 2 0.5
1.23638e+006 4 243
1.23638e+006 1 0.5
1.23825e+006 2 0.5
1.23838e+006 4 128
1.23838e+006 1 0.5
1.24038e+006 1 0.5
1.24038e+006 4 -445
1.24083e+006 2 0.5
1.24238e+006 1 0.5
1.24238e+006 4 -44
1.24243e+006 2 0.5
1.24426e+006 2 0.5
1.24438e+006 4 127
1.24438e+006 1 0.5
1.24629e+006 2 0.5
1.24638e+006 4 91
1.24638e+006 1 0.5
1.24831e+006 2 0.5
1.24839e+006 4 81
1.24839e+006 1 0.5
1.25026e+006 2 0.5
1.25039e+006 4 125
1.25039e+006 1 0.5
1.25238e+006 2 0.5
1.25239e+006 4 14
1.25239e+006 1 0.5
1.25439e+006 1 0.5
1.25439e+006 4 -13
1.2544e+006 2 0.5
1.25634e+006 2 0.5
1.25639e+006 4 52
1.25639e+006 1 0.5
1.25827e+006 2 0.5
1.25839e+006 4 121
1.25839e+006 1 0.5
1.26028e+006 2 0.5
1.26039e+006 4 119
1.26039e+006 1 0.5
1.26227e+006 2 0.5
1.2624e+006 4 130
1.2624e+006 1 0.5
1.26435e+006 2 0.5
1.2644e+006 4 50
1.2644e+006 1 0.5
1.2663e+006 2 0.5
1.2664e+006 4 97
1.2664e+006 1 0.5
1.26826e+006 2 0.5
1.2684e+006 4 142
1.2684e+006 1 0.5
1.27029e+006 2 0.5
1.2704e+006 4 109
1.2704e+006 1 0.5
1.27233e+006 2 0.5
1.2724e+006 4 74
1.2724e+006 1 0.5
1.2743e+006 2 0.5
1.27625e+006 2 0.5
1.27821e+006 2 0.5
1.28021e+006 2 0.5
1.2822e+006 2 0.5
1.28417e+006 2 0.5
1.28617e+006 2 0.5
1.28814e+006 2 0.5
1.29011e+006 2 0.5
1.29205e+006 2 0.5
1.29393e+006 2 0.5
1.29576e+006 2 0.5
1.29755e+006 2 0.5
1.29948e+006 2 0.5
1.30126e+006 2 0.5
1.30311e+006 2 0.5
1.30509e+006 2 0.5
1.30692e+006 2 0.5
1.3088e+006 2 0.5
1.31067e+006 2 0.5
1386066 3 1271
1.38607e+006 5 0
1.38627e+006 1 5
1.38647e+006 1 5
1.38667e+006 1 5
1.38687e+006 1 5
1.38704e+006 2 5
1.38707e+006 4 30
1.38707e+006 1 5
1.38727e+006 2 5
1.38727e+006 4 8
1.38727e+006 1 5
1.38745e+006 2 5
1.38747e+006 4 28
1.38747e+006 1 5
1.38764e+006 2 5
1.38768e+006 4 36
1.38768e+006 1 5
1.38783e+006 2 5
1.38788e+006 4 49
1.38788e+006 1 5
1.38803e+006 2 5
1.38808e+006 4 51
1.38808e+006 1 5
1.38822e+006 2 5
1.38828e+006 4 59
1.38828e+006 1 5
1.38841e+006 2 5
1.38848e+006 4 67
1.38848e+006 1 5
1.38861e+006 2 5
1.38868e+006 4 71
1.38868e+006 1 5
1.38881e+006 2 5
1.38888e+006 4 70
1.38888e+006 1 5
1.38902e+006 2 5
1.38908e+006 4 67
1.38908e+006 1 5
1.38922e+006 2 5
1.38928e+006 4 61
1.38928e+006 1 5
1.38943e+006 2 5
1.38949e+006 4 56
1.38949e+006 1 5
1.38963e+006 2 5
1.38969e+006 4 60
1.38969e+006 1 5
1.38982e+006 2 5
1.38989e+006 4 68
1.38989e+006 1 5
1.39001e+006 2 5
1.39009e+006 4 76
1.39009e+006 1 5
1.39021e+006 2 5
1.39029e+006 4 83
1.39029e+006 1 5
1.3904e+006 2 5
1.39049e+006 4 92
1.39049e+006 1 5
1.39049e+006 4 -94
1.39059e+006 2 5
1.39069e+006 1 5
1.39069e+006 4 -76
1.39077e+006 2 5
1.39089e+006 1 5
1.39089e+006 4 -52
1.39095e+006 2 5
1.3911e+006 1 5
1.3911e+006 4 -29
1.39112e+006 2 5
1.3913e+006 1 5
1.3913e+006 4 -13
1.39131e+006 2 5
1.3915e+006 1 5
1.3915e+006 4 -2
1.3915e+006 2 5
1.39169e+006 2 5
1.3917e+006 4 10
1.3917e+006 1 5
1.39189e+006 2 5
1.3919e+006 4 11
1.3919e+006 1 5
1.39208e+006 2 5
1.3921e+006 4 16
1.3921e+006 1 5
1.39229e+006 2 5
1.3923e+006 4 11
1.3923e+006 1 5
1.39248e+006 2 5
1.3925e+006 4 22
1.3925e+006 1 5
1.39269e+006 2 5
1.39289e+006 2 5
1.39308e+006 2 5
1.39328e+006 2 5
1.39347e+006 2 5
1.39365e+006 2 5
1.39385e+006 2 5
1.39404e+006 2 5
1.39423e+006 2 5
1.39443e+006 2 5
1.39461e+006 2 5
1.3948e+006 2 5
1.39499e+006 2 5
1.39517e+006 2 5
1.39536e+006 2 5
1.39554e+006 2 5
1.39571e+006 2 5
1.3959e+006 2 5
1.39608e+006 2 5
1.39626e+006 2 5
1.39644e+006 2 5
1.40353e+006 1 0.5
1.40353e+006 4 -286
1.40381e+006 2 0.5
1.40553e+006 1 0.5
1.40553e+006 4 -182
1.40571e+006 2 0.5
1.40753e+006 1 0.5
1.40753e+006 4 -100
1.40763e+006 2 0.5
1.40929e+006 2 0.5
1.40953e+006 4 245
1.40953e+006 1 0.5
1.41127e+006 2 0.5
1.41153e+006 4 263
1.41153e+006 1 0.5
1.41338e+006 2 0.5
1.41353e+006 4 157
1.41353e+006 1 0.5
1.41529e+006 2 0.5
1.41554e+006 4 249
1.41554e+006 1 0.5
1.41728e+006 2 0.5
1.41754e+006 4 256
1.41754e+006 1 0.5
1.41931e+006 2 0.5
1.41954e+006 4 229
1.41954e+006 1 0.5
1.42136e+006 2 0.5
1.42154e+006 4 180
1.42154e+006 1 0.5
1.4234e+006 2 0.5
1.42354e+006 4 142
1.42354e+006 1 0.5
1.42536e+006 2 0.5
1.42554e+006 4 178
1.42554e+006 1 0.5
1.42747e+006 2 0.5
1.42754e+006 4 74
1.42754e+006 1 0.5
1.4294e+006 2 0.5
1.42955e+006 4 147
1.42955e+006 1 0.5
1.43141e+006 2 0.5
1.43155e+006 4 134
1.43155e+006 1 0.5
1.43344e+006 2 0.5
1.43355e+006 4 103
1.43355e+006 1 0.5
1.43551e+006 2 0.5
1.43555e+006 4 44
1.43555e+006 1 0.5
1.43747e+006 2 0.5
1.43755e+006 4 82
1.43755e+006 1 0.5
1.43939e+006 2 0.5
1.43955e+006 4 162
1.43955e+006 1 0.5
1.44139e+006 2 0.5
1.44155e+006 4 160
1.44155e+006 1 0.5
1.44347e+006 2 0.5
1.44355e+006 4 89
1.44355e+006 1 0.5
1.44542e+006 2 0.5
1.44556e+006 4 136
1.44556e+006 1 0.5
1.44741e+006 2 0.5
1.44756e+006 4 142
1.44756e+006 1 0.5
1.44945e+006 2 0.5
1.44956e+006 4 111
1.44956e+006 1 0.5
1.4514e+006 2 0.5
1.45156e+006 4 158
1.45156e+006 1 0.5
1.45339e+006 2 0.5
1.45356e+006 4 167
1.45356e+006 1 0.5
1.45552e+006 2 0.5
1.45556e+006 4 44
1.45556e+006 1 0.5
1.45747e+006 2 0.5
1.45756e+006 4 91
1.45756e+006 1 0.5
1.45956e+006 1 0.5
1.45956e+006 4 -43
1.45961e+006 2 0.5
1.46143e+006 2 0.5
1.46156e+006 4 137
1.46156e+006 1 0.5
1.46339e+006 2 0.5
1.46357e+006 4 174
1.46357e+006 1 0.5
1.46544e+006 2 0.5
1.46757e+006 2 0.5
1.46971e+006 2 0.5
1.47226e+006 2 0.5
1.47418e+006 2 0.5
1.47623e+006 2 0.5
1.47822e+006 2 0.5
1.48023e+006 2 0.5
1.48236e+006 2 0.5
1.48426e+006 2 0.5
1.48621e+006 2 0.5
1.48807e+006 2 0.5
1.48992e+006 2 0.5
1.4917e+006 2 0.5
1.4935e+006 2 0.5
1.49535e+006 2 0.5
1.49719e+006 2 0.5
1.49908e+006 2 0.5
1.50094e+006 2 0.5
1.50275e+006 2 0.5
1.50909e+006 1 2
1.50953e+006 2 2
1.50959e+006 4 61
1.50959e+006 1 2
1.50999e+006 2 2
1.51009e+006 4 102
1.51009e+006 1 2
1.51051e+006 2 2
1.51059e+006 4 78
1.51059e+006 1 2
1.51102e+006 2 2
1.51109e+006 4 74
1.51109e+006 1 2
1.51153e+006 2 2
1.51159e+006 4 66
1.51159e+006 1 2
1.51205e+006 2 2
1.51209e+006 4 43
1.51209e+006 1 2
1.51258e+006 2 2
1.51259e+006 4 14
1.51259e+006 1 2
1.51309e+006 2 2
1.5131e+006 4 6
1.5131e+006 1 2
1.51351e+006 2 2
1.5136e+006 4 86
1.5136e+006 1 2
1.51401e+006 2 2
1.5141e+006 4 92
1.5141e+006 1 2
1.51449e+006 2 2
1.5146e+006 4 114
1.5146e+006 1 2
1.515e+006 2 2
1.5151e+006 4 99
1.5151e+006 1 2
1.5155e+006 2 2
1.5156e+006 4 99
1.5156e+006 1 2
1.51602e+006 2 2
1.5161e+006 4 88
1.5161e+006 1 2
1.5165e+006 2 2
1.5166e+006 4 103
1.5166e+006 1 2
1.51703e+006 2 2
1.51711e+006 4 78
1.51711e+006 1 2
1.51754e+006 2 2
1.51761e+006 4 71
1.51761e+006 1 2
1.51804e+006 2 2
1.51811e+006 4 67
1.51811e+006 1 2
1.51854e+006 2 2
1.51861e+006 4 74
1.51861e+006 1 2
1.51902e+006 2 2
1.51911e+006 4 92
1.51911e+006 1 2
1.51952e+006 2 2
1.51961e+006 4 96
1.51961e+006 1 2
1.52005e+006 2 2
1.52011e+006 4 58
1.52011e+006 1 2
1.52056e+006 2 2
1.52061e+006 4 57
1.52061e+006 1 2
1.52107e+006 2 2
1.52111e+006 4 48
1.52111e+006 1 2
1.52156e+006 2 2
1.52162e+006 4 57
1.52162e+006 1 2
1.52206e+006 2 2
1.52212e+006 4 55
1.52212e+006 1 2
1.52259e+006 2 2
1.52262e+006 4 26
1.52262e+006 1 2
1.52304e+006 2 2
1.52312e+006 4 77
1.52312e+006 1 2
1.52349e+006 2 2
1.52362e+006 4 132
1.52362e+006 1 2
1.52398e+006 2 2
1.52412e+006 4 137
1.52412e+006 1 2
1.52451e+006 2 2
1.52462e+006 4 111
1.52462e+006 1 2
1.525e+006 2 2
1.52512e+006 4 123
1.52512e+006 1 2
1.52551e+006 2 2
1.52562e+006 4 112
1.52562e+006 1 2
1.52598e+006 2 2
1.52639e+006 2 2
1.52679e+006 2 2
1.5273e+006 2 2
1.52777e+006 2 2
1.52824e+006 2 2
1.52874e+006 2 2
1.5292e+006 2 2
1.52967e+006 2 2
1.53015e+006 2 2
1.53062e+006 2 2
1.53108e+006 2 2
1.53157e+006 2 2
1.53203e+006 2 2
1.53248e+006 2 2
1.53297e+006 2 2
1.53343e+006 2 2
1.5339e+006 2 2
1.53439e+006 2 2
1.53487e+006 2 2
1.53535e+006 2 2
1.5409e+006 1 4
1.54115e+006 1 4
1.54139e+006 2 4
1.5414e+006 4 13
1.5414e+006 1 4
1.54163e+006 2 4
1.54165e+006 4 26
1.54165e+006 1 4
1.54188e+006 2 4
1.5419e+006 4 23
1.5419e+006 1 4
1.54215e+006 2 4
1.54216e+006 4 9
1.54216e+006 1 4
1.5424e+006 2 4
1.54241e+006 4 7
1.54241e+006 1 4
1.54262e+006 2 4
1.54266e+006 4 42
1.54266e+006 1 4
1.54291e+006 2 4
1.54291e+006 4 3
1.54291e+006 1 4
1.54315e+006 2 4
1.54316e+006 4 7
1.54316e+006 1 4
1.54341e+006 2 4
1.54341e+006 4 5
1.54341e+006 1 4
1.54366e+006 1 4
1.54366e+006 4 -4
1.54367e+006 2 4
1.54391e+006 1 4
1.54391e+006 4 -3
1.54392e+006 2 4
1.54417e+006 1 4
1.54417e+006 4 -9
1.54417e+006 2 4
1.54442e+006 1 4
1.54442e+006 4 -8
1.54442e+006 2 4
1.54467e+006 2 4
1.54467e+006 4 2
1.54467e+006 1 4
1.5449e+006 2 4
1.54492e+006 4 20
1.54492e+006 1 4
1.54517e+006 1 4
1.54517e+006 4 -1
1.54517e+006 2 4
1.54542e+006 1 4
1.54542e+006 4 -6
1.54543e+006 2 4
1.54567e+006 2 4
1.54567e+006 4 5
1.54567e+006 1 4
1.54592e+006 2 4
1.54592e+006 4 3
1.54592e+006 1 4
1.54617e+006 1 4
1.54617e+006 4 -7
1.54618e+006 2 4
1.54643e+006 1 4
1.54643e+006 4 -6
1.54643e+006 2 4
1.54668e+006 1 4
1.54668e+006 4 -15
1.54669e+006 2 4
1.54693e+006 1 4
1.54693e+006 4 -23
1.54695e+006 2 4
1.54718e+006 1 4
1.54718e+006 4 -0
1.54718e+006 2 4
1.54743e+006 1 4
1.54743e+006 4 -2
1.54743e+006 2 4
1.54768e+006 2 4
1.54768e+006 4 2
1.54768e+006 1 4
1.54793e+006 2 4
1.54793e+006 4 3
1.54793e+006 1 4
1.54818e+006 1 4
1.54818e+006 4 -4
1.54819e+006 2 4
1.54843e+006 1 4
1.5487e+006 2 4
1.54894e+006 2 4
1.54919e+006 2 4
1.54944e+006 2 4
1.54969e+006 2 4
1.54994e+006 2 4
1.55019e+006 2 4
1.55043e+006 2 4
1.55068e+006 2 4
1.55094e+006 2 4
1.55118e+006 2 4
1.55144e+006 2 4
1.5517e+006 2 4
1.55195e+006 2 4
1.55218e+006 2 4
1.55244e+006 2 4
1.55269e+006 2 4
1.55295e+006 2 4
1.5532e+006 2 4
1.55344e+006 2 4
1.55946e+006 1 1
1.55946e+006 4 -359
1.55982e+006 2 1
1.56046e+006 1 1
1.56046e+006 4 -166
1.56062e+006 2 1
1.56139e+006 2 1
1.56146e+006 4 75
1.56146e+006 1 1
1.56227e+006 2 1
1.56246e+006 4 195
1.56246e+006 1 1
1.5633e+006 2 1
1.56346e+006 4 164
1.56346e+006 1 1
1.56431e+006 2 1
1.56446e+006 4 150
1.56446e+006 1 1
1.56541e+006 2 1
1.56546e+006 4 52
1.56546e+006 1 1
1.56642e+006 2 1
1.56647e+006 4 44
1.56647e+006 1 1
1.56737e+006 2 1
1.56747e+006 4 94
1.56747e+006 1 1
1.56836e+006 2 1
1.56847e+006 4 106
1.56847e+006 1 1
1.56935e+006 2 1
1.56947e+006 4 118
1.56947e+006 1 1
1.57037e+006 2 1
1.57047e+006 4 102
1.57047e+006 1 1
1.57143e+006 2 1
1.57147e+006 4 37
1.57147e+006 1 1
1.5724e+006 2 1
1.57247e+006 4 73
1.57247e+006 1 1
1.5734e+006 2 1
1.57347e+006 4 75
1.57347e+006 1 1
1.57441e+006 2 1
1.57448e+006 4 69
1.57448e+006 1 1
1.57543e+006 2 1
1.57548e+006 4 46
1.57548e+006 1 1
1.57643e+006 2 1
1.57648e+006 4 50
1.57648e+006 1 1
1.57738e+006 2 1
1.57748e+006 4 97
1.57748e+006 1 1
1.57835e+006 2 1
1.57848e+006 4 129
1.57848e+006 1 1
1.57935e+006 2 1
1.57948e+006 4 130
1.57948e+006 1 1
1.58032e+006 2 1
1.58048e+006 4 162
1.58048e+006 1 1
1.5813e+006 2 1
1.58148e+006 4 180
1.58148e+006 1 1
1.5823e+006 2 1
1.58248e+006 4 184
1.58248e+006 1 1
1.58328e+006 2 1
1.58349e+006 4 208
1.58349e+006 1 1
1.58427e+006 2 1
1.58449e+006 4 215
1.58449e+006 1 1
1.58532e+006 2 1
1.58624e+006 2 1
1.58708e+006 2 1
1.58797e+006 2 1
1.58888e+006 2 1
1.58981e+006 2 1
1.59071e+006 2 1
1.5916e+006 2 1
1.59244e+006 2 1
1.59328e+006 2 1
1.59406e+006 2 1
1.59478e+006 2 1
1.59556e+006 2 1
1.59665e+006 2 1
1.59751e+006 2 1
1.59833e+006 2 1
1.59913e+006 2 1
1.5999e+006 2 1
1.60067e+006 2 1
1.60145e+006 2 1
1.60221e+006 2 1
1.60303e+006 2 1
1.60386e+006 2 1
1.61018e+006 1 1.5
1.61055e+006 2 1.5
1.61084e+006 4 292
1.61084e+006 1 1.5
1.61084e+006 4 -203
1.61105e+006 2 1.5
1.61151e+006 1 1.5
1.61151e+006 4 -70
1.61158e+006 2 1.5
1.61216e+006 2 1.5
1.61218e+006 4 14
1.61218e+006 1 1.5
1.61279e+006 2 1.5
1.61284e+006 4 53
1.61284e+006 1 1.5
1.61349e+006 2 1.5
1.61351e+006 4 22
1.61351e+006 1 1.5
1.61414e+006 2 1.5
1.61418e+006 4 43
1.61418e+006 1 1.5
1.61478e+006 2 1.5
1.61485e+006 4 64
1.61485e+006 1 1.5
1.61541e+006 2 1.5
1.61551e+006 4 99
1.61551e+006 1 1.5
1.61613e+006 2 1.5
1.61618e+006 4 54
1.61618e+006 1 1.5
1.61675e+006 2 1.5
1.61685e+006 4 100
1.61685e+006 1 1.5
1.61743e+006 2 1.5
1.61751e+006 4 88
1.61751e+006 1 1.5
1.61805e+006 2 1.5
1.61818e+006 4 130
1.61818e+006 1 1.5
1.6188e+006 2 1.5
1.61885e+006 4 46
1.61885e+006 1 1.5
1.61943e+006 2 1.5
1.61952e+006 4 86
1.61952e+006 1 1.5
1.62011e+006 2 1.5
1.62018e+006 4 71
1.62018e+006 1 1.5
1.62077e+006 2 1.5
1.62085e+006 4 76
1.62085e+006 1 1.5
1.62146e+006 2 1.5
1.62152e+006 4 57
1.62152e+006 1 1.5
1.6221e+006 2 1.5
1.62218e+006 4 81
1.62218e+006 1 1.5
1.62276e+006 2 1.5
1.62285e+006 4 96
1.62285e+006 1 1.5
1.62343e+006 2 1.5
1.62352e+006 4 86
1.62352e+006 1 1.5
1.62409e+006 2 1.5
1.62419e+006 4 92
1.62419e+006 1 1.5
1.62479e+006 2 1.5
1.62485e+006 4 64
1.62485e+006 1 1.5
1.62549e+006 2 1.5
1.62552e+006 4 29
1.62552e+006 1 1.5
1.62612e+006 2 1.5
1.62619e+006 4 68
1.62619e+006 1 1.5
1.6268e+006 2 1.5
1.62686e+006 4 60
1.62686e+006 1 1.5
1.62747e+006 2 1.5
1.62752e+006 4 56
1.62752e+006 1 1.5
1.62807e+006 2 1.5
1.62862e+006 2 1.5
1.62925e+006 2 1.5
1.6299e+006 2 1.5
1.63061e+006 2 1.5
1.63127e+006 2 1.5
1.63195e+006 2 1.5
1.63267e+006 2 1.5
1.63338e+006 2 1.5
1.63403e+006 2 1.5
1.63475e+006 2 1.5
1.63541e+006 2 1.5
1.63609e+006 2 1.5
1.63678e+006 2 1.5
1.63745e+006 2 1.5
1.63809e+006 2 1.5
1.63873e+006 2 1.5
1.63935e+006 2 1.5
1.63998e+006 2 1.5
1.64067e+006 2 1.5
1.6462e+006 1 3
1.64653e+006 1 3
1.64653e+006 4 -30
1.64656e+006 2 3
1.64687e+006 2 3
1.64687e+006 4 2
1.64687e+006 1 3
1.64717e+006 2 3
1.6472e+006 4 30
1.6472e+006 1 3
1.64753e+006 2 3
1.64754e+006 4 7
1.64754e+006 1 3
1.64785e+006 2 3
1.64787e+006 4 17
1.64787e+006 1 3
1.64821e+006 1 3
1.64821e+006 4 -12
1.64822e+006 2 3
1.64854e+006 1 3
1.64854e+006 4 -40
1.64858e+006 2 3
1.64887e+006 1 3
1.64887e+006 4 -42
1.64892e+006 2 3
1.64921e+006 1 3
1.64921e+006 4 -72
1.64928e+006 2 3
1.64954e+006 1 3
1.64954e+006 4 -86
1.64963e+006 2 3
1.64988e+006 1 3
1.64988e+006 4 -93
1.64997e+006 2 3
1.65021e+006 1 3
1.65021e+006 4 -102
1.65031e+006 2 3
1.65054e+006 1 3
1.65054e+006 4 -90
1.65063e+006 2 3
1.65088e+006 1 3
1.65088e+006 4 -92
1.65097e+006 2 3
1.65121e+006 1 3
1.65121e+006 4 -77
1.65129e+006 2 3
1.65155e+006 1 3
1.65155e+006 4 -72
1.65162e+006 2 3
1.65188e+006 1 3
1.65188e+006 4 -57
1.65194e+006 2 3
1.65222e+006 1 3
1.65222e+006 4 -43
1.65226e+006 2 3
1.65255e+006 1 3
1.65255e+006 4 -26
1.65258e+006 2 3
1.65287e+006 2 3
1.65288e+006 4 15
1.65288e+006 1 3
1.65321e+006 2 3
1.65322e+006 4 11
1.65322e+006 1 3
1.65354e+006 2 3
1.65355e+006 4 10
1.65355e+006 1 3
1.65385e+006 2 3
1.65389e+006 4 31
1.65389e+006 1 3
1.65422e+006 1 3
1.65456e+006 2 3
1.65489e+006 2 3
1.65522e+006 2 3
1.65557e+006 2 3
1.6559e+006 2 3
1.65623e+006 2 3
1.65657e+006 2 3
1.65691e+006 2 3
1.65724e+006 2 3
1.65759e+006 2 3
1.65791e+006 2 3
1.65825e+006 2 3
1.65858e+006 2 3
1.65891e+006 2 3
1.65925e+006 2 3
1.65961e+006 2 3
1.65994e+006 2 3
1.66028e+006 2 3
1.66061e+006 2 3
1688309 3 1613
1.68831e+006 5 150
1.68881e+006 1 2
1.68881e+006 4 -246
1.68906e+006 2 2
1.68931e+006 1 2
1.68931e+006 4 -21
1.68933e+006 2 2
1.68974e+006 2 2
1.68981e+006 4 75
1.68981e+006 1 2
1.69025e+006 2 2
1.69031e+006 4 60
1.69031e+006 1 2
1.69075e+006 2 2
1.69082e+006 4 63
1.69082e+006 1 2
1.69121e+006 2 2
1.69132e+006 4 110
1.69132e+006 1 2
1.69173e+006 2 2
1.69182e+006 4 92
1.69182e+006 1 2
1.69223e+006 2 2
1.69232e+006 4 90
1.69232e+006 1 2
1.69275e+006 2 2
1.69282e+006 4 71
1.69282e+006 1 2
1.69325e+006 2 2
1.69332e+006 4 70
1.69332e+006 1 2
1.69375e+006 2 2
1.69382e+006 4 76
1.69382e+006 1 2
1.69425e+006 2 2
1.69432e+006 4 75
1.69432e+006 1 2
1.69475e+006 2 2
1.69482e+006 4 69
1.69482e+006 1 2
1.69525e+006 2 2
1.69532e+006 4 77
1.69532e+006 1 2
1.69574e+006 2 2
1.69583e+006 4 86
1.69583e+006 1 2
1.69622e+006 2 2
1.69633e+006 4 109
1.69633e+006 1 2
1.69675e+006 2 2
1.69683e+006 4 83
1.69683e+006 1 2
1.69724e+006 2 2
1.69733e+006 4 91
1.69733e+006 1 2
1.69769e+006 2 2
1.69783e+006 4 140
1.69783e+006 1 2
1.69822e+006 2 2
1.69833e+006 4 112
1.69833e+006 1 2
1.69868e+006 2 2
1.69883e+006 4 156
1.69883e+006 1 2
1.69916e+006 2 2
1.69933e+006 4 175
1.69933e+006 1 2
1.69968e+006 2 2
1.69984e+006 4 159
1.69984e+006 1 2
1.70015e+006 2 2
1.70034e+006 4 185
1.70034e+006 1 2
1.70066e+006 2 2
1.70084e+006 4 177
1.70084e+006 1 2
1.70115e+006 2 2
1.70165e+006 2 2
1.70214e+006 2 2
1.70264e+006 2 2
1.70311e+006 2 2
1.70359e+006 2 2
1.70409e+006 2 2
1.70458e+006 2 2
1.70505e+006 2 2
1.70552e+006 2 2
1.706e+006 2 2
1.70648e+006 2 2
1.70695e+006 2 2
1.70741e+006 2 2
1.70788e+006 2 2
1.70836e+006 2 2
1.7089e+006 2 2
1.70945e+006 2 2
1.71007e+006 2 2
1.71068e+006 2 2
1.71606e+006 1 5
1.71626e+006 1 5
1.71626e+006 4 -90
1.71635e+006 2 5
1.71646e+006 1 5
1.71659e+006 2 5
1.71666e+006 4 70
1.71666e+006 1 5
1.71679e+006 2 5
1.71687e+006 4 81
1.71687e+006 1 5
1.71698e+006 2 5
1.71707e+006 4 86
1.71707e+006 1 5
1.71707e+006 4 -100
1.71717e+006 2 5
1.71727e+006 1 5
1.71727e+006 4 -85
1.71735e+006 2 5
1.71747e+006 1 5
1.71747e+006 4 -69
1.71754e+006 2 5
1.71767e+006 1 5
1.71767e+006 4 -60
1.71773e+006 2 5
1.71787e+006 1 5
1.71787e+006 4 -46
1.71792e+006 2 5
1.71807e+006 1 5
1.71807e+006 4 -30
1.7181e+006 2 5
1.71827e+006 1 5
1.71827e+006 4 -21
1.71829e+006 2 5
1.71847e+006 1 5
1.71847e+006 4 -18
1.71849e+006 2 5
1.71868e+006 1 5
1.71868e+006 4 -16
1.71869e+006 2 5
1.71888e+006 1 5
1.71888e+006 4 -12
1.71889e+006 2 5
1.71908e+006 1 5
1.71908e+006 4 -16
1.71909e+006 2 5
1.71928e+006 1 5
1.71928e+006 4 -34
1.71931e+006 2 5
1.71948e+006 1 5
1.71948e+006 4 -25
1.7195e+006 2 5
1.71968e+006 1 5
1.71968e+006 4 -7
1.71969e+006 2 5
1.71988e+006 2 5
1.71988e+006 4 3
1.71988e+006 1 5
1.72008e+006 1 5
1.72008e+006 4 -8
1.72009e+006 2 5
1.72028e+006 1 5
1.72028e+006 4 -17
1.7203e+006 2 5
1.72048e+006 1 5
1.72048e+006 4 -15
1.7205e+006 2 5
1.72069e+006 1 5
1.72069e+006 4 -14
1.7207e+006 2 5
1.72089e+006 1 5
1.72089e+006 4 -22
1.72091e+006 2 5
1.72109e+006 1 5
1.72109e+006 4 -19
1.72111e+006 2 5
1.72129e+006 1 5
1.7215e+006 2 5
1.7217e+006 2 5
1.72191e+006 2 5
1.72211e+006 2 5
1.72232e+006 2 5
1.72252e+006 2 5
1.72271e+006 2 5
1.7229e+006 2 5
1.7231e+006 2 5
1.72329e+006 2 5
1.72349e+006 2 5
1.72368e+006 2 5
1.72388e+006 2 5
1.72407e+006 2 5
1.72427e+006 2 5
1.72448e+006 2 5
1.72468e+006 2 5
1.72488e+006 2 5
1.72509e+006 2 5
1.72528e+006 2 5
1.73231e+006 1 0.5
1.73231e+006 4 -317
1.73263e+006 2 0.5
1.73431e+006 1 0.5
1.73431e+006 4 -190
1.7345e+006 2 0.5
1.7361e+006 2 0.5
1.73631e+006 4 218
1.73631e+006 1 0.5
1.7383e+006 2 0.5
1.73831e+006 4 11
1.73831e+006 1 0.5
1.74023e+006 2 0.5
1.74032e+006 4 90
1.74032e+006 1 0.5
1.74217e+006 2 0.5
1.74232e+006 4 148
1.74232e+006 1 0.5
1.74425e+006 2 0.5
1.74432e+006 4 71
1.74432e+006 1 0.5
1.7462e+006 2 0.5
1.74632e+006 4 123
1.74632e+006 1 0.5
1.74816e+006 2 0.5
1.74832e+006 4 165
1.74832e+006 1 0.5
1.75017e+006 2 0.5
1.75032e+006 4 154
1.75032e+006 1 0.5
1.75227e+006 2 0.5
1.75232e+006 4 52
1.75232e+006 1 0.5
1.7542e+006 2 0.5
1.75432e+006 4 127
1.75432e+006 1 0.5
1.75627e+006 2 0.5
1.75632e+006 4 50
1.75632e+006 1 0.5
1.75818e+006 2 0.5
1.75833e+006 4 143
1.75833e+006 1 0.5
1.76006e+006 2 0.5
1.76033e+006 4 266
1.76033e+006 1 0.5
1.76214e+006 2 0.5
1.76233e+006 4 186
1.76233e+006 1 0.5
1.76409e+006 2 0.5
1.76433e+006 4 234
1.76433e+006 1 0.5
1.7662e+006 2 0.5
1.76633e+006 4 135
1.76633e+006 1 0.5
1.76819e+006 2 0.5
1.76833e+006 4 139
1.76833e+006 1 0.5
1.77023e+006 2 0.5
1.77033e+006 4 109
1.77033e+006 1 0.5
1.77215e+006 2 0.5
1.77234e+006 4 187
1.77234e+006 1 0.5
1.77416e+006 2 0.5
1.77434e+006 4 175
1.77434e+006 1 0.5
1.77623e+006 2 0.5
1.77634e+006 4 108
1.77634e+006 1 0.5
1.77823e+006 2 0.5
1.77834e+006 4 113
1.77834e+006 1 0.5
1.7803e+006 2 0.5
1.78034e+006 4 38
1.78034e+006 1 0.5
1.78221e+006 2 0.5
1.78234e+006 4 131
1.78234e+006 1 0.5
1.78412e+006 2 0.5
1.78434e+006 4 226
1.78434e+006 1 0.5
1.78619e+006 2 0.5
1.78825e+006 2 0.5
1.79014e+006 2 0.5
1.79214e+006 2 0.5
1.79421e+006 2 0.5
1.79613e+006 2 0.5
1.79814e+006 2 0.5
1.80009e+006 2 0.5
1.8021e+006 2 0.5
1.80409e+006 2 0.5
1.80611e+006 2 0.5
1.80811e+006 2 0.5
1.81013e+006 2 0.5
1.81225e+006 2 0.5
1.81438e+006 2 0.5
1.81644e+006 2 0.5
1.8185e+006 2 0.5
1.82072e+006 2 0.5
1.8228e+006 2 0.5
1.83003e+006 1 1.5
1.83003e+006 4 -328
1.83036e+006 2 1.5
1.8307e+006 1 1.5
1.8307e+006 4 -179
1.83088e+006 2 1.5
1.83134e+006 2 1.5
1.83137e+006 4 27
1.83137e+006 1 1.5
1.832e+006 2 1.5
1.83203e+006 4 35
1.83203e+006 1 1.5
1.83262e+006 2 1.5
1.8327e+006 4 80
1.8327e+006 1 1.5
1.83328e+006 2 1.5
1.83337e+006 4 89
1.83337e+006 1 1.5
1.83392e+006 2 1.5
1.83403e+006 4 116
1.83403e+006 1 1.5
1.83457e+006 2 1.5
1.8347e+006 4 135
1.8347e+006 1 1.5
1.83516e+006 2 1.5
1.83537e+006 4 207
1.83537e+006 1 1.5
1.83579e+006 2 1.5
1.83604e+006 4 247
1.83604e+006 1 1.5
1.83642e+006 2 1.5
1.8367e+006 4 287
1.8367e+006 1 1.5
1.8372e+006 2 1.5
1.83737e+006 4 175
1.83737e+006 1 1.5
1.83792e+006 2 1.5
1.83804e+006 4 117
1.83804e+006 1 1.5
1.8386e+006 2 1.5
1.83871e+006 4 111
1.83871e+006 1 1.5
1.83929e+006 2 1.5
1.83937e+006 4 85
1.83937e+006 1 1.5
1.83993e+006 2 1.5
1.84004e+006 4 113
1.84004e+006 1 1.5
1.84063e+006 2 1.5
1.84071e+006 4 82
1.84071e+006 1 1.5
1.84117e+006 2 1.5
1.84138e+006 4 202
1.84138e+006 1 1.5
1.84177e+006 2 1.5
1.84204e+006 4 269
1.84204e+006 1 1.5
1.84239e+006 2 1.5
1.84271e+006 4 323
1.84271e+006 1 1.5
1.84271e+006 4 -311
1.84302e+006 2 1.5
1.84338e+006 1 1.5
1.84338e+006 4 -273
1.84365e+006 2 1.5
1.84404e+006 1 1.5
1.84404e+006 4 -283
1.84433e+006 2 1.5
1.84471e+006 1 1.5
1.84471e+006 4 -317
1.84503e+006 2 1.5
1.84538e+006 1 1.5
1.84538e+006 4 -306
1.84569e+006 2 1.5
1.84605e+006 1 1.5
1.84638e+006 2 1.5
1.84671e+006 4 330
1.84671e+006 1 1.5
1.84706e+006 2 1.5
1.84761e+006 2 1.5
1.84826e+006 2 1.5
1.84895e+006 2 1.5
1.84964e+006 2 1.5
1.85037e+006 2 1.5
1.85101e+006 2 1.5
1.8517e+006 2 1.5
1.8524e+006 2 1.5
1.85312e+006 2 1.5
1.85377e+006 2 1.5
1.8545e+006 2 1.5
1.85519e+006 2 1.5
1.85594e+006 2 1.5
1.85657e+006 2 1.5
1.85732e+006 2 1.5
1.85803e+006 2 1.5
1.85874e+006 2 1.5
1.85941e+006 2 1.5
1.86531e+006 1 4
1.86556e+006 1 4
1.86569e+006 2 4
1.86581e+006 4 118
1.86581e+006 1 4
1.86594e+006 2 4
1.86606e+006 4 122
1.86606e+006 1 4
1.86606e+006 4 -86
1.86615e+006 2 4
1.86631e+006 1 4
1.86631e+006 4 -55
1.86637e+006 2 4
1.86656e+006 1 4
1.86656e+006 4 -26
1.86659e+006 2 4
1.86681e+006 1 4
1.86681e+006 4 -9
1.86682e+006 2 4
1.86706e+006 1 4
1.86706e+006 4 -0
1.86706e+006 2 4
1.86732e+006 1 4
1.86732e+006 4 -2
1.86732e+006 2 4
1.86757e+006 1 4
1.86757e+006 4 -3
1.86757e+006 2 4
1.86782e+006 2 4
1.86782e+006 4 3
1.86782e+006 1 4
1.86807e+006 1 4
1.86807e+006 4 -13
1.86808e+006 2 4
1.86832e+006 1 4
1.86832e+006 4 -10
1.86833e+006 2 4
1.86857e+006 1 4
1.86857e+006 4 -20
1.86859e+006 2 4
1.86882e+006 1 4
1.86882e+006 4 -29
1.86885e+006 2 4
1.86907e+006 1 4
1.86907e+006 4 -12
1.86909e+006 2 4
1.86933e+006 1 4
1.86933e+006 4 -0
1.86933e+006 2 4
1.86957e+006 2 4
1.86958e+006 4 6
1.86958e+006 1 4
1.86983e+006 1 4
1.86983e+006 4 -7
1.86983e+006 2 4
1.87008e+006 1 4
1.87008e+006 4 -3
1.87008e+006 2 4
1.87032e+006 2 4
1.87033e+006 4 15
1.87033e+006 1 4
1.87058e+006 2 4
1.87058e+006 4 6
1.87058e+006 1 4
1.87081e+006 2 4
1.87083e+006 4 23
1.87083e+006 1 4
1.87107e+006 2 4
1.87108e+006 4 18
1.87108e+006 1 4
1.87132e+006 2 4
1.87133e+006 4 18
1.87133e+006 1 4
1.87158e+006 2 4
1.87159e+006 4 3
1.87159e+006 1 4
1.87183e+006 2 4
1.87184e+006 4 6
1.87184e+006 1 4
1.87208e+006 2 4
1.87209e+006 4 11
1.87209e+006 1 4
1.87233e+006 2 4
1.87234e+006 4 8
1.87234e+006 1 4
1.87256e+006 2 4
1.87259e+006 4 33
1.87259e+006 1 4
1.87281e+006 2 4
1.87284e+006 4 31
1.87284e+006 1 4
1.87308e+006 2 4
1.87309e+006 4 18
1.87309e+006 1 4
1.87332e+006 2 4
1.87334e+006 4 23
1.87334e+006 1 4
1.87357e+006 2 4
1.8736e+006 4 27
1.8736e+006 1 4
1.87383e+006 2 4
1.87409e+006 2 4
1.87435e+006 2 4
1.8746e+006 2 4
1.87483e+006 2 4
1.87507e+006 2 4
1.87531e+006 2 4
1.87554e+006 2 4
1.87577e+006 2 4
1.876e+006 2 4
1.87622e+006 2 4
1.87646e+006 2 4
1.8767e+006 2 4
1.87693e+006 2 4
1.87716e+006 2 4
1.87738e+006 2 4
1.8776e+006 2 4
1.87782e+006 2 4
1.87805e+006 2 4
1.87826e+006 2 4
1.87848e+006 2 4
1.88395e+006 1 3
1.88422e+006 2 3
1.88429e+006 4 62
1.88429e+006 1 3
1.88456e+006 2 3
1.88462e+006 4 64
1.88462e+006 1 3
1.88489e+006 2 3
1.88495e+006 4 66
1.88495e+006 1 3
1.88526e+006 2 3
1.88529e+006 4 26
1.88529e+006 1 3
1.88557e+006 2 3
1.88562e+006 4 49
1.88562e+006 1 3
1.88591e+006 2 3
1.88596e+006 4 47
1.88596e+006 1 3
1.88625e+006 2 3
1.88629e+006 4 43
1.88629e+006 1 3
1.88659e+006 2 3
1.88662e+006 4 38
1.88662e+006 1 3
1.8869e+006 2 3
1.88696e+006 4 57
1.88696e+006 1 3
1.88721e+006 2 3
1.88729e+006 4 78
1.88729e+006 1 3
1.88755e+006 2 3
1.88763e+006 4 80
1.88763e+006 1 3
1.88789e+006 2 3
1.88796e+006 4 75
1.88796e+006 1 3
1.88821e+006 2 3
1.8883e+006 4 82
1.8883e+006 1 3
1.88857e+006 2 3
1.88863e+006 4 62
1.88863e+006 1 3
1.88891e+006 2 3
1.88896e+006 4 55
1.88896e+006 1 3
1.88925e+006 2 3
1.8893e+006 4 52
1.8893e+006 1 3
1.88959e+006 2 3
1.88963e+006 4 41
1.88963e+006 1 3
1.88991e+006 2 3
1.88997e+006 4 57
1.88997e+006 1 3
1.89024e+006 2 3
1.8903e+006 4 58
1.8903e+006 1 3
1.89057e+006 2 3
1.89063e+006 4 62
1.89063e+006 1 3
1.89087e+006 2 3
1.89097e+006 4 96
1.89097e+006 1 3
1.89121e+006 2 3
1.8913e+006 4 95
1.8913e+006 1 3
1.89152e+006 2 3
1.89164e+006 4 120
1.89164e+006 1 3
1.89184e+006 2 3
1.89197e+006 4 134
1.89197e+006 1 3
1.89215e+006 2 3
1.89231e+006 4 160
1.89231e+006 1 3
1.89231e+006 4 -150
1.89246e+006 2 3
1.89264e+006 1 3
1.89264e+006 4 -90
1.89273e+006 2 3
1.89297e+006 1 3
1.89297e+006 4 -27
1.893e+006 2 3
1.89328e+006 2 3
1.89331e+006 4 33
1.89331e+006 1 3
1.89356e+006 2 3
1.89389e+006 2 3
1.89418e+006 2 3
1.89445e+006 2 3
1.89473e+006 2 3
1.895e+006 2 3
1.89527e+006 2 3
1.89554e+006 2 3
1.8958e+006 2 3
1.89606e+006 2 3
1.89632e+006 2 3
1.89662e+006 2 3
1.8969e+006 2 3
1.89718e+006 2 3
1.89748e+006 2 3
1.89777e+006 2 3
1.89804e+006 2 3
1.8983e+006 2 3
1.89858e+006 2 3
1.89884e+006 2 3
1.89911e+006 2 3
1.89939e+006 2 3
1.8997e+006 2 3
1.90599e+006 1 1
1.90599e+006 4 -387
1.90638e+006 2 1
1.90699e+006 1 1
1.90699e+006 4 -208
1.9072e+006 2 1
1.90799e+006 1 1
1.90799e+006 4 -6
1.908e+006 2 1
1.90891e+006 2 1
1.909e+006 4 90
1.909e+006 1 1
1.90992e+006 2 1
1.91e+006 4 76
1.91e+006 1 1
1.91093e+006 2 1
1.911e+006 4 64
1.911e+006 1 1
1.91183e+006 2 1
1.912e+006 4 171
1.912e+006 1 1
1.91282e+006 2 1
1.913e+006 4 175
1.913e+006 1 1
1.91378e+006 2 1
1.914e+006 4 222
1.914e+006 1 1
1.91473e+006 2 1
1.915e+006 4 271
1.915e+006 1 1
1.91582e+006 2 1
1.916e+006 4 183
1.916e+006 1 1
1.91685e+006 2 1
1.91701e+006 4 159
1.91701e+006 1 1
1.91784e+006 2 1
1.91801e+006 4 165
1.91801e+006 1 1
1.91883e+006 2 1
1.91901e+006 4 182
1.91901e+006 1 1
1.91983e+006 2 1
1.92001e+006 4 178
1.92001e+006 1 1
1.92085e+006 2 1
1.92101e+006 4 158
1.92101e+006 1 1
1.92188e+006 2 1
1.92201e+006 4 130
1.92201e+006 1 1
1.92291e+006 2 1
1.92301e+006 4 100
1.92301e+006 1 1
1.9239e+006 2 1
1.92401e+006 4 116
1.92401e+006 1 1
1.92493e+006 2 1
1.92502e+006 4 87
1.92502e+006 1 1
1.92592e+006 2 1
1.92602e+006 4 97
1.92602e+006 1 1
1.92684e+006 2 1
1.92702e+006 4 181
1.92702e+006 1 1
1.92788e+006 2 1
1.92802e+006 4 136
1.92802e+006 1 1
1.92889e+006 2 1
1.92902e+006 4 135
1.92902e+006 1 1
1.92994e+006 2 1
1.93002e+006 4 85
1.93002e+006 1 1
1.93092e+006 2 1
1.93102e+006 4 107
1.93102e+006 1 1
1.93191e+006 2 1
1.93202e+006 4 117
1.93202e+006 1 1
1.9329e+006 2 1
1.93303e+006 4 121
1.93303e+006 1 1
1.93395e+006 2 1
1.93403e+006 4 82
1.93403e+006 1 1
1.93494e+006 2 1
1.93503e+006 4 90
1.93503e+006 1 1
1.93597e+006 2 1
1.93603e+006 4 65
1.93603e+006 1 1
1.93698e+006 2 1
1.93703e+006 4 51
1.93703e+006 1 1
1.93796e+006 2 1
1.93907e+006 2 1
1.94011e+006 2 1
1.94117e+006 2 1
1.94223e+006 2 1
1.94329e+006 2 1
1.94437e+006 2 1
1.94545e+006 2 1
1.94644e+006 2 1
1.94752e+006 2 1
1.94858e+006 2 1
1.94966e+006 2 1
1.95073e+006 2 1
1.95187e+006 2 1
1.95301e+006 2 1
1.95406e+006 2 1
1.95517e+006 2 1
1.95631e+006 2 1
1988008 3 1951
1.98801e+006 5 90
