38799 5 120
39674 1 4
39926 1 4
40177 1 4
40428 1 4
40679 1 4
40930 1 4
41182 1 4
41434 1 4
41685 1 4
41936 1 4
42187 1 4
42438 1 4
42689 1 4
42940 1 4
53463 1 2
53964 1 2
54466 1 2
54967 1 2
55469 1 2
55971 1 2
56472 1 2
56973 1 2
57475 1 2
57977 1 2
58478 1 2
58979 1 2
59480 1 2
59982 1 2
60483 1 2
60985 1 2
61486 1 2
61987 1 2
62488 1 2
62989 1 2
63491 1 2
63992 1 2
64493 1 2
64995 1 2
65496 1 2
65997 1 2
66498 1 2
67000 1 2
67501 1 2
68002 1 2
68503 1 2
69004 1 2
69505 1 2
86632 1 0.5
88634 1 0.5
90635 1 0.5
92636 1 0.5
94637 1 0.5
96638 1 0.5
98639 1 0.5
100640 1 0.5
102641 1 0.5
104643 1 0.5
106645 1 0.5
108646 1 0.5
110647 1 0.5
112648 1 0.5
114649 1 0.5
116650 1 0.5
118651 1 0.5
120652 1 0.5
122654 1 0.5
124656 1 0.5
126657 1 0.5
128658 1 0.5
130660 1 0.5
132661 1 0.5
134662 1 0.5
136663 1 0.5
182787 1 1
183788 1 1
184790 1 1
185792 1 1
186794 1 1
187795 1 1
188796 1 1
189797 1 1
190798 1 1
191800 1 1
192802 1 1
193803 1 1
194804 1 1
195806 1 1
196808 1 1
197809 1 1
198811 1 1
199812 1 1
200813 1 1
201814 1 1
202816 1 1
203817 1 1
204819 1 1
205820 1 1
206821 1 1
207822 1 1
208824 1 1
209825 1 1
210826 1 1
211827 1 1
212828 1 1
213829 1 1
214831 1 1
215832 1 1
241623 1 1.5
242291 1 1.5
242958 1 1.5
243625 1 1.5
244292 1 1.5
244959 1 1.5
245626 1 1.5
246293 1 1.5
246960 1 1.5
247627 1 1.5
248295 1 1.5
248963 1 1.5
249630 1 1.5
250297 1 1.5
250964 1 1.5
251632 1 1.5
252300 1 1.5
252968 1 1.5
253635 1 1.5
254302 1 1.5
254970 1 1.5
255638 1 1.5
256305 1 1.5
256972 1 1.5
257639 1 1.5
258306 1 1.5
258974 1 1.5
259642 1 1.5
260309 1 1.5
260976 1 1.5
261643 1 1.5
262310 1 1.5
262977 1 1.5
281520 1 5
281721 1 5
281922 1 5
282124 1 5
282325 1 5
282526 1 5
282727 1 5
282928 1 5
283130 1 5
283331 1 5
283532 1 5
283733 1 5
283934 1 5
284135 1 5
284336 1 5
284537 1 5
284738 1 5
284939 1 5
285140 1 5
285341 1 5
285542 1 5
285743 1 5
285944 1 5
286145 1 5
286346 1 5
286547 1 5
295902 1 3
296236 1 3
296570 1 3
296904 1 3
297238 1 3
297572 1 3
297906 1 3
298240 1 3
298574 1 3
298909 1 3
299243 1 3
299577 1 3
299911 1 3
300245 1 3
300579 1 3
300913 1 3
301247 1 3
301581 1 3
301915 1 3
302249 1 3
302583 1 3
302917 1 3
303251 1 3
303585 1 3
303919 1 3
304253 1 3
304587 1 3
304921 1 3
459668 3 17
459668 5 30
459870 1 5
460071 1 5
460272 1 5
460473 1 5
460674 1 5
460875 1 5
461076 1 5
461277 1 5
461478 1 5
461679 1 5
461880 1 5
462081 1 5
462282 1 5
462483 1 5
462684 1 5
462885 1 5
463086 1 5
463287 1 5
463488 1 5
463689 1 5
463890 1 5
463945 2 5
463890 4 -55
464091 1 5
464125 2 5
464091 4 -34
464292 1 5
464295 2 5
464292 4 -3
464459 2 5
464493 1 5
464493 4 34
464633 2 5
464694 1 5
464694 4 61
464804 2 5
464895 1 5
464895 4 91
464999 2 5
465140 1 5
465292 2 5
465341 1 5
465341 4 49
465743 2 5
465939 2 5
466116 2 5
466286 2 5
466435 2 5
466594 2 5
466751 2 5
466908 2 5
467068 2 5
467217 2 5
467374 2 5
467522 2 5
467679 2 5
467828 2 5
467978 2 5
468115 2 5
468269 2 5
468431 2 5
468565 2 5
468723 2 5
468881 2 5
469038 2 5
469186 2 5
469326 2 5
475029 1 1.5
475696 1 1.5
476363 1 1.5
477030 1 1.5
477697 1 1.5
478364 1 1.5
479031 1 1.5
479698 1 1.5
480365 1 1.5
481032 1 1.5
481699 1 1.5
482366 1 1.5
483033 1 1.5
483700 1 1.5
484367 1 1.5
485034 1 1.5
485701 1 1.5
486368 1 1.5
487035 1 1.5
487702 1 1.5
488369 1 1.5
489036 1 1.5
489703 1 1.5
490370 1 1.5
491037 1 1.5
491704 1 1.5
492371 1 1.5
493038 1 1.5
493705 1 1.5
494372 1 1.5
495039 1 1.5
495706 1 1.5
514298 1 4
514549 1 4
514800 1 4
515051 1 4
515302 1 4
515553 1 4
515804 1 4
516055 1 4
516306 1 4
516557 1 4
516808 1 4
517059 1 4
517310 1 4
517561 1 4
517812 1 4
518063 1 4
518314 1 4
518565 1 4
518816 1 4
519067 1 4
519318 1 4
519569 1 4
519820 1 4
520071 1 4
520322 1 4
520573 1 4
520824 1 4
521075 1 4
521326 1 4
531848 1 2
532349 1 2
532850 1 2
533351 1 2
533852 1 2
534353 1 2
534854 1 2
535355 1 2
535856 1 2
536357 1 2
536858 1 2
537359 1 2
537860 1 2
538361 1 2
538862 1 2
539363 1 2
539864 1 2
540365 1 2
540866 1 2
541367 1 2
541868 1 2
542369 1 2
542870 1 2
543371 1 2
543872 1 2
544373 1 2
544874 1 2
560337 1 3
560671 1 3
561005 1 3
561339 1 3
561673 1 3
562007 1 3
562341 1 3
562675 1 3
563009 1 3
563343 1 3
563677 1 3
564011 1 3
564345 1 3
564679 1 3
565013 1 3
565347 1 3
565681 1 3
566015 1 3
566349 1 3
566683 1 3
567017 1 3
567351 1 3
567685 1 3
568019 1 3
568353 1 3
568687 1 3
569021 1 3
569355 1 3
569689 1 3
570023 1 3
570357 1 3
570691 1 3
583373 1 1
584374 1 1
585375 1 1
586376 1 1
587377 1 1
588378 1 1
589379 1 1
590380 1 1
591381 1 1
592382 1 1
593383 1 1
594384 1 1
595385 1 1
596386 1 1
597387 1 1
598388 1 1
599389 1 1
600390 1 1
601391 1 1
602392 1 1
603393 1 1
604394 1 1
605395 1 1
606396 1 1
607397 1 1
608398 1 1
609399 1 1
610400 1 1
611401 1 1
612402 1 1
639528 1 0.5
641529 1 0.5
643530 1 0.5
645531 1 0.5
647532 1 0.5
649533 1 0.5
651534 1 0.5
653535 1 0.5
655536 1 0.5
657537 1 0.5
659538 1 0.5
661539 1 0.5
663540 1 0.5
665541 1 0.5
667542 1 0.5
669543 1 0.5
671544 1 0.5
673546 1 0.5
675550 1 0.5
677551 1 0.5
679552 1 0.5
681553 1 0.5
683554 1 0.5
685555 1 0.5
687556 1 0.5
689557 1 0.5
755925 3 50
755925 5 90
756126 1 5
756327 1 5
756528 1 5
756729 1 5
756930 1 5
757131 1 5
757332 1 5
757533 1 5
757734 1 5
757935 1 5
758136 1 5
758337 1 5
758538 1 5
758739 1 5
758940 1 5
759141 1 5
759342 1 5
759543 1 5
759744 1 5
759945 1 5
760146 1 5
760347 1 5
760548 1 5
760749 1 5
760950 1 5
761151 1 5
761352 1 5
761553 1 5
761754 1 5
761955 1 5
762156 1 5
762357 1 5
762558 1 5
762759 1 5
772114 1 3
772448 1 3
772782 1 3
773116 1 3
773450 1 3
773784 1 3
774118 1 3
774452 1 3
774786 1 3
775120 1 3
775454 1 3
775788 1 3
776122 1 3
776456 1 3
776790 1 3
777124 1 3
777458 1 3
777792 1 3
778126 1 3
778460 1 3
778794 1 3
779128 1 3
779462 1 3
779796 1 3
780130 1 3
780464 1 3
792396 1 4
792647 1 4
792898 1 4
793149 1 4
793400 1 4
793651 1 4
793902 1 4
794153 1 4
794404 1 4
794655 1 4
794906 1 4
795157 1 4
795408 1 4
795659 1 4
795910 1 4
796161 1 4
796412 1 4
796663 1 4
796914 1 4
797165 1 4
797416 1 4
797667 1 4
797918 1 4
798169 1 4
798420 1 4
798671 1 4
798922 1 4
799173 1 4
799424 1 4
799675 1 4
799926 1 4
800177 1 4
800428 1 4
812450 1 0.5
814451 1 0.5
816452 1 0.5
818453 1 0.5
820454 1 0.5
822455 1 0.5
824456 1 0.5
826457 1 0.5
828458 1 0.5
830459 1 0.5
832460 1 0.5
834461 1 0.5
836462 1 0.5
838463 1 0.5
840464 1 0.5
842465 1 0.5
844466 1 0.5
846467 1 0.5
848468 1 0.5
850469 1 0.5
852470 1 0.5
854473 1 0.5
856474 1 0.5
858475 1 0.5
860476 1 0.5
862477 1 0.5
864478 1 0.5
866479 1 0.5
868480 1 0.5
914604 1 1
915605 1 1
916606 1 1
917607 1 1
918608 1 1
919609 1 1
920610 1 1
921611 1 1
922612 1 1
923613 1 1
924614 1 1
925615 1 1
926616 1 1
927617 1 1
928618 1 1
929619 1 1
930620 1 1
931621 1 1
932622 1 1
933623 1 1
934624 1 1
935625 1 1
936626 1 1
937627 1 1
938628 1 1
939629 1 1
940630 1 1
941631 1 1
967153 1 2
967654 1 2
968155 1 2
968656 1 2
969157 1 2
969659 1 2
970160 1 2
970661 1 2
971162 1 2
971663 1 2
972164 1 2
972665 1 2
973166 1 2
973667 1 2
974168 1 2
974669 1 2
975170 1 2
975671 1 2
976172 1 2
976673 1 2
977174 1 2
977675 1 2
978176 1 2
978677 1 2
979178 1 2
979679 1 2
980180 1 2
980681 1 2
981182 1 2
981683 1 2
982184 1 2
982685 1 2
983186 1 2
983687 1 2
999375 1 1.5
1000042 1 1.5
1000709 1 1.5
1001376 1 1.5
1002043 1 1.5
1002710 1 1.5
1003377 1 1.5
1004044 1 1.5
1004711 1 1.5
1005378 1 1.5
1006045 1 1.5
1006712 1 1.5
1007379 1 1.5
1008046 1 1.5
1008713 1 1.5
1009380 1 1.5
1010047 1 1.5
1010714 1 1.5
1011381 1 1.5
1012048 1 1.5
1012715 1 1.5
1013382 1 1.5
1014049 1 1.5
1014716 1 1.5
1015383 1 1.5
1016050 1 1.5
1016717 1 1.5
1079137 3 51
1079137 5 60
1079339 1 5
1079540 1 5
1079741 1 5
1079942 1 5
1080143 1 5
1080344 1 5
1080545 1 5
1080746 1 5
1080947 1 5
1081148 1 5
1081349 1 5
1081550 1 5
1081751 1 5
1081952 1 5
1082153 1 5
1082354 1 5
1082555 1 5
1082756 1 5
1082957 1 5
1083158 1 5
1083359 1 5
1083560 1 5
1083761 1 5
1083962 1 5
1084163 1 5
1084364 1 5
1084565 1 5
1084766 1 5
1084967 1 5
1094594 1 2
1095095 1 2
1095596 1 2
1096097 1 2
1096598 1 2
1097099 1 2
1097600 1 2
1098101 1 2
1098602 1 2
1099103 1 2
1099604 1 2
1100105 1 2
1100606 1 2
1101107 1 2
1101608 1 2
1102109 1 2
1102610 1 2
1103111 1 2
1103612 1 2
1104113 1 2
1104614 1 2
1105115 1 2
1105616 1 2
1106117 1 2
1106618 1 2
1107119 1 2
1107620 1 2
1108121 1 2
1123809 1 1.5
1124476 1 1.5
1125143 1 1.5
1125810 1 1.5
1126477 1 1.5
1127144 1 1.5
1127811 1 1.5
1128478 1 1.5
1129145 1 1.5
1129812 1 1.5
1130479 1 1.5
1131146 1 1.5
1131813 1 1.5
1132480 1 1.5
1133147 1 1.5
1133814 1 1.5
1134481 1 1.5
1135148 1 1.5
1135815 1 1.5
1136482 1 1.5
1137149 1 1.5
1137816 1 1.5
1138483 1 1.5
1139150 1 1.5
1139817 1 1.5
1140484 1 1.5
1160826 1 0.5
1162827 1 0.5
1164828 1 0.5
1166829 1 0.5
1168830 1 0.5
1170831 1 0.5
1172832 1 0.5
1174833 1 0.5
1176834 1 0.5
1178835 1 0.5
1180836 1 0.5
1182837 1 0.5
1184838 1 0.5
1186839 1 0.5
1188840 1 0.5
1190841 1 0.5
1192842 1 0.5
1194843 1 0.5
1196844 1 0.5
1198845 1 0.5
1200846 1 0.5
1202847 1 0.5
1204848 1 0.5
1206849 1 0.5
1208850 1 0.5
1210851 1 0.5
1212852 1 0.5
1214853 1 0.5
1260208 1 3
1260542 1 3
1260876 1 3
1261210 1 3
1261544 1 3
1261878 1 3
1262212 1 3
1262546 1 3
1262880 1 3
1263214 1 3
1263548 1 3
1263882 1 3
1264216 1 3
1264550 1 3
1264884 1 3
1265218 1 3
1265552 1 3
1265886 1 3
1266220 1 3
1266554 1 3
1266888 1 3
1267222 1 3
1267556 1 3
1267890 1 3
1268224 1 3
1268558 1 3
1268892 1 3
1269226 1 3
1269560 1 3
1269894 1 3
1282576 1 1
1283577 1 1
1284578 1 1
1285579 1 1
1286580 1 1
1287581 1 1
1288582 1 1
1289583 1 1
1290584 1 1
1291585 1 1
1292586 1 1
1293587 1 1
1294588 1 1
1295589 1 1
1296590 1 1
1297591 1 1
1298592 1 1
1299593 1 1
1300594 1 1
1301595 1 1
1302596 1 1
1303597 1 1
1304598 1 1
1305599 1 1
1306600 1 1
1307601 1 1
1308602 1 1
1309603 1 1
1310604 1 1
1311605 1 1
1312606 1 1
1337984 1 4
1338235 1 4
1338486 1 4
1338737 1 4
1338988 1 4
1339239 1 4
1339490 1 4
1339741 1 4
1339992 1 4
1340243 1 4
1340494 1 4
1340745 1 4
1340996 1 4
1341247 1 4
1341498 1 4
1341749 1 4
1342000 1 4
1342251 1 4
1342502 1 4
1342753 1 4
1343004 1 4
1343255 1 4
1343506 1 4
1343757 1 4
1344008 1 4
1344259 1 4
1344510 1 4
1344761 1 4
1345012 1 4
1345263 1 4
1345514 1 4
