442217 5 120
442567 1 4
442819 1 4
443070 1 4
443321 1 4
443572 1 4
443823 1 4
443854 2 4
443823 4 -31
444075 1 4
444137 2 4
444075 4 -62
444326 1 4
444357 2 4
444326 4 -31
444572 2 4
444577 1 4
444577 4 5
444814 2 4
444828 1 4
444828 4 14
445079 1 4
445095 2 4
445079 4 -16
445330 1 4
445368 2 4
445330 4 -38
445581 1 4
445591 2 4
445581 4 -10
445823 2 4
445833 1 4
445833 4 10
446084 1 4
446091 2 4
446084 4 -7
446336 1 4
446366 2 4
446336 4 -30
446587 1 4
446620 2 4
446587 4 -33
446839 1 4
446859 2 4
446839 4 -20
447090 1 4
447094 2 4
447090 4 -4
447332 2 4
447341 1 4
447341 4 9
447579 2 4
447593 1 4
447593 4 14
447825 2 4
447844 1 4
447844 4 19
448079 2 4
448095 1 4
448095 4 16
448354 2 4
448939 2 4
449574 2 4
450243 2 4
450948 2 4
451624 2 4
452315 2 4
453039 2 4
460219 1 0.5
460529 2 0.5
460219 4 -310
462220 1 0.5
462448 2 0.5
462220 4 -228
464221 1 0.5
464381 2 0.5
464221 4 -160
466215 2 0.5
466223 1 0.5
466223 4 8
468225 1 0.5
468340 2 0.5
468225 4 -115
470226 1 0.5
470339 2 0.5
470226 4 -113
472228 1 0.5
472232 2 0.5
472228 4 -4
474230 1 0.5
474356 2 0.5
474230 4 -126
475987 2 0.5
476232 1 0.5
476232 4 245
478233 1 0.5
478268 2 0.5
478233 4 -35
480235 1 0.5
480286 2 0.5
480235 4 -51
482237 1 0.5
482283 2 0.5
482237 4 -46
484145 2 0.5
484239 1 0.5
484239 4 94
486232 2 0.5
486240 1 0.5
486240 4 8
488241 1 0.5
488397 2 0.5
488241 4 -156
490242 1 0.5
490301 2 0.5
490242 4 -59
492243 1 0.5
492266 2 0.5
492243 4 -23
494244 1 0.5
494264 2 0.5
494244 4 -20
496245 1 0.5
496389 2 0.5
496245 4 -144
498246 1 0.5
498330 2 0.5
498246 4 -84
500147 2 0.5
500247 1 0.5
500247 4 100
502249 1 0.5
502263 2 0.5
502249 4 -14
504250 1 0.5
504350 2 0.5
504250 4 -100
506251 1 0.5
506314 2 0.5
506251 4 -63
508252 1 0.5
508274 2 0.5
508252 4 -22
510254 1 0.5
510393 2 0.5
510254 4 -139
512256 1 0.5
512289 2 0.5
512256 4 -33
514257 1 0.5
516209 2 0.5
518370 2 0.5
520722 2 0.5
523415 2 0.5
526236 2 0.5
560042 1 1.5
560709 1 1.5
560939 2 1.5
560709 4 -230
561376 1 1.5
561480 2 1.5
561376 4 -104
562043 1 1.5
562093 2 1.5
562043 4 -50
562710 1 1.5
562721 2 1.5
562710 4 -11
563377 1 1.5
563417 2 1.5
563377 4 -40
564044 1 1.5
564086 2 1.5
564044 4 -42
564711 1 1.5
564730 2 1.5
564711 4 -19
565374 2 1.5
565378 1 1.5
565378 4 4
566039 2 1.5
566045 1 1.5
566045 4 6
566673 2 1.5
566712 1 1.5
566712 4 39
567326 2 1.5
567379 1 1.5
567379 4 53
568031 2 1.5
568046 1 1.5
568046 4 15
568711 2 1.5
568713 1 1.5
568713 4 2
569358 2 1.5
569380 1 1.5
569380 4 22
570020 2 1.5
570047 1 1.5
570047 4 27
570677 2 1.5
570714 1 1.5
570714 4 37
571368 2 1.5
571381 1 1.5
571381 4 13
572015 2 1.5
572049 1 1.5
572049 4 34
572687 2 1.5
572716 1 1.5
572716 4 29
573316 2 1.5
573384 1 1.5
573384 4 68
574011 2 1.5
574052 1 1.5
574052 4 41
574685 2 1.5
574720 1 1.5
574720 4 35
575360 2 1.5
575387 1 1.5
575387 4 27
575999 2 1.5
576054 1 1.5
576054 4 55
576682 2 1.5
576721 1 1.5
576721 4 39
577356 2 1.5
577388 1 1.5
577388 4 32
578019 2 1.5
578055 1 1.5
578055 4 36
578631 2 1.5
578722 1 1.5
578722 4 91
579329 2 1.5
580089 2 1.5
581057 2 1.5
582142 2 1.5
583261 2 1.5
584524 2 1.5
585966 2 1.5
588070 2 1.5
590371 2 1.5
597565 1 2
598051 2 2
598066 1 2
598066 4 15
598494 2 2
598567 1 2
598567 4 73
599040 2 2
599069 1 2
599069 4 29
599542 2 2
599570 1 2
599570 4 28
600041 2 2
600071 1 2
600071 4 30
600531 2 2
600572 1 2
600572 4 41
601034 2 2
601073 1 2
601073 4 39
601549 2 2
601574 1 2
601574 4 25
602037 2 2
602075 1 2
602075 4 38
602564 2 2
602576 1 2
602576 4 12
603029 2 2
603078 1 2
603078 4 49
603519 2 2
603580 1 2
603580 4 61
604037 2 2
604081 1 2
604081 4 44
604564 2 2
604582 1 2
604582 4 18
605025 2 2
605083 1 2
605083 4 58
605492 2 2
605584 1 2
605584 4 92
605987 2 2
606085 1 2
606085 4 98
606533 2 2
606586 1 2
606586 4 53
607046 2 2
607087 1 2
607087 4 41
607545 2 2
607588 1 2
607588 4 43
608043 2 2
608089 1 2
608089 4 46
608537 2 2
608590 1 2
608590 4 53
609031 2 2
609091 1 2
609091 4 60
609558 2 2
609592 1 2
609592 4 34
610031 2 2
610093 1 2
610093 4 62
610512 2 2
610594 1 2
610594 4 82
611026 2 2
611550 2 2
612095 2 2
612643 2 2
613252 2 2
613832 2 2
614404 2 2
614404 3 471
614408 2 2
625817 1 5
626018 1 5
626147 2 5
626219 1 5
626219 4 72
626408 2 5
626420 1 5
626420 4 12
626600 2 5
626622 1 5
626622 4 22
626817 2 5
626824 1 5
626824 4 7
627026 1 5
627026 2 5
627026 4 -0
627227 1 5
627233 2 5
627227 4 -6
627428 1 5
627435 2 5
627428 4 -7
627629 1 5
627632 2 5
627629 4 -3
627831 1 5
627839 2 5
627831 4 -8
628033 1 5
628035 2 5
628033 4 -2
628217 2 5
628234 1 5
628234 4 17
628430 2 5
628436 1 5
628436 4 6
628637 1 5
628647 2 5
628637 4 -10
628839 1 5
628852 2 5
628839 4 -13
629041 1 5
629047 2 5
629041 4 -6
629242 1 5
629262 2 5
629242 4 -20
629443 1 5
629457 2 5
629443 4 -14
629645 1 5
629650 2 5
629645 4 -5
629846 1 5
629848 2 5
629846 4 -2
630048 1 5
630057 2 5
630048 4 -9
630250 1 5
630265 2 5
630250 4 -15
630451 1 5
630480 2 5
630451 4 -29
630653 1 5
630689 2 5
630653 4 -36
630854 1 5
630876 2 5
630854 4 -22
631055 1 5
631075 2 5
631055 4 -20
631256 1 5
631267 2 5
631256 4 -11
631458 1 5
631465 2 5
631458 4 -7
631659 1 5
631670 2 5
631659 4 -11
631860 1 5
631871 2 5
631860 4 -11
632061 1 5
632264 2 5
632455 2 5
632793 2 5
633144 2 5
633501 2 5
633858 2 5
634247 2 5
634652 2 5
635060 2 5
635498 2 5
635951 2 5
641418 1 3
641720 2 3
641752 1 3
641752 4 32
642086 1 3
642124 2 3
642086 4 -38
642404 2 3
642420 1 3
642420 4 16
642726 2 3
642754 1 3
642754 4 28
643005 2 3
643088 1 3
643088 4 83
643331 2 3
643422 1 3
643422 4 91
643702 2 3
643757 1 3
643757 4 55
644085 2 3
644091 1 3
644091 4 6
644413 2 3
644426 1 3
644426 4 13
644738 2 3
644761 1 3
644761 4 23
645047 2 3
645095 1 3
645095 4 48
645404 2 3
645429 1 3
645429 4 25
645748 2 3
645764 1 3
645764 4 16
646052 2 3
646099 1 3
646099 4 47
646393 2 3
646433 1 3
646433 4 40
646729 2 3
646767 1 3
646767 4 38
647080 2 3
647101 1 3
647101 4 21
647404 2 3
647435 1 3
647435 4 31
647732 2 3
647769 1 3
647769 4 37
648071 2 3
648103 1 3
648103 4 32
648407 2 3
648437 1 3
648437 4 30
648717 2 3
648772 1 3
648772 4 55
649057 2 3
649106 1 3
649106 4 49
649411 2 3
649440 1 3
649440 4 29
649731 2 3
649774 1 3
649774 4 43
650065 2 3
650108 1 3
650108 4 43
650399 2 3
650745 2 3
651250 2 3
651754 2 3
652315 2 3
652911 2 3
653535 2 3
654191 2 3
654873 2 3
655551 2 3
656232 2 3
662792 1 1
663080 2 1
662792 4 -288
663794 1 1
663979 2 1
663794 4 -185
664795 1 1
664805 2 1
664795 4 -10
665751 2 1
665796 1 1
665796 4 45
666764 2 1
666798 1 1
666798 4 34
667783 2 1
667799 1 1
667799 4 16
668715 2 1
668800 1 1
668800 4 85
669742 2 1
669801 1 1
669801 4 59
670748 2 1
670802 1 1
670802 4 54
671773 2 1
671803 1 1
671803 4 30
672804 1 1
672805 2 1
672804 4 -1
673771 2 1
673806 1 1
673806 4 35
674747 2 1
674807 1 1
674807 4 60
675754 2 1
675808 1 1
675808 4 54
676748 2 1
676809 1 1
676809 4 61
677672 2 1
677810 1 1
677810 4 138
678717 2 1
678811 1 1
678811 4 94
679701 2 1
679813 1 1
679813 4 112
680740 2 1
680814 1 1
680814 4 74
681770 2 1
681816 1 1
681816 4 46
682779 2 1
682818 1 1
682818 4 39
683811 2 1
683819 1 1
683819 4 8
684821 1 1
684825 2 1
684821 4 -4
685823 1 1
685859 2 1
685823 4 -36
686825 1 1
686863 2 1
686825 4 -38
687826 1 1
687843 2 1
687826 4 -17
688827 1 1
688836 2 1
688827 4 -9
689829 1 1
689847 2 1
689829 4 -18
690768 2 1
690830 1 1
690830 4 62
691828 2 1
691831 1 1
691831 4 3
692815 2 1
693908 2 1
695284 2 1
696857 2 1
698388 2 1
700121 2 1
702112 2 1
819414 3 587
819413 5 30
820416 1 1
821079 2 1
821417 1 1
821417 4 338
821656 2 1
821417 4 -239
822401 2 1
822418 1 1
822418 4 17
823419 1 1
823687 2 1
823419 4 -268
824420 1 1
824464 2 1
824420 4 -44
825422 1 1
825451 2 1
825422 4 -29
826386 2 1
826423 1 1
826423 4 37
827423 2 1
827425 1 1
827425 4 2
828426 1 1
828476 2 1
828426 4 -50
829389 2 1
829427 1 1
829427 4 38
830417 2 1
830428 1 1
830428 4 11
831429 1 1
831440 2 1
831429 4 -11
832431 1 1
832474 2 1
832431 4 -43
833398 2 1
833432 1 1
833432 4 34
834410 2 1
834433 1 1
834433 4 23
835434 1 1
835435 2 1
835434 4 -1
836436 1 1
836475 2 1
836436 4 -39
837386 2 1
837437 1 1
837437 4 51
838420 2 1
838438 1 1
838438 4 18
839374 2 1
839439 1 1
839439 4 65
840440 1 1
840508 2 1
840440 4 -68
841441 1 1
841452 2 1
841441 4 -11
842442 1 1
842442 2 1
842442 4 -0
843415 2 1
843443 1 1
843443 4 28
844408 2 1
844444 1 1
844444 4 36
845438 2 1
845445 1 1
845445 4 7
846561 2 1
847663 2 1
848831 2 1
849956 2 1
851058 2 1
852186 2 1
853334 2 1
854521 2 1
855687 2 1
856807 2 1
857974 2 1
859168 2 1
860413 2 1
861656 2 1
862956 2 1
864193 2 1
865348 2 1
872569 1 0.5
872939 2 0.5
872569 4 -370
874571 1 0.5
874728 2 0.5
874571 4 -157
876573 1 0.5
876788 2 0.5
876573 4 -215
878575 1 0.5
878727 2 0.5
878575 4 -152
880576 1 0.5
880765 2 0.5
880576 4 -189
882577 1 0.5
882593 2 0.5
882577 4 -16
884579 1 0.5
884698 2 0.5
884579 4 -119
886485 2 0.5
886580 1 0.5
886580 4 95
888581 1 0.5
888624 2 0.5
888581 4 -43
890518 2 0.5
890583 1 0.5
890583 4 65
892537 2 0.5
892584 1 0.5
892584 4 47
894345 2 0.5
894585 1 0.5
894585 4 240
896586 1 0.5
896915 2 0.5
896586 4 -329
898587 1 0.5
898714 2 0.5
898587 4 -127
900589 1 0.5
900761 2 0.5
900589 4 -172
902591 1 0.5
902871 2 0.5
902591 4 -280
904592 1 0.5
904805 2 0.5
904592 4 -213
906593 1 0.5
906767 2 0.5
906593 4 -174
908594 1 0.5
908711 2 0.5
908594 4 -117
910490 2 0.5
910596 1 0.5
910596 4 106
912577 2 0.5
912597 1 0.5
912597 4 20
914598 1 0.5
914750 2 0.5
914598 4 -152
916584 2 0.5
916599 1 0.5
916599 4 15
918492 2 0.5
918601 1 0.5
918601 4 109
920602 1 0.5
922603 1 0.5
922742 2 0.5
922603 4 -139
924605 1 0.5
924617 2 0.5
924605 4 -12
926606 1 0.5
926736 2 0.5
926606 4 -130
928557 2 0.5
928608 1 0.5
928608 4 51
930609 1 0.5
930755 2 0.5
930609 4 -146
932610 1 0.5
932678 2 0.5
932610 4 -68
934612 1 0.5
934757 2 0.5
934612 4 -145
936613 1 0.5
936794 2 0.5
936613 4 -181
938614 1 0.5
940861 2 0.5
943161 2 0.5
945539 2 0.5
947788 2 0.5
950059 2 0.5
952248 2 0.5
954182 2 0.5
956272 2 0.5
958438 2 0.5
960605 2 0.5
963231 2 0.5
984137 1 2
984536 2 2
984638 1 2
984638 4 102
985006 2 2
985139 1 2
985139 4 133
985534 2 2
985640 1 2
985640 4 106
986100 2 2
986141 1 2
986141 4 41
986570 2 2
986642 1 2
986642 4 72
987108 2 2
987144 1 2
987144 4 36
987587 2 2
987645 1 2
987645 4 58
988072 2 2
988146 1 2
988146 4 74
988555 2 2
988647 1 2
988647 4 92
989051 2 2
989148 1 2
989148 4 97
989547 2 2
989650 1 2
989650 4 103
990122 2 2
990151 1 2
990151 4 29
990653 1 2
990665 2 2
990653 4 -12
991102 2 2
991154 1 2
991154 4 52
991611 2 2
991655 1 2
991655 4 44
992043 2 2
992156 1 2
992156 4 113
992597 2 2
992657 1 2
992657 4 60
993059 2 2
993159 1 2
993159 4 100
993547 2 2
993660 1 2
993660 4 113
994070 2 2
994162 1 2
994162 4 92
994617 2 2
994664 1 2
994664 4 47
995122 2 2
995165 1 2
995165 4 43
995620 2 2
995666 1 2
995666 4 46
996124 2 2
996168 1 2
996168 4 44
996639 2 2
996669 1 2
996669 4 30
997099 2 2
997170 1 2
997170 4 71
997548 2 2
997671 1 2
997671 4 123
998036 2 2
998172 1 2
998172 4 136
998555 2 2
998993 2 2
999387 2 2
999749 2 2
1000101 2 2
1000438 2 2
1000754 2 2
1001061 2 2
1001339 2 2
1001589 2 2
1001851 2 2
1002102 2 2
1002367 2 2
1002615 2 2
1002898 2 2
1003146 2 2
1003423 2 2
1003677 2 2
1003941 2 2
1004216 2 2
1004488 2 2
1004831 2 2
1005105 2 2
1005362 2 2
1005633 2 2
1005916 2 2
1006180 2 2
1006451 2 2
1006713 2 2
1006974 2 2
1007238 2 2
1007501 2 2
1007765 2 2
1008027 2 2
1008286 2 2
1013629 1 3
1013963 1 3
1014071 2 3
1013963 4 -108
1014297 1 3
1014370 2 3
1014297 4 -73
1014631 1 3
1014657 2 3
1014631 4 -26
1014918 2 3
1014966 1 3
1014966 4 48
1015237 2 3
1015300 1 3
1015300 4 63
1015573 2 3
1015634 1 3
1015634 4 61
1015949 2 3
1015968 1 3
1015968 4 19
1016280 2 3
1016302 1 3
1016302 4 22
1016589 2 3
1016637 1 3
1016637 4 48
1016920 2 3
1016972 1 3
1016972 4 52
1017306 1 3
1017309 2 3
1017306 4 -3
1017622 2 3
1017640 1 3
1017640 4 18
1017906 2 3
1017974 1 3
1017974 4 68
1018236 2 3
1018308 1 3
1018308 4 72
1018595 2 3
1018642 1 3
1018642 4 47
1018910 2 3
1018977 1 3
1018977 4 67
1019248 2 3
1019311 1 3
1019311 4 63
1019600 2 3
1019645 1 3
1019645 4 45
1019940 2 3
1019979 1 3
1019979 4 39
1020235 2 3
1020313 1 3
1020313 4 78
1020562 2 3
1020647 1 3
1020647 4 85
1020935 2 3
1020981 1 3
1020981 4 46
1021295 2 3
1021315 1 3
1021315 4 20
1021607 2 3
1021649 1 3
1021649 4 42
1021943 2 3
1021984 1 3
1021984 4 41
1022228 2 3
1022318 1 3
1022318 4 90
1022556 2 3
1022652 1 3
1022652 4 96
1022897 2 3
1022987 1 3
1022987 4 90
1023244 2 3
1023321 1 3
1023321 4 77
1023617 2 3
1023655 1 3
1023655 4 38
1023955 2 3
1023990 1 3
1023990 4 35
1024266 2 3
1024324 1 3
1024324 4 58
1024588 2 3
1024897 2 3
1025183 2 3
1025488 2 3
1025767 2 3
1026053 2 3
1026342 2 3
1026616 2 3
1026862 2 3
1027137 2 3
1027406 2 3
1027661 2 3
1027945 2 3
1028214 2 3
1028501 2 3
1028762 2 3
1029039 2 3
1029305 2 3
1029585 2 3
1029847 2 3
1030152 2 3
1030405 2 3
1030710 2 3
1030961 2 3
1036257 1 4
1036508 1 4
1036630 2 4
1036508 4 -122
1036759 1 4
1036899 2 4
1037010 1 4
1037010 4 111
1037135 2 4
1037010 4 -125
1037262 1 4
1037335 2 4
1037262 4 -73
1037513 1 4
1037549 2 4
1037513 4 -36
1037750 2 4
1037765 1 4
1037765 4 15
1037983 2 4
1038016 1 4
1038016 4 33
1038244 2 4
1038268 1 4
1038268 4 24
1038477 2 4
1038520 1 4
1038520 4 43
1038750 2 4
1038771 1 4
1038771 4 21
1039015 2 4
1039022 1 4
1039022 4 7
1039253 2 4
1039273 1 4
1039273 4 20
1039481 2 4
1039524 1 4
1039524 4 43
1039738 2 4
1039775 1 4
1039775 4 37
1039998 2 4
1040026 1 4
1040026 4 28
1040253 2 4
1040277 1 4
1040277 4 24
1040493 2 4
1040528 1 4
1040528 4 35
1040744 2 4
1040780 1 4
1040780 4 36
1041001 2 4
1041031 1 4
1041031 4 30
1041241 2 4
1041282 1 4
1041282 4 41
1041485 2 4
1041533 1 4
1041533 4 48
1041742 2 4
1041784 1 4
1041784 4 42
1042003 2 4
1042035 1 4
1042035 4 32
1042260 2 4
1042286 1 4
1042286 4 26
1042500 2 4
1042733 2 4
1042980 2 4
1043208 2 4
1043464 2 4
1043699 2 4
1043937 2 4
1044177 2 4
1044413 2 4
1044647 2 4
1044899 2 4
1045140 2 4
1045396 2 4
1045624 2 4
1045868 2 4
1046105 2 4
1046340 2 4
1046581 2 4
1046815 2 4
1047056 2 4
1047294 2 4
1052509 1 5
1052710 1 5
1052797 2 5
1052710 4 -87
1052911 1 5
1053028 2 5
1053112 1 5
1053112 4 84
1053222 2 5
1053313 1 5
1053313 4 91
1053404 2 5
1053313 4 -91
1053514 1 5
1053596 2 5
1053514 4 -82
1053715 1 5
1053771 2 5
1053715 4 -56
1053916 1 5
1053961 2 5
1053916 4 -45
1054118 1 5
1054139 2 5
1054118 4 -21
1054320 1 5
1054324 2 5
1054320 4 -4
1054512 2 5
1054521 1 5
1054521 4 9
1054722 1 5
1054723 2 5
1054722 4 -1
1054923 1 5
1054926 2 5
1054923 4 -3
1055124 1 5
1055125 2 5
1055124 4 -1
1055321 2 5
1055325 1 5
1055325 4 4
1055511 2 5
1055526 1 5
1055526 4 15
1055710 2 5
1055728 1 5
1055728 4 18
1055913 2 5
1055930 1 5
1055930 4 17
1056112 2 5
1056131 1 5
1056131 4 19
1056311 2 5
1056332 1 5
1056332 4 21
1056512 2 5
1056533 1 5
1056533 4 21
1056713 2 5
1056734 1 5
1056734 4 21
1056917 2 5
1056935 1 5
1056935 4 18
1057119 2 5
1057136 1 5
1057136 4 17
1057312 2 5
1057338 1 5
1057338 4 26
1057520 2 5
1057539 1 5
1057539 4 19
1057727 2 5
1057740 1 5
1057740 4 13
1057928 2 5
1057941 1 5
1057941 4 13
1058126 2 5
1058142 1 5
1058142 4 16
1058318 2 5
1058526 2 5
1058734 2 5
1058934 2 5
1059142 2 5
1059358 2 5
1059574 2 5
1059782 2 5
1059999 2 5
1060190 2 5
1060392 2 5
1060592 2 5
1060798 2 5
1061020 2 5
1061235 2 5
1061454 2 5
1061670 2 5
1061908 2 5
1067832 1 1.5
1068265 2 1.5
1068499 1 1.5
1068499 4 234
1068691 2 1.5
1068499 4 -192
1069166 1 1.5
1069192 2 1.5
1069166 4 -26
1069833 1 1.5
1069837 2 1.5
1069833 4 -4
1070425 2 1.5
1070501 1 1.5
1070501 4 76
1071081 2 1.5
1071169 1 1.5
1071169 4 88
1071782 2 1.5
1071836 1 1.5
1071836 4 54
1072352 2 1.5
1072504 1 1.5
1072504 4 152
1073034 2 1.5
1073171 1 1.5
1073171 4 137
1073687 2 1.5
1073838 1 1.5
1073838 4 151
1074355 2 1.5
1074505 1 1.5
1074505 4 150
1075005 2 1.5
1075173 1 1.5
1075173 4 168
1075723 2 1.5
1075840 1 1.5
1075840 4 117
1076437 2 1.5
1076507 1 1.5
1076507 4 70
1077155 2 1.5
1077174 1 1.5
1077174 4 19
1077756 2 1.5
1077842 1 1.5
1077842 4 86
1078447 2 1.5
1078509 1 1.5
1078509 4 62
1079141 2 1.5
1079176 1 1.5
1079176 4 35
1079745 2 1.5
1079844 1 1.5
1079844 4 99
1080350 2 1.5
1080511 1 1.5
1080511 4 161
1081070 2 1.5
1081178 1 1.5
1081178 4 108
1081799 2 1.5
1081845 1 1.5
1081845 4 46
1082465 3 906
1082467 2 1.5
1082512 1 1.5
1082512 4 45
1083179 1 1.5
1083552 2 1.5
1083846 1 1.5
1083846 4 294
1084072 2 1.5
1083846 4 -226
1084513 1 1.5
1084547 2 1.5
1084513 4 -34
1085162 2 1.5
1085180 1 1.5
1085180 4 18
1085765 2 1.5
1086392 2 1.5
1087016 2 1.5
1087635 2 1.5
1088226 2 1.5
1088852 2 1.5
1089406 2 1.5
1089954 2 1.5
1090515 2 1.5
1091077 2 1.5
1091611 2 1.5
1092123 2 1.5
1092648 2 1.5
1093140 2 1.5
1093607 2 1.5
1094038 2 1.5
1094455 2 1.5
1094839 2 1.5
1095216 2 1.5
1095587 2 1.5
1095954 2 1.5
1096332 2 1.5
1096687 2 1.5
1097047 2 1.5
1097409 2 1.5
1097765 2 1.5
1098108 2 1.5
1098477 2 1.5
1177069 3 939
1177068 5 90
1179072 1 0.5
1179603 2 0.5
1179072 4 -531
1181074 1 0.5
1181267 2 0.5
1181074 4 -193
1182985 2 0.5
1183076 1 0.5
1183076 4 91
1184801 2 0.5
1185077 1 0.5
1185077 4 276
1186872 2 0.5
1187078 1 0.5
1187078 4 206
1189079 1 0.5
1189226 2 0.5
1189079 4 -147
1191080 1 0.5
1191565 2 0.5
1191080 4 -485
1193081 1 0.5
1193215 2 0.5
1193081 4 -134
1195082 1 0.5
1195182 2 0.5
1195082 4 -100
1197084 1 0.5
1197115 2 0.5
1197084 4 -31
1199086 1 0.5
1199157 2 0.5
1199086 4 -71
1200949 2 0.5
1201088 1 0.5
1201088 4 139
1202993 2 0.5
1203089 1 0.5
1203089 4 96
1205090 1 0.5
1205231 2 0.5
1205090 4 -141
1207092 1 0.5
1207312 2 0.5
1207092 4 -220
1209093 1 0.5
1209123 2 0.5
1209093 4 -30
1211094 1 0.5
1211175 2 0.5
1211094 4 -81
1213041 2 0.5
1213096 1 0.5
1213096 4 55
1214902 2 0.5
1215097 1 0.5
1215097 4 195
1216811 2 0.5
1217099 1 0.5
1217099 4 288
1219101 1 0.5
1219208 2 0.5
1219101 4 -107
1220820 2 0.5
1221102 1 0.5
1221102 4 282
1223103 1 0.5
1223104 2 0.5
1223103 4 -1
1225104 1 0.5
1225190 2 0.5
1225104 4 -86
1227105 1 0.5
1227112 2 0.5
1227105 4 -7
1229106 1 0.5
1229207 2 0.5
1229106 4 -101
1231007 2 0.5
1231107 1 0.5
1231107 4 100
1233146 2 0.5
1235207 2 0.5
1237536 2 0.5
1239812 2 0.5
1242333 2 0.5
1276330 1 5
1276531 1 5
1276687 2 5
1276732 1 5
1276732 4 45
1276933 1 5
1276960 2 5
1276933 4 -27
1277134 1 5
1277153 2 5
1277134 4 -19
1277335 1 5
1277350 2 5
1277335 4 -15
1277536 1 5
1277549 2 5
1277536 4 -13
1277738 1 5
1277757 2 5
1277738 4 -19
1277939 1 5
1277962 2 5
1277939 4 -23
1278140 1 5
1278180 2 5
1278140 4 -40
1278341 1 5
1278480 2 5
1278542 1 5
1278542 4 62
1278698 2 5
1278743 1 5
1278743 4 45
1278923 2 5
1278945 1 5
1278945 4 22
1279146 1 5
1279150 2 5
1279146 4 -4
1279348 1 5
1279370 2 5
1279348 4 -22
1279550 1 5
1279596 2 5
1279550 4 -46
1279752 1 5
1279787 2 5
1279752 4 -35
1279954 1 5
1279983 2 5
1279954 4 -29
1280155 1 5
1280192 2 5
1280155 4 -37
1280357 1 5
1280388 2 5
1280357 4 -31
1280559 1 5
1280583 2 5
1280559 4 -24
1280761 1 5
1280779 2 5
1280761 4 -18
1280963 1 5
1280974 2 5
1280963 4 -11
1281160 2 5
1281164 1 5
1281164 4 4
1281362 2 5
1281365 1 5
1281365 4 3
1281560 2 5
1281566 1 5
1281566 4 6
1281765 2 5
1281768 1 5
1281768 4 3
1281970 1 5
1281978 2 5
1281970 4 -8
1282171 1 5
1282184 2 5
1282171 4 -13
1282373 1 5
1282385 2 5
1282373 4 -12
1282574 1 5
1282580 2 5
1282574 4 -6
1282776 1 5
1282959 2 5
1283156 2 5
1283449 2 5
1283803 2 5
1284175 2 5
1284577 2 5
1284983 2 5
1285430 2 5
1285867 2 5
1286324 2 5
1286777 2 5
1292048 1 4
1292299 1 4
1292415 2 4
1292299 4 -116
1292551 1 4
1292711 2 4
1292802 1 4
1292802 4 91
1292996 2 4
1293053 1 4
1293053 4 57
1293258 2 4
1293305 1 4
1293305 4 47
1293515 2 4
1293556 1 4
1293556 4 41
1293773 2 4
1293807 1 4
1293807 4 34
1294033 2 4
1294058 1 4
1294058 4 25
1294309 1 4
1294320 2 4
1294309 4 -11
1294560 1 4
1294567 2 4
1294560 4 -7
1294787 2 4
1294811 1 4
1294811 4 24
1295015 2 4
1295063 1 4
1295063 4 48
1295272 2 4
1295315 1 4
1295315 4 43
1295543 2 4
1295566 1 4
1295566 4 23
1295800 2 4
1295818 1 4
1295818 4 18
1296033 2 4
1296069 1 4
1296069 4 36
1296285 2 4
1296320 1 4
1296320 4 35
1296543 2 4
1296571 1 4
1296571 4 28
1296785 2 4
1296822 1 4
1296822 4 37
1297044 2 4
1297074 1 4
1297074 4 30
1297316 2 4
1297325 1 4
1297325 4 9
1297576 1 4
1297576 2 4
1297576 4 -0
1297806 2 4
1297827 1 4
1297827 4 21
1298042 2 4
1298079 1 4
1298079 4 37
1298308 2 4
1298330 1 4
1298330 4 22
1298573 2 4
1298581 1 4
1298581 4 8
1298824 2 4
1298833 1 4
1298833 4 9
1299055 2 4
1299085 1 4
1299085 4 30
1299314 2 4
1299336 1 4
1299336 4 22
1299587 1 4
1299594 2 4
1299587 4 -7
1299838 1 4
1299860 2 4
1299838 4 -22
1300089 1 4
1300114 2 4
1300089 4 -25
1300340 1 4
1300580 2 4
1300875 2 4
1301251 2 4
1301679 2 4
1302140 2 4
1302613 2 4
1303062 2 4
1303534 2 4
1303997 2 4
1304473 2 4
1304953 2 4
1311030 1 1.5
1311348 2 1.5
1311030 4 -318
1311697 1 1.5
1311888 2 1.5
1311697 4 -191
1312364 1 1.5
1312430 2 1.5
1312364 4 -66
1313003 2 1.5
1313031 1 1.5
1313031 4 28
1313685 2 1.5
1313698 1 1.5
1313698 4 13
1314348 2 1.5
1314365 1 1.5
1314365 4 17
1314967 2 1.5
1315032 1 1.5
1315032 4 65
1315653 2 1.5
1315699 1 1.5
1315699 4 46
1316308 2 1.5
1316367 1 1.5
1316367 4 59
1317008 2 1.5
1317034 1 1.5
1317034 4 26
1317677 2 1.5
1317701 1 1.5
1317701 4 24
1318368 1 1.5
1318373 2 1.5
1318368 4 -5
1319030 2 1.5
1319035 1 1.5
1319035 4 5
1319702 1 1.5
1319714 2 1.5
1319702 4 -12
1320331 2 1.5
1320370 1 1.5
1320370 4 39
1321008 2 1.5
1321037 1 1.5
1321037 4 29
1321652 2 1.5
1321704 1 1.5
1321704 4 52
1322316 2 1.5
1322371 1 1.5
1322371 4 55
1322962 2 1.5
1323039 1 1.5
1323039 4 77
1323704 2 1.5
1323707 1 1.5
1323707 4 3
1324306 2 1.5
1324375 1 1.5
1324375 4 69
1324880 2 1.5
1325042 1 1.5
1325042 4 162
1325574 2 1.5
1325709 1 1.5
1325709 4 135
1326240 2 1.5
1326377 1 1.5
1326377 4 137
1326941 2 1.5
1327045 1 1.5
1327045 4 104
1327602 2 1.5
1328313 2 1.5
1328907 2 1.5
1329559 2 1.5
1330219 2 1.5
1330871 2 1.5
1331566 2 1.5
1332229 2 1.5
1332942 2 1.5
1333618 2 1.5
1334291 2 1.5
1334993 2 1.5
1335660 2 1.5
1336313 2 1.5
1337081 2 1.5
1337786 2 1.5
1338446 2 1.5
1339145 2 1.5
1339786 2 1.5
1345888 1 2
1346389 1 2
1346890 1 2
1347351 2 2
1347392 1 2
1347392 4 41
1347969 1 2
1347992 2 2
1347969 4 -23
1348470 1 2
1348485 2 2
1348470 4 -15
1348939 2 2
1348971 1 2
1348971 4 32
1349449 2 2
1349473 1 2
1349473 4 24
1349946 2 2
1349974 1 2
1349974 4 28
1350475 1 2
1350489 2 2
1350475 4 -14
1350958 2 2
1350976 1 2
1350976 4 18
1351447 2 2
1351477 1 2
1351477 4 30
1351941 2 2
1351978 1 2
1351978 4 37
1352444 2 2
1352479 1 2
1352479 4 35
1352932 2 2
1352981 1 2
1352981 4 49
1353459 2 2
1353482 1 2
1353482 4 23
1353964 2 2
1353984 1 2
1353984 4 20
1354455 2 2
1354486 1 2
1354486 4 31
1354987 1 2
1355436 2 2
1355488 1 2
1355488 4 52
1355927 2 2
1355989 1 2
1355989 4 62
1356439 2 2
1356490 1 2
1356490 4 51
1356945 2 2
1356991 1 2
1356991 4 46
1357447 2 2
1357492 1 2
1357492 4 45
1357949 2 2
1357994 1 2
1357994 4 45
1358420 2 2
1358495 1 2
1358495 4 75
1358926 2 2
1358996 1 2
1358996 4 70
1359420 2 2
1359497 1 2
1359497 4 77
1359914 2 2
1360434 2 2
1360954 2 2
1361456 2 2
1362002 2 2
1362534 2 2
1363102 2 2
1363741 2 2
1364409 2 2
1365148 2 2
1365941 2 2
1366773 2 2
1367645 2 2
1368513 2 2
1369283 2 2
1375522 1 1
1375800 2 1
1375522 4 -278
1376523 1 1
1376702 2 1
1376523 4 -179
1377477 2 1
1377525 1 1
1377525 4 48
1378526 1 1
1378557 2 1
1378526 4 -31
1379527 1 1
1379533 2 1
1379527 4 -6
1380523 2 1
1380529 1 1
1380529 4 6
1381499 2 1
1381530 1 1
1381530 4 31
1382468 2 1
1382531 1 1
1382531 4 63
1383527 2 1
1383532 1 1
1383532 4 5
1384531 2 1
1384533 1 1
1384533 4 2
1385505 2 1
1385534 1 1
1385534 4 29
1386535 1 1
1386548 2 1
1386535 4 -13
1387473 2 1
1387536 1 1
1387536 4 63
1388455 2 1
1388538 1 1
1388538 4 83
1389441 2 1
1389540 1 1
1389540 4 99
1390424 2 1
1390541 1 1
1390541 4 117
1391439 2 1
1391542 1 1
1391542 4 103
1392439 2 1
1392544 1 1
1392544 4 105
1393454 2 1
1393545 1 1
1393545 4 91
1394450 2 1
1394547 1 1
1394547 4 97
1395481 2 1
1395548 1 1
1395548 4 67
1396479 2 1
1396549 1 1
1396549 4 70
1397538 2 1
1397551 1 1
1397551 4 13
1398454 2 1
1398552 1 1
1398552 4 98
1399401 2 1
1399553 1 1
1399553 4 152
1400459 2 1
1400555 1 1
1400555 4 96
1401428 2 1
1401557 1 1
1401557 4 129
1402507 2 1
1402558 1 1
1402558 4 51
1403488 2 1
1403560 1 1
1403560 4 72
1404561 1 1
1404568 2 1
1404561 4 -7
1405545 2 1
1405562 1 1
1405562 4 17
1406461 2 1
1406563 1 1
1406563 4 102
1407350 2 1
1407564 1 1
1407564 4 214
1408482 2 1
1408565 1 1
1408565 4 83
1409483 2 1
1410428 2 1
1411348 2 1
1412332 2 1
1413364 2 1
1414298 2 1
1415288 2 1
1416242 2 1
1417302 2 1
1418346 2 1
1419321 2 1
1420364 2 1
1421293 2 1
1422280 2 1
1423273 2 1
1424306 2 1
1425446 2 1
1426509 2 1
1427609 2 1
1434023 1 3
1434358 1 3
1434494 2 3
1434358 4 -136
1434693 1 3
1434885 2 3
1435027 1 3
1435027 4 142
1435271 2 3
1435362 1 3
1435362 4 91
1435658 2 3
1435696 1 3
1435696 4 38
1436016 2 3
1436030 1 3
1436030 4 14
1436315 2 3
1436364 1 3
1436364 4 49
1436621 2 3
1436698 1 3
1436698 4 77
1436980 2 3
1437032 1 3
1437032 4 52
1437332 2 3
1437366 1 3
1437366 4 34
1437676 2 3
1437701 1 3
1437701 4 25
1438029 2 3
1438036 1 3
1438036 4 7
1438338 2 3
1438370 1 3
1438370 4 32
1438664 2 3
1438704 1 3
1438704 4 40
1439028 2 3
1439039 1 3
1439039 4 11
1439354 2 3
1439373 1 3
1439373 4 19
1439685 2 3
1439708 1 3
1439708 4 23
1439987 2 3
1440042 1 3
1440042 4 55
1440377 1 3
1440663 2 3
1440711 1 3
1440711 4 48
1441039 2 3
1441045 1 3
1441045 4 6
1441369 2 3
1441379 1 3
1441379 4 10
1441700 2 3
1441713 1 3
1441713 4 13
1442041 2 3
1442048 1 3
1442048 4 7
1442380 2 3
1442383 1 3
1442383 4 3
1442702 2 3
1442718 1 3
1442718 4 16
1443041 2 3
1443052 1 3
1443052 4 11
1443371 2 3
1443387 1 3
1443387 4 16
1443700 2 3
1443722 1 3
1443722 4 22
1444038 2 3
1444057 1 3
1444057 4 19
1444349 2 3
1444714 2 3
1445152 2 3
1445692 2 3
1446316 2 3
1447002 2 3
1447793 2 3
1448786 2 3
1449769 2 3
1496905 3 1227
1496904 5 60
1497574 1 1.5
1498172 2 1.5
1498242 1 1.5
1498242 4 70
1498838 2 1.5
1498909 1 1.5
1498909 4 71
1499572 2 1.5
1499577 1 1.5
1499577 4 5
1500245 1 1.5
1500252 2 1.5
1500245 4 -7
1500898 2 1.5
1500912 1 1.5
1500912 4 14
1501580 1 1.5
1501616 2 1.5
1501580 4 -36
1502243 2 1.5
1502247 1 1.5
1502247 4 4
1502902 2 1.5
1502915 1 1.5
1502915 4 13
1503568 2 1.5
1503582 1 1.5
1503582 4 14
1504242 2 1.5
1504250 1 1.5
1504250 4 8
1504879 2 1.5
1504917 1 1.5
1504917 4 38
1505232 2 1.5
1504917 4 -315
1505542 2 1.5
1505585 1 1.5
1505585 4 43
1506252 1 1.5
1506262 2 1.5
1506252 4 -10
1506920 1 1.5
1506979 2 1.5
1506920 4 -59
1507587 1 1.5
1507611 2 1.5
1507587 4 -24
1508254 1 1.5
1508255 2 1.5
1508254 4 -1
1508886 2 1.5
1508921 1 1.5
1508921 4 35
1509576 2 1.5
1509588 1 1.5
1509588 4 12
1510240 2 1.5
1510256 1 1.5
1510256 4 16
1510923 1 1.5
1510956 2 1.5
1510923 4 -33
1511543 2 1.5
1511590 1 1.5
1511590 4 47
1512165 2 1.5
1512257 1 1.5
1512257 4 92
1512821 2 1.5
1512924 1 1.5
1512924 4 103
1513533 2 1.5
1513591 1 1.5
1513591 4 58
1514187 2 1.5
1514258 1 1.5
1514258 4 71
1514864 2 1.5
1514925 1 1.5
1514925 4 61
1515523 2 1.5
1515592 1 1.5
1515592 4 69
1516219 2 1.5
1516259 1 1.5
1516259 4 40
1516896 2 1.5
1516926 1 1.5
1516926 4 30
1517593 1 1.5
1517609 2 1.5
1517593 4 -16
1518192 2 1.5
1518261 1 1.5
1518261 4 69
1518816 2 1.5
1518928 1 1.5
1518928 4 112
1519492 2 1.5
1519596 1 1.5
1519596 4 104
1520132 2 1.5
1520762 2 1.5
1521410 2 1.5
1522026 2 1.5
1522651 2 1.5
1523298 2 1.5
1524023 2 1.5
1524657 2 1.5
1525243 2 1.5
1525864 2 1.5
1526447 2 1.5
1527032 2 1.5
1527600 2 1.5
1528162 2 1.5
1528718 2 1.5
1529305 2 1.5
1529867 2 1.5
1530422 2 1.5
1530981 2 1.5
1531514 2 1.5
1532038 2 1.5
1532534 2 1.5
1532994 2 1.5
1539046 1 1
1539424 2 1
1539046 4 -378
1540048 1 1
1540271 2 1
1540048 4 -223
1541003 2 1
1541050 1 1
1541050 4 47
1541976 2 1
1542051 1 1
1542051 4 75
1543044 2 1
1543052 1 1
1543052 4 8
1543950 2 1
1544053 1 1
1544053 4 103
1544915 2 1
1545054 1 1
1545054 4 139
1545997 2 1
1546055 1 1
1546055 4 58
1546955 2 1
1547056 1 1
1547056 4 101
1547957 2 1
1548057 1 1
1548057 4 100
1548942 2 1
1549059 1 1
1549059 4 117
1550050 2 1
1550061 1 1
1550061 4 11
1551062 1 1
1551103 2 1
1551062 4 -41
1552045 2 1
1552063 1 1
1552063 4 18
1553023 2 1
1553064 1 1
1553064 4 41
1553982 2 1
1554065 1 1
1554065 4 83
1554947 2 1
1555066 1 1
1555066 4 119
1555999 2 1
1556067 1 1
1556067 4 68
1556914 2 1
1557069 1 1
1557069 4 155
1557971 2 1
1558071 1 1
1558071 4 100
1559005 2 1
1559072 1 1
1559072 4 67
1559970 2 1
1560073 1 1
1560073 4 103
1561016 2 1
1561074 1 1
1561074 4 58
1562047 2 1
1562076 1 1
1562076 4 29
1562982 2 1
1563078 1 1
1563078 4 96
1563988 2 1
1564080 1 1
1564080 4 92
1564992 2 1
1565081 1 1
1565081 4 89
1566081 2 1
1567127 2 1
1568153 2 1
1569158 2 1
1570216 2 1
1571309 2 1
1572310 2 1
1573308 2 1
1574306 2 1
1575225 2 1
1576266 2 1
1577333 2 1
1578263 2 1
1579273 2 1
1580243 2 1
1581295 2 1
1582352 2 1
1583441 2 1
1584431 2 1
1590304 1 5
1590505 1 5
1590668 2 5
1590706 1 5
1590706 4 38
1590907 1 5
1590923 2 5
1590907 4 -16
1591109 1 5
1591136 2 5
1591109 4 -27
1591311 1 5
1591331 2 5
1591311 4 -20
1591512 1 5
1591520 2 5
1591512 4 -8
1591714 1 5
1591719 2 5
1591714 4 -5
1591904 2 5
1591915 1 5
1591915 4 11
1592116 1 5
1592121 2 5
1592116 4 -5
1592317 1 5
1592340 2 5
1592317 4 -23
1592519 1 5
1592541 2 5
1592519 4 -22
1592720 1 5
1592737 2 5
1592720 4 -17
1592921 1 5
1592932 2 5
1592921 4 -11
1593118 2 5
1593123 1 5
1593123 4 5
1593320 2 5
1593324 1 5
1593324 4 4
1593525 1 5
1593535 2 5
1593525 4 -10
1593724 2 5
1593727 1 5
1593727 4 3
1593924 2 5
1593929 1 5
1593929 4 5
1594130 1 5
1594130 2 5
1594130 4 -0
1594326 2 5
1594332 1 5
1594332 4 6
1594534 1 5
1594534 2 5
1594534 4 -0
1594735 1 5
1594736 2 5
1594735 4 -1
1594924 2 5
1594936 1 5
1594936 4 12
1595120 2 5
1595137 1 5
1595137 4 17
1595318 2 5
1595338 1 5
1595338 4 20
1595522 2 5
1595539 1 5
1595539 4 17
1595724 2 5
1595740 1 5
1595740 4 16
1595921 2 5
1595941 1 5
1595941 4 20
1596127 2 5
1596142 1 5
1596142 4 15
1596335 2 5
1596539 2 5
1596777 2 5
1597060 2 5
1597399 2 5
1597735 2 5
1598083 2 5
1598453 2 5
1598815 2 5
1599198 2 5
1599575 2 5
1599957 2 5
1605766 1 2
1606055 2 2
1606267 1 2
1606267 4 212
1606454 2 2
1606267 4 -187
1606769 1 2
1607113 2 2
1607270 1 2
1607270 4 157
1607706 2 2
1607771 1 2
1607771 4 65
1608225 2 2
1608272 1 2
1608272 4 47
1608714 2 2
1608773 1 2
1608773 4 59
1609212 2 2
1609274 1 2
1609274 4 62
1609704 2 2
1609775 1 2
1609775 4 71
1610204 2 2
1610276 1 2
1610276 4 72
1610715 2 2
1610777 1 2
1610777 4 62
1611200 2 2
1611278 1 2
1611278 4 78
1611725 2 2
1611780 1 2
1611780 4 55
1612230 2 2
1612281 1 2
1612281 4 51
1612715 2 2
1612782 1 2
1612782 4 67
1613219 2 2
1613283 1 2
1613283 4 64
1613745 2 2
1613784 1 2
1613784 4 39
1614220 2 2
1614286 1 2
1614286 4 66
1614711 2 2
1614788 1 2
1614788 4 77
1615177 2 2
1615289 1 2
1615289 4 112
1615669 2 2
1615790 1 2
1615790 4 121
1616163 2 2
1616291 1 2
1616291 4 128
1616675 2 2
1616792 1 2
1616792 4 117
1617179 2 2
1617294 1 2
1617294 4 115
1617658 2 2
1617795 1 2
1617795 4 137
1618159 2 2
1618649 2 2
1619126 2 2
1619609 2 2
1620067 2 2
1620526 2 2
1620968 2 2
1621418 2 2
1621864 2 2
1622302 2 2
1622718 2 2
1623156 2 2
1623573 2 2
1624005 2 2
1624479 2 2
1624944 2 2
1625413 2 2
1625906 2 2
1626384 2 2
1626868 2 2
1627347 2 2
1633178 1 4
1633429 1 4
1633521 2 4
1633429 4 -92
1633680 1 4
1633841 2 4
1633932 1 4
1633932 4 91
1634157 2 4
1634184 1 4
1634184 4 27
1634416 2 4
1634436 1 4
1634436 4 20
1634670 2 4
1634688 1 4
1634688 4 18
1634940 1 4
1634941 2 4
1634940 4 -1
1635187 2 4
1635191 1 4
1635191 4 4
1635439 2 4
1635442 1 4
1635442 4 3
1635682 2 4
1635694 1 4
1635694 4 12
1635931 2 4
1635945 1 4
1635945 4 14
1636174 2 4
1636197 1 4
1636197 4 23
1636439 2 4
1636449 1 4
1636449 4 10
1636681 2 4
1636701 1 4
1636701 4 20
1636932 2 4
1636952 1 4
1636952 4 20
1637185 2 4
1637203 1 4
1637203 4 18
1637435 2 4
1637454 1 4
1637454 4 19
1637667 2 4
1637705 1 4
1637705 4 38
1637921 2 4
1637956 1 4
1637956 4 35
1638203 2 4
1638207 1 4
1638207 4 4
1638444 2 4
1638459 1 4
1638459 4 15
1638677 2 4
1638710 1 4
1638710 4 33
1638918 2 4
1638961 1 4
1638961 4 43
1639175 2 4
1639213 1 4
1639213 4 38
1639414 2 4
1639464 1 4
1639464 4 50
1639676 2 4
1639716 1 4
1639716 4 40
1639935 2 4
1640236 2 4
1640571 2 4
1640967 2 4
1641407 2 4
1641860 2 4
1642282 2 4
1642719 2 4
1643155 2 4
1643584 2 4
1644008 2 4
1644399 2 4
1651740 1 0.5
1652096 2 0.5
1651740 4 -356
1653741 1 0.5
1653964 2 0.5
1653741 4 -223
1655742 1 0.5
1655909 2 0.5
1655742 4 -167
1657645 2 0.5
1657743 1 0.5
1657743 4 98
1659744 1 0.5
1659925 2 0.5
1659744 4 -181
1661745 1 0.5
1661859 2 0.5
1661745 4 -114
1663746 1 0.5
1663981 2 0.5
1663746 4 -235
1665747 1 0.5
1665915 2 0.5
1665747 4 -168
1667748 1 0.5
1667875 2 0.5
1667748 4 -127
1669749 1 0.5
1669906 2 0.5
1669749 4 -157
1671751 1 0.5
1671890 2 0.5
1671751 4 -139
1673752 1 0.5
1673894 2 0.5
1673752 4 -142
1675753 1 0.5
1675950 2 0.5
1675753 4 -197
1677754 1 0.5
1677903 2 0.5
1677754 4 -149
1679755 1 0.5
1679900 2 0.5
1679755 4 -145
1681756 1 0.5
1681872 2 0.5
1681756 4 -116
1683621 2 0.5
1683757 1 0.5
1683757 4 136
1685734 2 0.5
1685758 1 0.5
1685758 4 24
1687711 2 0.5
1687759 1 0.5
1687759 4 48
1689685 2 0.5
1689761 1 0.5
1689761 4 76
1691762 1 0.5
1691841 2 0.5
1691762 4 -79
1693763 1 0.5
1693918 2 0.5
1693763 4 -155
1695765 1 0.5
1695765 2 0.5
1695765 4 -0
1697764 2 0.5
1697767 1 0.5
1697767 4 3
1699768 1 0.5
1699786 2 0.5
1699768 4 -18
1701770 1 0.5
1701865 2 0.5
1701770 4 -95
1703771 1 0.5
1704011 2 0.5
1703771 4 -240
1705772 1 0.5
1705928 2 0.5
1705772 4 -156
1707773 1 0.5
1707897 2 0.5
1707773 4 -124
1709774 1 0.5
1709887 2 0.5
1709774 4 -113
1711729 2 0.5
1711775 1 0.5
1711775 4 46
1713771 2 0.5
1713777 1 0.5
1713777 4 6
1715778 1 0.5
1715931 2 0.5
1715778 4 -153
1717779 1 0.5
1719885 2 0.5
1721929 2 0.5
1724044 2 0.5
1726090 2 0.5
1728131 2 0.5
1730344 2 0.5
1732624 2 0.5
1734901 2 0.5
1737436 2 0.5
1739726 2 0.5
1742349 2 0.5
1744835 2 0.5
1763135 1 3
1763427 2 3
1763469 1 3
1763469 4 42
1763792 2 3
1763803 1 3
1763803 4 11
1764128 2 3
1764137 1 3
1764137 4 9
1764432 2 3
1764471 1 3
1764471 4 39
1764751 2 3
1764805 1 3
1764805 4 54
1765090 2 3
1765139 1 3
1765139 4 49
1765439 2 3
1765473 1 3
1765473 4 34
1765763 2 3
1765808 1 3
1765808 4 45
1766117 2 3
1766142 1 3
1766142 4 25
1766444 2 3
1766476 1 3
1766476 4 32
1766772 2 3
1766811 1 3
1766811 4 39
1767103 2 3
1767146 1 3
1767146 4 43
1767445 2 3
1767480 1 3
1767480 4 35
1767763 2 3
1767814 1 3
1767814 4 51
1768103 2 3
1768149 1 3
1768149 4 46
1768441 2 3
1768483 1 3
1768483 4 42
1768768 2 3
1768817 1 3
1768817 4 49
1769110 2 3
1769152 1 3
1769152 4 42
1769420 2 3
1769486 1 3
1769486 4 66
1769772 2 3
1769820 1 3
1769820 4 48
1770117 2 3
1770154 1 3
1770154 4 37
1770455 2 3
1770488 1 3
1770488 4 33
1770803 2 3
1770822 1 3
1770822 4 19
1771140 2 3
1771156 1 3
1771156 4 16
1771452 2 3
1771490 1 3
1771490 4 38
1771780 2 3
1771825 1 3
1771825 4 45
1772095 2 3
1772160 1 3
1772160 4 65
1772435 2 3
1772790 2 3
1773126 2 3
1773484 2 3
1773849 2 3
1774216 2 3
1774566 2 3
1774936 2 3
1775295 2 3
1775668 2 3
1776062 2 3
1776442 2 3
1776856 2 3
1777277 2 3
1777728 2 3
1778178 2 3
1778637 2 3
1911951 3 1542
1911951 5 0
1912453 1 2
1912955 1 2
1912972 2 2
1912955 4 -17
1913440 2 2
1913456 1 2
1913456 4 16
1913933 2 2
1913957 1 2
1913957 4 24
1914431 2 2
1914459 1 2
1914459 4 28
1914945 2 2
1914960 1 2
1914960 4 15
1915434 2 2
1915461 1 2
1915461 4 27
1915952 2 2
1915962 1 2
1915962 4 10
1916439 2 2
1916463 1 2
1916463 4 24
1916959 2 2
1916964 1 2
1916964 4 5
1917451 2 2
1917466 1 2
1917466 4 15
1917934 2 2
1917967 1 2
1917967 4 33
1918440 2 2
1918469 1 2
1918469 4 29
1918957 2 2
1918970 1 2
1918970 4 13
1919424 2 2
1919471 1 2
1919471 4 47
1919917 2 2
1919972 1 2
1919972 4 55
1920380 2 2
1920473 1 2
1920473 4 93
1920910 2 2
1920974 1 2
1920974 4 64
1921404 2 2
1921475 1 2
1921475 4 71
1921922 2 2
1921976 1 2
1921976 4 54
1922427 2 2
1922478 1 2
1922478 4 51
1922920 2 2
1922979 1 2
1922979 4 59
1923400 2 2
1923480 1 2
1923480 4 80
1923899 2 2
1923981 1 2
1923981 4 82
1924421 2 2
1924482 1 2
1924482 4 61
1924938 2 2
1924984 1 2
1924984 4 46
1925421 2 2
1925485 1 2
1925485 4 64
1925922 2 2
1925987 1 2
1925987 4 65
1926418 2 2
1926488 1 2
1926488 4 70
1926901 2 2
1927337 2 2
1927735 2 2
1928118 2 2
1928473 2 2
1928803 2 2
1929106 2 2
1929385 2 2
1929646 2 2
1929878 2 2
1930112 2 2
1930324 2 2
1930534 2 2
1930741 2 2
1930942 2 2
1931130 2 2
1931324 2 2
1931508 2 2
1931689 2 2
1931866 2 2
1932053 2 2
1932219 2 2
1932388 2 2
1932558 2 2
1932730 2 2
1932900 2 2
1933066 2 2
1933228 2 2
1933394 2 2
1933569 2 2
1933743 2 2
1933905 2 2
1934074 2 2
1934240 2 2
1934404 2 2
1934571 2 2
1934734 2 2
1934904 2 2
1935070 2 2
1935232 2 2
1935407 2 2
1935570 2 2
1935733 2 2
1935901 2 2
1936062 2 2
1936231 2 2
1936400 2 2
1943510 1 0.5
1943910 2 0.5
1943510 4 -400
1945511 1 0.5
1945683 2 0.5
1945511 4 -172
1947513 1 0.5
1947660 2 0.5
1947513 4 -147
1949417 2 0.5
1949515 1 0.5
1949515 4 98
1951329 2 0.5
1951516 1 0.5
1951516 4 187
1953517 1 0.5
1953670 2 0.5
1953517 4 -153
1955518 1 0.5
1955603 2 0.5
1955518 4 -85
1957319 2 0.5
1957519 1 0.5
1957519 4 200
1959446 2 0.5
1959520 1 0.5
1959520 4 74
1961476 2 0.5
1961522 1 0.5
1961522 4 46
1963523 1 0.5
1963627 2 0.5
1963523 4 -104
1965461 2 0.5
1965525 1 0.5
1965525 4 64
1967384 2 0.5
1967526 1 0.5
1967526 4 142
1969527 1 0.5
1969658 2 0.5
1969527 4 -131
1971528 1 0.5
1971656 2 0.5
1971528 4 -128
1973484 2 0.5
1973529 1 0.5
1973529 4 45
1975530 1 0.5
1975632 2 0.5
1975530 4 -102
1977472 2 0.5
1977531 1 0.5
1977531 4 59
1979532 1 0.5
1979620 2 0.5
1979532 4 -88
1981533 1 0.5
1981635 2 0.5
1981533 4 -102
1983534 1 0.5
1983606 2 0.5
1983534 4 -72
1985354 2 0.5
1985535 1 0.5
1985535 4 181
1987536 1 0.5
1987704 2 0.5
1987536 4 -168
1989537 1 0.5
1989696 2 0.5
1989537 4 -159
1991501 2 0.5
1991538 1 0.5
1991538 4 37
1993457 2 0.5
1993539 1 0.5
1993539 4 82
1995446 2 0.5
1995541 1 0.5
1995541 4 95
1997542 1 0.5
1997565 2 0.5
1997542 4 -23
1999543 1 0.5
1999589 2 0.5
1999543 4 -46
2001545 1 0.5
2001677 2 0.5
2001545 4 -132
2003539 2 0.5
2003546 1 0.5
2003546 4 7
2005547 1 0.5
2005613 2 0.5
2005547 4 -66
2007548 1 0.5
2009558 2 0.5
2011805 2 0.5
2013971 2 0.5
2016147 2 0.5
2018236 2 0.5
2020412 2 0.5
2022429 2 0.5
2024639 2 0.5
2027201 2 0.5
2029296 2 0.5
2031446 2 0.5
2033809 2 0.5
2036479 2 0.5
2038915 2 0.5
2041375 2 0.5
2043962 2 0.5
2046715 2 0.5
2053006 1 3
2053250 2 3
2053341 1 3
2053341 4 91
2053597 2 3
2053675 1 3
2053675 4 78
2053956 2 3
2054009 1 3
2054009 4 53
2054295 2 3
2054343 1 3
2054343 4 48
2054624 2 3
2054677 1 3
2054677 4 53
2054961 2 3
2055012 1 3
2055012 4 51
2055288 2 3
2055346 1 3
2055346 4 58
2055633 2 3
2055680 1 3
2055680 4 47
2055976 2 3
2056014 1 3
2056014 4 38
2056295 2 3
2056348 1 3
2056348 4 53
2056621 2 3
2056682 1 3
2056682 4 61
2056942 2 3
2057016 1 3
2057016 4 74
2057312 2 3
2057351 1 3
2057351 4 39
2057631 2 3
2057685 1 3
2057685 4 54
2057963 2 3
2058019 1 3
2058019 4 56
2058282 2 3
2058353 1 3
2058353 4 71
2058636 2 3
2058687 1 3
2058687 4 51
2058899 2 3
2059021 1 3
2059021 4 122
2059290 2 3
2059356 1 3
2059356 4 66
2059566 2 3
2059691 1 3
2059691 4 125
2059947 2 3
2060026 1 3
2060026 4 79
2060344 2 3
2060360 1 3
2060360 4 16
2060694 1 3
2060710 2 3
2060694 4 -16
2061019 2 3
2061028 1 3
2061028 4 9
2061328 2 3
2061362 1 3
2061362 4 34
2061647 2 3
2061697 1 3
2061697 4 50
2061978 2 3
2062032 1 3
2062032 4 54
2062308 2 3
2062366 1 3
2062366 4 58
2062685 2 3
2062700 1 3
2062700 4 15
2062982 2 3
2063034 1 3
2063034 4 52
2063284 2 3
2063368 1 3
2063368 4 84
2063667 2 3
2063702 1 3
2063702 4 35
2063956 2 3
2064201 2 3
2064437 2 3
2064651 2 3
2064844 2 3
2065039 2 3
2065232 2 3
2065417 2 3
2065603 2 3
2065789 2 3
2065969 2 3
2066138 2 3
2066319 2 3
2066495 2 3
2066675 2 3
2066851 2 3
2067039 2 3
2067218 2 3
2067404 2 3
2067584 2 3
2067765 2 3
2067941 2 3
2068125 2 3
2068308 2 3
2068480 2 3
2068658 2 3
2068839 2 3
2069014 2 3
2069191 2 3
2069367 2 3
2069544 2 3
2069715 2 3
2069890 2 3
2070057 2 3
2070232 2 3
2075635 1 4
2075886 1 4
2075972 2 4
2075886 4 -86
2076137 1 4
2076248 2 4
2076137 4 -111
2076388 1 4
2076531 2 4
2076640 1 4
2076640 4 109
2076806 2 4
2076891 1 4
2076891 4 85
2077097 2 4
2077142 1 4
2077142 4 45
2077368 2 4
2077393 1 4
2077393 4 25
2077619 2 4
2077644 1 4
2077644 4 25
2077877 2 4
2077895 1 4
2077895 4 18
2078119 2 4
2078146 1 4
2078146 4 27
2078351 2 4
2078397 1 4
2078397 4 46
2078595 2 4
2078649 1 4
2078649 4 54
2078865 2 4
2078901 1 4
2078901 4 36
2079109 2 4
2079153 1 4
2079153 4 44
2079349 2 4
2079404 1 4
2079404 4 55
2079611 2 4
2079655 1 4
2079655 4 44
2079870 2 4
2079906 1 4
2079906 4 36
2080141 2 4
2080158 1 4
2080158 4 17
2080375 2 4
2080409 1 4
2080409 4 34
2080621 2 4
2080661 1 4
2080661 4 40
2080866 2 4
2080912 1 4
2080912 4 46
2081110 2 4
2081164 1 4
2081164 4 54
2081359 2 4
2081416 1 4
2081416 4 57
2081641 2 4
2081667 1 4
2081667 4 26
2081897 2 4
2081918 1 4
2081918 4 21
2082143 2 4
2082383 2 4
2082605 2 4
2082832 2 4
2083056 2 4
2083280 2 4
2083482 2 4
2083691 2 4
2083894 2 4
2084102 2 4
2084315 2 4
2084524 2 4
2084717 2 4
2084917 2 4
2085118 2 4
2085316 2 4
2085528 2 4
2085727 2 4
2085919 2 4
2086117 2 4
2086311 2 4
2086502 2 4
2086698 2 4
2086892 2 4
2092141 1 5
2092342 1 5
2092504 2 5
2092543 1 5
2092543 4 39
2092710 2 5
2092744 1 5
2092744 4 34
2092906 2 5
2092945 1 5
2092945 4 39
2093095 2 5
2093146 1 5
2093146 4 51
2093291 2 5
2093348 1 5
2093348 4 57
2093486 2 5
2093550 1 5
2093550 4 64
2093679 2 5
2093751 1 5
2093751 4 72
2093861 2 5
2093952 1 5
2093952 4 91
2094055 2 5
2094154 1 5
2094154 4 99
2094249 2 5
2094154 4 -95
2094355 1 5
2094423 2 5
2094355 4 -68
2094556 1 5
2094623 2 5
2094556 4 -67
2094757 1 5
2094838 2 5
2094757 4 -81
2094958 1 5
2095021 2 5
2094958 4 -63
2095159 1 5
2095207 2 5
2095159 4 -48
2095361 1 5
2095398 2 5
2095361 4 -37
2095563 1 5
2095581 2 5
2095563 4 -18
2095765 1 5
2095769 2 5
2095765 4 -4
2095966 1 5
2095975 2 5
2095966 4 -9
2096167 1 5
2096174 2 5
2096167 4 -7
2096365 2 5
2096369 1 5
2096369 4 4
2096569 2 5
2096571 1 5
2096571 4 2
2096767 2 5
2096772 1 5
2096772 4 5
2096958 2 5
2096974 1 5
2096974 4 16
2097174 2 5
2097175 1 5
2097175 4 1
2097372 2 5
2097585 2 5
2097792 2 5
2097993 2 5
2098215 2 5
2098425 2 5
2098744 2 5
2098957 2 5
2099162 2 5
2099383 2 5
2099568 2 5
2099773 2 5
2099979 2 5
2100185 2 5
2100399 2 5
2100627 2 5
2100883 2 5
2101202 2 5
2106977 1 1.5
2107416 2 1.5
2107645 1 1.5
2107645 4 229
2107842 2 1.5
2107645 4 -197
2108313 1 1.5
2108315 2 1.5
2108313 4 -2
2108930 2 1.5
2108980 1 1.5
2108980 4 50
2109634 2 1.5
2109647 1 1.5
2109647 4 13
2110302 2 1.5
2110315 1 1.5
2110315 4 13
2110944 2 1.5
2110983 1 1.5
2110983 4 39
2111620 2 1.5
2111650 1 1.5
2111650 4 30
2112259 2 1.5
2112317 1 1.5
2112317 4 58
2112924 2 1.5
2112985 1 1.5
2112985 4 61
2113564 2 1.5
2113652 1 1.5
2113652 4 88
2114220 2 1.5
2114320 1 1.5
2114320 4 100
2114874 2 1.5
2114987 1 1.5
2114987 4 113
2115561 2 1.5
2115654 1 1.5
2115654 4 93
2116251 2 1.5
2116321 1 1.5
2116321 4 70
2116904 2 1.5
2116989 1 1.5
2116989 4 85
2117531 2 1.5
2117656 1 1.5
2117656 4 125
2118147 2 1.5
2118323 1 1.5
2118323 4 176
2118838 2 1.5
2118990 1 1.5
2118990 4 152
2119524 2 1.5
2119657 1 1.5
2119657 4 133
2120227 2 1.5
2120324 1 1.5
2120324 4 97
2120859 2 1.5
2120991 1 1.5
2120991 4 132
2121517 2 1.5
2121658 1 1.5
2121658 4 141
2122202 2 1.5
2122325 1 1.5
2122325 4 123
2122831 2 1.5
2122992 1 1.5
2122992 4 161
2123492 2 1.5
2123659 1 1.5
2123659 4 167
2124168 2 1.5
2124326 1 1.5
2124326 4 158
2124825 2 1.5
2124993 1 1.5
2124993 4 168
2125511 2 1.5
2125660 1 1.5
2125660 4 149
2126168 2 1.5
2126327 1 1.5
2126327 4 159
2126890 2 1.5
2126994 1 1.5
2126994 4 104
2127531 2 1.5
2127661 1 1.5
2127661 4 130
2128238 2 1.5
2128774 2 1.5
2129228 2 1.5
2129634 2 1.5
2130005 2 1.5
2130322 2 1.5
2130630 2 1.5
2130897 2 1.5
2131150 2 1.5
2131387 2 1.5
2131638 2 1.5
2131849 2 1.5
2132058 2 1.5
2132277 2 1.5
2132483 2 1.5
2132672 2 1.5
2132870 2 1.5
2133062 2 1.5
2133258 2 1.5
2133461 2 1.5
2133653 2 1.5
2133852 2 1.5
2134048 2 1.5
2134247 2 1.5
2134438 2 1.5
2134649 2 1.5
2134845 2 1.5
2135046 2 1.5
2135258 2 1.5
2135468 2 1.5
2135685 2 1.5
2135910 2 1.5
2136120 2 1.5
2136350 2 1.5
2136570 2 1.5
2136780 2 1.5
2137007 2 1.5
2137231 2 1.5
2137456 2 1.5
2137659 2 1.5
2137873 2 1.5
2138095 2 1.5
2138301 2 1.5
2138524 2 1.5
2138744 2 1.5
2138965 2 1.5
2139182 2 1.5
2139407 2 1.5
2139632 2 1.5
2139858 2 1.5
2140093 2 1.5
2140383 2 1.5
2140758 2 1.5
2147004 1 1
2147318 2 1
2147004 4 -314
2148005 1 1
2148164 2 1
2148005 4 -159
2149007 1 1
2149016 2 1
2149007 4 -9
2149956 2 1
2150008 1 1
2150008 4 52
2150987 2 1
2151010 1 1
2151010 4 23
2151956 2 1
2152011 1 1
2152011 4 55
2152889 2 1
2153012 1 1
2153012 4 123
2154005 2 1
2154013 1 1
2154013 4 8
2154992 2 1
2155014 1 1
2155014 4 22
2155978 2 1
2156016 1 1
2156016 4 38
2156945 2 1
2157017 1 1
2157017 4 72
2157935 2 1
2158018 1 1
2158018 4 83
2158916 2 1
2159019 1 1
2159019 4 103
2159864 2 1
2160020 1 1
2160020 4 156
2160906 2 1
2161021 1 1
2161021 4 115
2161941 2 1
2162022 1 1
2162022 4 81
2162918 2 1
2163024 1 1
2163024 4 106
2163914 2 1
2164025 1 1
2164025 4 111
2164956 2 1
2165026 1 1
2165026 4 70
2165940 2 1
2166028 1 1
2166028 4 88
2166876 2 1
2167029 1 1
2167029 4 153
2167900 2 1
2168030 1 1
2168030 4 130
2168930 2 1
2169031 1 1
2169031 4 101
2169990 2 1
2170032 1 1
2170032 4 42
2171033 1 1
2171044 2 1
2171033 4 -11
2171964 2 1
2172035 1 1
2172035 4 71
2173022 2 1
2173036 1 1
2173036 4 14
2173980 2 1
2174037 1 1
2174037 4 57
2174974 2 1
2175038 1 1
2175038 4 64
2175935 2 1
2176040 1 1
2176040 4 105
2177056 2 1
2178015 2 1
2179042 2 1
2180126 2 1
2181127 2 1
2182103 2 1
2183053 2 1
2183972 2 1
2184850 2 1
2185641 2 1
2186321 2 1
2186885 2 1
2187373 2 1
2187838 2 1
2188275 2 1
2188695 2 1
2189085 2 1
2189451 2 1
2189817 2 1
2190165 2 1
2190472 2 1
2190769 2 1
2191040 2 1
2191301 2 1
2191540 2 1
2191774 2 1
2192015 2 1
2192273 2 1
2192557 2 1
2192862 2 1
2193175 2 1
2193519 2 1
2194210 2 1
2195153 2 1
2251079 3 1974
2251078 5 150
2252081 1 1
2252557 2 1
2252081 4 -476
2253082 1 1
2253290 2 1
2253082 4 -208
2254042 2 1
2254084 1 1
2254084 4 42
2255083 2 1
2255086 1 1
2255086 4 3
2256020 2 1
2256087 1 1
2256087 4 67
2257045 2 1
2257088 1 1
2257088 4 43
2258071 2 1
2258089 1 1
2258089 4 18
2259045 2 1
2259090 1 1
2259090 4 45
2260091 1 1
2260134 2 1
2260091 4 -43
2261063 2 1
2261092 1 1
2261092 4 29
2262093 1 1
2262096 2 1
2262093 4 -3
2263094 1 1
2263105 2 1
2263094 4 -11
2264095 1 1
2264098 2 1
2264095 4 -3
2265095 2 1
2265096 1 1
2265096 4 1
2266089 2 1
2266097 1 1
2266097 4 8
2267098 1 1
2267101 2 1
2267098 4 -3
2268069 2 1
2268099 1 1
2268099 4 30
2269043 2 1
2269100 1 1
2269100 4 57
2270041 2 1
2270102 1 1
2270102 4 61
2271103 1 1
2271180 2 1
2271103 4 -77
2272104 1 1
2272151 2 1
2272104 4 -47
2273105 1 1
2273232 2 1
2273105 4 -127
2274106 1 1
2274173 2 1
2274106 4 -67
2275107 1 1
2275128 2 1
2275107 4 -21
2276109 1 1
2276178 2 1
2276109 4 -69
2277110 1 1
2277217 2 1
2277110 4 -107
2278112 1 1
2278140 2 1
2278112 4 -28
2279084 2 1
2279113 1 1
2279113 4 29
2280106 2 1
2280114 1 1
2280114 4 8
2281108 2 1
2281116 1 1
2281116 4 8
2282105 2 1
2282118 1 1
2282118 4 13
2283062 2 1
2283119 1 1
2283119 4 57
2284100 2 1
2285342 2 1
2308914 1 1.5
2309487 2 1.5
2309581 1 1.5
2309581 4 94
2310185 2 1.5
2310248 1 1.5
2310248 4 63
2310915 1 1.5
2310920 2 1.5
2310915 4 -5
2311582 1 1.5
2311613 2 1.5
2311582 4 -31
2312249 1 1.5
2312292 2 1.5
2312249 4 -43
2312916 1 1.5
2312943 2 1.5
2312916 4 -27
2313583 1 1.5
2313593 2 1.5
2313583 4 -10
2314251 1 1.5
2314290 2 1.5
2314251 4 -39
2314918 1 1.5
2314979 2 1.5
2314918 4 -61
2315585 1 1.5
2315700 2 1.5
2315585 4 -115
2316252 1 1.5
2316355 2 1.5
2316252 4 -103
2316919 1 1.5
2316985 2 1.5
2316919 4 -66
2317586 1 1.5
2317621 2 1.5
2317586 4 -35
2318253 1 1.5
2318371 2 1.5
2318253 4 -118
2318921 1 1.5
2319026 2 1.5
2318921 4 -105
2319588 1 1.5
2319671 2 1.5
2319588 4 -83
2320255 1 1.5
2320277 2 1.5
2320255 4 -22
2320897 2 1.5
2320923 1 1.5
2320923 4 26
2321529 2 1.5
2321590 1 1.5
2321590 4 61
2322241 2 1.5
2322257 1 1.5
2322257 4 16
2322908 2 1.5
2322924 1 1.5
2322924 4 16
2323566 2 1.5
2323592 1 1.5
2323592 4 26
2324260 1 1.5
2324276 2 1.5
2324260 4 -16
2324927 1 1.5
2324941 2 1.5
2324927 4 -14
2325594 1 1.5
2325599 2 1.5
2325594 4 -5
2326262 1 1.5
2326269 2 1.5
2326262 4 -7
2326889 2 1.5
2326929 1 1.5
2326929 4 40
2327528 2 1.5
2327596 1 1.5
2327596 4 68
2328237 2 1.5
2328263 1 1.5
2328263 4 26
2328930 1 1.5
2328931 2 1.5
2328930 4 -1
2329597 1 1.5
2329611 2 1.5
2329597 4 -14
2330264 1 1.5
2330265 2 1.5
2330264 4 -1
2330916 2 1.5
2330931 1 1.5
2330931 4 15
2331547 2 1.5
2332492 2 1.5
2351273 1 0.5
2351903 2 0.5
2351273 4 -630
2353274 1 0.5
2353433 2 0.5
2353274 4 -159
2355275 1 0.5
2355387 2 0.5
2355275 4 -112
2357276 1 0.5
2357420 2 0.5
2357276 4 -144
2359277 1 0.5
2359422 2 0.5
2359277 4 -145
2361279 1 0.5
2361326 2 0.5
2361279 4 -47
2363273 2 0.5
2363280 1 0.5
2363280 4 7
2365234 2 0.5
2365282 1 0.5
2365282 4 48
2367237 2 0.5
2367284 1 0.5
2367284 4 47
2369285 1 0.5
2369442 2 0.5
2369285 4 -157
2371197 2 0.5
2371287 1 0.5
2371287 4 90
2373288 1 0.5
2373674 2 0.5
2373288 4 -386
2375290 1 0.5
2375426 2 0.5
2375290 4 -136
2377292 1 0.5
2377391 2 0.5
2377292 4 -99
2379293 1 0.5
2379385 2 0.5
2379293 4 -92
2381294 1 0.5
2381440 2 0.5
2381294 4 -146
2383295 1 0.5
2383458 2 0.5
2383295 4 -163
2385296 1 0.5
2385440 2 0.5
2385296 4 -144
2387234 2 0.5
2387297 1 0.5
2387297 4 63
2389298 1 0.5
2389394 2 0.5
2389298 4 -96
2391300 1 0.5
2391456 2 0.5
2391300 4 -156
2393301 1 0.5
2393317 2 0.5
2393301 4 -16
2395303 1 0.5
2395535 2 0.5
2395303 4 -232
2397304 1 0.5
2397438 2 0.5
2397304 4 -134
2399306 1 0.5
2399406 2 0.5
2399306 4 -100
2401293 2 0.5
2401307 1 0.5
2401307 4 14
2403308 1 0.5
2403421 2 0.5
2403308 4 -113
2405309 1 0.5
2405394 2 0.5
2405309 4 -85
2407310 1 0.5
2409409 2 0.5
2452583 1 4
2452835 1 4
2453069 2 4
2453086 1 4
2453086 4 17
2453337 1 4
2453356 2 4
2453337 4 -19
2453581 2 4
2453589 1 4
2453589 4 8
2453828 2 4
2453840 1 4
2453840 4 12
2454075 2 4
2454091 1 4
2454091 4 16
2454336 2 4
2454343 1 4
2454343 4 7
2454568 2 4
2454594 1 4
2454594 4 26
2454840 2 4
2454845 1 4
2454845 4 5
2455090 2 4
2455097 1 4
2455097 4 7
2455336 2 4
2455348 1 4
2455348 4 12
2455581 2 4
2455599 1 4
2455599 4 18
2455837 2 4
2455850 1 4
2455850 4 13
2456088 2 4
2456101 1 4
2456101 4 13
2456344 2 4
2456353 1 4
2456353 4 9
2456577 2 4
2456604 1 4
2456604 4 27
2456815 2 4
2456855 1 4
2456855 4 40
2457075 2 4
2457106 1 4
2457106 4 31
2457344 2 4
2457357 1 4
2457357 4 13
2457608 1 4
2457641 2 4
2457608 4 -33
2457860 1 4
2457882 2 4
2457860 4 -22
2458110 2 4
2458111 1 4
2458111 4 1
2458334 2 4
2458362 1 4
2458362 4 28
2458580 2 4
2458613 1 4
2458613 4 33
2458864 1 4
2458867 2 4
2458864 4 -3
2459115 1 4
2459353 2 4
2459959 2 4
2469471 1 3
2469806 1 3
2469899 2 3
2469806 4 -93
2470140 1 3
2470313 2 3
2470474 1 3
2470474 4 161
2470701 2 3
2470808 1 3
2470808 4 107
2471059 2 3
2471143 1 3
2471143 4 84
2471414 2 3
2471477 1 3
2471477 4 63
2471791 2 3
2471811 1 3
2471811 4 20
2472119 2 3
2472146 1 3
2472146 4 27
2472447 2 3
2472480 1 3
2472480 4 33
2472792 2 3
2472814 1 3
2472814 4 22
2473145 2 3
2473148 1 3
2473148 4 3
2473483 1 3
2473505 2 3
2473483 4 -22
2473818 1 3
2473894 2 3
2473818 4 -76
2474152 1 3
2474308 2 3
2474152 4 -156
2474486 1 3
2474697 2 3
2474820 1 3
2474820 4 123
2475126 2 3
2475154 1 3
2475154 4 28
2475488 1 3
2475530 2 3
2475488 4 -42
2475823 1 3
2475867 2 3
2475823 4 -44
2476130 2 3
2476157 1 3
2476157 4 27
2476436 2 3
2476491 1 3
2476491 4 55
2476808 2 3
2476825 1 3
2476825 4 17
2477159 1 3
2477161 2 3
2477159 4 -2
2477493 1 3
2477513 2 3
2477493 4 -20
2477827 1 3
2477837 2 3
2477827 4 -10
2478136 2 3
2478162 1 3
2478162 4 26
2478476 2 3
2478496 1 3
2478496 4 20
2478831 1 3
2478832 2 3
2478831 4 -1
2479165 1 3
2479170 2 3
2479165 4 -5
2479492 2 3
2479499 1 3
2479499 4 7
2479798 2 3
2479833 1 3
2479833 4 35
2480168 2 3
2480805 2 3
2492017 1 2
2492519 1 2
2493000 2 2
2493021 1 2
2493021 4 21
2493522 1 2
2493528 2 2
2493522 4 -6
2494023 1 2
2494025 2 2
2494023 4 -2
2494497 2 2
2494524 1 2
2494524 4 27
2494976 2 2
2495025 1 2
2495025 4 49
2495503 2 2
2495526 1 2
2495526 4 23
2496027 1 2
2496032 2 2
2496027 4 -5
2496524 2 2
2496528 1 2
2496528 4 4
2497029 1 2
2497077 2 2
2497029 4 -48
2497530 1 2
2497565 2 2
2497530 4 -35
2498013 2 2
2498031 1 2
2498031 4 18
2498507 2 2
2498533 1 2
2498533 4 26
2499004 2 2
2499035 1 2
2499035 4 31
2499490 2 2
2499537 1 2
2499537 4 47
2500038 1 2
2500038 2 2
2500038 4 -0
2500539 1 2
2500803 2 2
2501040 1 2
2501040 4 237
2501444 2 2
2501541 1 2
2501541 4 97
2502014 2 2
2502042 1 2
2502042 4 28
2502543 1 2
2502561 2 2
2502543 4 -18
2503044 1 2
2503090 2 2
2503044 4 -46
2503546 1 2
2503599 2 2
2503546 4 -53
2504047 1 2
2504081 2 2
2504047 4 -34
2504548 1 2
2504681 2 2
2504548 4 -133
2505049 1 2
2505550 1 2
2505788 2 2
2505550 4 -238
2506051 1 2
2506426 2 2
2507022 2 2
2507695 2 2
2521274 1 5
2521475 1 5
2521587 2 5
2521677 1 5
2521677 4 90
2521855 2 5
2521879 1 5
2521879 4 24
2522052 2 5
2522080 1 5
2522080 4 28
2522274 2 5
2522281 1 5
2522281 4 7
2522479 2 5
2522482 1 5
2522482 4 3
2522681 2 5
2522683 1 5
2522683 4 2
2522877 2 5
2522884 1 5
2522884 4 7
2523080 2 5
2523086 1 5
2523086 4 6
2523261 2 5
2523287 1 5
2523287 4 26
2523455 2 5
2523488 1 5
2523488 4 33
2523657 2 5
2523689 1 5
2523689 4 32
2523890 1 5
2523912 2 5
2523890 4 -22
2524091 1 5
2524124 2 5
2524091 4 -33
2524292 1 5
2524314 2 5
2524292 4 -22
2524494 1 5
2524500 2 5
2524494 4 -6
2524689 2 5
2524696 1 5
2524696 4 7
2524886 2 5
2524898 1 5
2524898 4 12
2525071 2 5
2525099 1 5
2525099 4 28
2525277 2 5
2525300 1 5
2525300 4 23
2525468 2 5
2525502 1 5
2525502 4 34
2525659 2 5
2525704 1 5
2525704 4 45
2525863 2 5
2525906 1 5
2525906 4 43
2526087 2 5
2526108 1 5
2526108 4 21
2526303 2 5
2526310 1 5
2526310 4 7
2526505 2 5
2526512 1 5
2526512 4 7
2526699 2 5
2526714 1 5
2526714 4 15
2526916 1 5
2527096 2 5
2527117 1 5
2527117 4 21
2527328 2 5
2527544 2 5
2583107 3 2186
2583106 5 0
