335 1
670 1
946 2
1005 1
1261 2
1341 1
1591 2
1676 1
1959 2
2011 1
2313 2
2345 1
2643 2
2680 1
2980 2
3015 1
3293 2
3349 1
3612 2
3684 1
3951 2
4019 1
4295 2
4354 1
4623 2
4688 1
4999 2
5023 1
5336 2
5358 1
5678 2
5692 1
5993 2
6026 1
6306 2
6361 1
6641 2
6695 1
6972 2
7031 1
7323 2
7365 1
7645 2
7700 1
7985 2
8035 1
8329 2
8653 2
8970 2
9302 2
9649 2
9979 2
10333 2
10667 2
10981 2
11311 2
11653 2
11966 2
12317 2
12659 2
12986 2
13330 2
13662 2
14001 2
14346 2
14704 2
8035 
19870 2
20720 1
21251 2
21721 1
22418 2
22724 1
23631 2
23726 1
24619 2
24728 1
25599 2
25729 1
26619 2
26731 1
27590 2
27733 1
28609 2
28738 1
29560 2
29741 1
30530 2
30755 1
31651 2
31757 1
32672 2
32758 1
33555 2
33761 1
34549 2
34762 1
35561 2
35763 1
36574 2
36764 1
37505 2
37767 1
38492 2
38768 1
39511 2
39769 1
40477 2
40771 1
41526 2
41773 1
42521 2
42775 1
43538 2
43777 1
44524 2
44779 1
45523 2
45780 1
46463 2
46781 1
47605 2
47783 1
48619 2
49806 2
50580 2
51497 2
52302 2
53111 2
53913 2
54629 2
55338 2
56047 2
56694 2
57349 2
58035 2
58628 2
59248 2
59862 2
60502 2
61121 2
61746 2
62369 2
62910 2
63456 2
64011 2
64625 2
65189 2
65778 2
66328 2
66890 2
67425 2
47783 
73030 1
73231 1
73432 1
73634 1
73648 2
73835 1
73852 2
74014 2
74038 1
74220 2
74240 1
74431 2
74442 1
74630 2
74643 1
74840 2
74846 1
75039 2
75048 1
75224 2
75251 1
75409 2
75453 1
75604 2
75654 1
75801 2
75857 1
76018 2
76059 1
76222 2
76262 1
76427 2
76464 1
76629 2
76666 1
76839 2
76867 1
77028 2
77069 1
77224 2
77272 1
77438 2
77474 1
77650 2
77676 1
77857 2
77878 1
78029 2
78219 2
78386 2
78562 2
78751 2
78927 2
79103 2
79274 2
79439 2
79612 2
79795 2
79957 2
80126 2
80295 2
80462 2
80634 2
80818 2
81004 2
81200 2
81398 2
81590 2
81772 2
77878 
87192 2
87569 1
88237 1
88402 2
88886 2
88904 1
89549 2
89572 1
90185 2
90240 1
90872 2
90907 1
91499 2
91576 1
92175 2
92245 1
92837 2
92914 1
93447 2
93583 1
94150 2
94250 1
94822 2
94918 1
95490 2
95586 1
96167 2
96254 1
96879 2
96922 1
97532 2
97590 1
98179 2
98258 1
98854 2
98936 1
99574 2
99604 1
100174 2
100271 1
100836 2
100938 1
101546 2
101606 1
102188 2
102273 1
102892 2
102942 1
103530 2
103610 1
104195 2
104279 1
104843 2
104947 1
105476 2
105616 1
106124 2
106284 1
106841 2
106953 1
107521 2
108182 2
108788 2
109371 2
109951 2
110509 2
110996 2
111455 2
112016 2
112495 2
112941 2
113405 2
113897 2
117561 2
118147 2
118650 2
119153 2
119620 2
120120 2
106953 
125944 2
127318 1
127631 2
128855 2
129320 1
131321 1
131470 2
133126 2
133322 1
135234 2
135324 1
137139 2
137326 1
139190 2
139328 1
141157 2
141329 1
143330 1
143402 2
145003 2
145332 1
147095 2
147334 1
149240 2
149336 1
151141 2
151338 1
153158 2
153340 1
155242 2
155341 1
157154 2
157343 1
159181 2
159345 1
161347 1
161513 2
163061 2
163349 1
165265 2
165350 1
167036 2
167352 1
169354 1
169559 2
171356 1
171424 2
173320 2
173357 1
175348 2
175359 1
176539 2
177360 1
177578 2
179194 2
179367 1
181369 1
181534 2
183372 1
183542 2
185349 2
185375 1
187302 2
187376 1
189378 1
189471 2
191364 2
191381 1
193368 2
193383 1
195283 2
197104 2
199418 2
201295 2
203265 2
205374 2
207236 2
208937 2
210789 2
212588 2
214649 2
216619 2
218665 2
220567 2
222774 2
224627 2
226612 2
228542 2
230298 2
232304 2
193383 
238657 1
238910 1
238920 2
239162 1
239213 2
239413 1
239427 2
239651 2
239664 1
239897 2
239917 1
240150 2
240169 1
240387 2
240420 1
240624 2
240672 1
240875 2
240925 1
241115 2
241177 1
241365 2
241428 1
241639 2
241680 1
241903 2
241931 1
242156 2
242182 1
242410 2
242433 1
242677 2
242685 1
242914 2
242938 1
243146 2
243190 1
243364 2
243441 1
243597 2
243693 1
243894 2
243945 1
244179 2
244197 1
244419 2
244449 1
244691 2
244701 1
244954 1
244954 2
245204 2
245207 1
245441 2
245459 1
245672 2
245946 2
246208 2
246450 2
246713 2
246942 2
247178 2
247413 2
247664 2
247898 2
248115 2
248348 2
248566 2
248774 2
248999 2
249214 2
249423 2
249628 2
249818 2
250010 2
250196 2
250366 2
245459 
256004 1
256218 2
256505 1
256715 2
256990 2
257006 1
257473 2
257507 1
258009 1
258018 2
258510 1
258517 2
259011 1
259037 2
259514 1
259532 2
259999 2
260015 1
260475 2
260518 1
260983 2
261020 1
261518 2
261523 1
262012 2
262025 1
262528 1
262531 2
262998 2
263032 1
263468 2
263533 1
263979 2
264036 1
264527 2
264538 1
265010 2
265039 1
265488 2
265540 1
265986 2
266041 1
266494 2
266544 1
267011 2
267046 1
267531 2
267547 1
268018 2
268050 1
268513 2
268552 1
268993 2
269448 2
269892 2
270417 2
270849 2
271324 2
271768 2
272257 2
272664 2
273149 2
273627 2
274092 2
274551 2
275008 2
275472 2
275908 2
276356 2
276848 2
277287 2
277694 2
278115 2
278535 2
268552 
268552 5
284097 1
284318 2
284600 1
284843 2
285102 1
285492 2
285603 1
286019 2
286104 1
286513 2
286605 1
287062 2
287107 1
287556 2
287609 1
288032 2
288110 1
288544 2
288611 1
289047 2
289112 1
289555 2
289613 1
290053 2
290116 1
290527 2
290645 1
291030 2
291146 1
291592 2
291647 1
292073 2
292160 1
292565 2
292662 1
293104 2
293175 1
293619 2
293692 1
294123 2
294193 1
294611 2
294694 1
295144 2
295195 1
295646 2
295698 1
296200 1
296210 2
296674 2
296703 1
297178 2
297205 1
297665 2
297706 1
298147 2
298618 2
299095 2
299552 2
300046 2
300520 2
301002 2
301511 2
302003 2
302499 2
302945 2
303432 2
303869 2
304336 2
304752 2
305182 2
305590 2
305995 2
306405 2
306798 2
307225 2
307610 2
297706 
313732 1
313961 2
314291 2
314733 1
314914 2
315736 1
315749 2
316660 2
316738 1
317623 2
317740 1
318592 2
318743 1
319619 2
319746 1
320599 2
320747 1
321474 2
321748 1
322603 2
322749 1
323569 2
323751 1
324625 2
324752 1
325669 2
325755 1
326520 2
326757 1
327653 2
327759 1
328761 1
328761 2
329762 1
329790 2
330764 1
330839 2
331712 2
331766 1
332688 2
332769 1
333601 2
333770 1
334605 2
334772 1
335774 1
335995 2
336543 2
336775 1
337650 2
337777 1
338592 2
338779 1
339583 2
340490 2
341435 2
342378 2
343280 2
344232 2
345215 2
346070 2
346973 2
347846 2
348722 2
349543 2
350273 2
350988 2
351703 2
352421 2
353109 2
353799 2
354360 2
354941 2
355502 2
356025 2
356534 2
357061 2
357551 2
358029 2
358614 2
338779 
364471 1
364662 2
365140 1
365215 2
365759 2
365815 1
366408 2
366519 1
367144 2
367188 1
367814 2
367857 1
368464 2
368525 1
369085 2
369193 1
369790 2
369861 1
370455 2
370529 1
371132 2
371198 1
371799 2
371866 1
372455 2
372535 1
373103 2
373204 1
373829 2
373872 1
374462 2
374540 1
375140 2
375208 1
375777 2
375875 1
376439 2
376543 1
377065 2
377212 1
377689 2
377880 1
378369 2
378548 1
379085 2
379216 1
379773 2
379884 1
380451 2
380552 1
381144 2
381220 1
381826 2
381888 1
382452 2
383095 2
383724 2
384370 2
385000 2
385638 2
386261 2
386870 2
387475 2
388075 2
388717 2
389312 2
389915 2
390542 2
391175 2
391798 2
392401 2
392952 2
393508 2
394045 2
394562 2
395082 2
381888 
400504 1
400756 1
400814 2
401008 1
401076 2
401260 1
401270 2
401481 2
401511 1
401715 2
401763 1
402002 2
402015 1
402266 1
402285 2
402518 1
402555 2
402771 1
402824 2
403022 1
403078 2
403274 1
403322 2
403525 1
403560 2
403777 1
403785 2
404023 2
404029 1
404261 2
404280 1
404511 2
404532 1
404722 2
404784 1
404951 2
405036 1
405240 2
405288 1
405474 2
405540 1
405696 2
405792 1
405964 2
406044 1
406217 2
406295 1
406496 2
406547 1
406756 2
406799 1
407031 2
407051 1
407248 2
407303 1
407491 2
407555 1
407764 2
407807 1
408014 2
408058 1
408262 2
408310 1
408497 2
408562 1
408757 2
409002 2
409252 2
409478 2
409721 2
409972 2
410191 2
410422 2
410671 2
410927 2
411154 2
411404 2
411644 2
411888 2
412119 2
412341 2
412574 2
412802 2
413025 2
413268 2
413513 2
408562 
418941 1
419199 2
419277 1
419576 2
419612 1
419897 2
419946 1
420238 2
420281 1
420588 2
420616 1
420921 2
420953 1
421249 2
421289 1
421600 2
421624 1
421950 2
421960 1
422294 1
422317 2
422629 1
422636 2
422960 2
423000 1
423274 2
423334 1
423641 2
423670 1
424005 1
424008 2
424325 2
424340 1
424663 2
424676 1
425001 2
425010 1
425363 1
425363 2
425688 2
425705 1
426024 2
426040 1
426369 2
426374 1
426689 2
426714 1
427027 2
427048 1
427344 2
427383 1
427691 2
427718 1
428033 2
428053 1
428376 2
428388 1
428730 2
429072 2
429386 2
429758 2
430056 2
430398 2
430754 2
431094 2
431429 2
431762 2
432114 2
432437 2
432805 2
433150 2
433529 2
433890 2
434262 2
434611 2
434970 2
428388 
440274 1
440475 1
440526 2
440678 1
440746 2
440880 1
440922 2
441082 1
441108 2
441279 2
441283 1
441464 2
441486 1
441644 2
441688 1
441832 2
441891 1
442019 2
442093 1
442211 2
442294 1
442403 2
442497 1
442589 2
442699 1
442769 2
442906 1
442945 2
443108 1
443134 2
443297 2
443310 1
443491 2
443511 1
443687 2
443712 1
443898 2
443913 1
444089 2
444116 1
444279 2
444318 1
444491 2
444519 1
444708 2
444726 1
444909 2
444927 1
445100 2
445128 1
445313 2
445329 1
445508 2
445530 1
445711 2
445733 1
445924 2
445936 1
446123 2
446138 1
446317 2
446525 2
446727 2
446931 2
447131 2
447329 2
447527 2
447727 2
447923 2
448122 2
448317 2
448527 2
448727 2
448924 2
449112 2
449292 2
449482 2
449667 2
449868 2
450042 2
446138 
455726 2
457184 1
457439 2
459186 1
459384 2
460944 2
461187 1
462979 2
463189 1
465191 1
465326 2
467033 2
467193 1
469054 2
469195 1
471093 2
471197 1
473050 2
473200 1
475099 2
475202 1
477184 2
477204 1
479139 2
479206 1
481207 1
481269 2
483098 2
483209 1
485098 2
485211 1
486855 2
487213 1
489215 1
489221 2
491187 2
491216 1
493125 2
493217 1
495127 2
495219 1
497138 2
497221 1
499102 2
499222 1
501108 2
501224 1
503054 2
503225 1
505029 2
505226 1
507094 2
508983 2
510963 2
512968 2
514878 2
516837 2
518686 2
520681 2
522854 2
524889 2
526857 2
528707 2
530751 2
532821 2
534869 2
536850 2
538721 2
540752 2
542722 2
544669 2
505226 
505226 5
550450 1
550653 1
550703 2
550855 1
550947 2
551056 1
551137 2
551257 1
551320 2
551458 1
551500 2
551661 1
551681 2
551873 1
551873 2
552058 2
552076 1
552253 2
552278 1
552483 1
552485 2
552685 1
552702 2
552887 1
552914 2
553091 1
553160 2
553292 1
553373 2
553494 1
553563 2
553697 1
553761 2
553899 1
553961 2
554100 1
554164 2
554301 1
554368 2
554503 1
554562 2
554716 1
554766 2
554918 1
554978 2
555119 1
555167 2
555341 1
555547 2
555733 2
556091 2
556504 2
556954 2
557518 2
558320 2
559059 2
555341 
565453 1
565614 2
566120 1
566229 2
566758 2
566788 1
567413 2
567456 1
568100 2
568125 1
568792 1
568795 2
569440 2
569460 1
570079 2
570127 1
570793 2
570795 1
571463 1
571464 2
572131 1
572190 2
572793 2
572799 1
573426 2
573466 1
574090 2
574134 1
574769 2
574802 1
575433 2
575469 1
576137 1
576149 2
576805 1
576836 2
577474 1
577494 2
578142 1
578156 2
578810 1
578818 2
579462 2
579478 1
580122 2
580147 1
580815 1
580900 2
581442 2
581482 1
582081 2
582150 1
582747 2
582818 1
583452 2
583486 1
584060 2
584154 1
584750 2
584822 1
585474 2
585490 1
586096 2
586158 1
586764 2
587458 2
588063 2
588676 2
589316 2
590054 2
590723 2
591414 2
592096 2
592784 2
593485 2
594215 2
594942 2
595606 2
596295 2
596936 2
597593 2
598245 2
598950 2
586158 
605523 1
605745 2
606167 2
606525 1
607444 2
607527 1
608397 2
608528 1
609530 1
609547 2
610435 2
610532 1
611463 2
611534 1
612454 2
612536 1
613451 2
613538 1
614436 2
614540 1
615497 2
615541 1
616443 2
616544 1
617470 2
617547 1
618482 2
618549 1
619556 1
619562 2
620499 2
620559 1
621477 2
621566 1
622569 1
622573 2
623473 2
623571 1
624448 2
624572 1
625555 2
625573 1
626565 2
626576 1
627471 2
627577 1
628481 2
628578 1
629522 2
629579 1
630491 2
630581 1
631532 2
631583 1
632517 2
632586 1
633489 2
633588 1
634556 2
634589 1
635571 2
635591 1
636500 2
637495 2
638542 2
639514 2
640494 2
641494 2
642532 2
643590 2
644683 2
645728 2
646728 2
647748 2
648827 2
649831 2
650819 2
651849 2
652834 2
653801 2
654758 2
635591 
660948 1
661139 2
661283 1
661527 2
661617 1
661871 2
661953 1
662231 2
662288 1
662610 2
662623 1
662958 1
662981 2
663289 2
663293 1
663619 2
663628 1
663952 2
663963 1
664283 2
664298 1
664633 1
664634 2
664968 1
664983 2
665302 1
665320 2
665637 1
665660 2
665972 1
665972 2
666307 1
666307 2
666618 2
666642 1
666969 2
666976 1
667288 2
667311 1
667635 2
667646 1
667981 1
667981 2
668315 1
668352 2
668630 2
668650 1
668981 2
668985 1
669311 2
669320 1
669655 1
670014 2
670474 2
670872 2
671249 2
671577 2
671901 2
672237 2
672640 2
672977 2
673299 2
673667 2
674042 2
674380 2
674739 2
675073 2
675434 2
675807 2
676161 2
669655 
681907 2
683339 1
683614 2
684169 2
685271 2
685341 1
687343 1
687490 2
689174 2
689345 1
691138 2
691347 1
693068 2
693349 1
695214 2
695352 1
697163 2
697354 1
699139 2
699356 1
701067 2
701358 1
703166 2
703360 1
705142 2
705363 1
707119 2
707365 1
709093 2
709367 1
711183 2
711369 1
713186 2
713372 1
715273 2
715374 1
717098 2
717376 1
719378 1
719428 2
721134 2
721380 1
723166 2
723381 1
725173 2
725383 1
727329 2
727385 1
729264 2
729386 1
731077 2
731388 1
733389 1
733504 2
735119 2
735391 1
737219 2
737392 1
739336 2
739395 1
741377 2
743460 2
745459 2
747543 2
749722 2
752180 2
754547 2
756979 2
759265 2
761546 2
763797 2
766446 2
768582 2
770693 2
772943 2
775240 2
777678 2
739395 
784939 1
785159 2
785441 1
785726 2
785943 1
786328 2
786445 1
786862 2
786947 1
787380 2
787449 1
787899 2
787950 1
788410 2
788451 1
788924 2
788953 1
789377 2
789455 1
789882 2
789957 1
790398 2
790458 1
790884 2
790961 1
791463 1
791469 2
791938 2
791965 1
792444 2
792467 1
792968 1
792989 2
793471 1
793471 2
793964 2
793973 1
794473 2
794475 1
794900 2
794976 1
795381 2
795478 1
795836 2
795981 1
796370 2
796483 1
796856 2
796984 1
797401 2
797486 1
797927 2
798426 2
798877 2
799379 2
799870 2
800413 2
800907 2
801463 2
802001 2
802481 2
802961 2
803497 2
803967 2
804462 2
804948 2
805449 2
805949 2
806478 2
806985 2
807497 2
797486 
812781 1
813033 1
813034 2
813284 1
813307 2
813520 2
813536 1
813727 2
813788 1
814014 2
814039 1
814262 2
814291 1
814510 2
814544 1
814770 2
814801 1
815005 2
815053 1
815240 2
815305 1
815520 2
815557 1
815780 2
815809 1
816053 2
816067 1
816318 1
816324 2
816571 1
816571 2
816793 2
816823 1
817014 2
817075 1
817254 2
817327 1
817540 2
817601 1
817806 2
817854 1
818078 2
818106 1
818351 2
818359 1
818586 2
818611 1
818821 2
818864 1
819067 2
819115 1
819304 2
819367 1
819554 2
819619 1
819783 2
820031 2
820276 2
820527 2
820793 2
821051 2
821302 2
821559 2
821806 2
822063 2
822297 2
822579 2
822830 2
823108 2
823343 2
823614 2
823855 2
824139 2
824354 2
824618 2
819619 
819619 5
830164 1
830351 2
830666 1
830879 2
831169 1
831498 2
831671 1
832077 2
832173 1
832646 2
832675 1
833161 2
833178 1
833656 2
833680 1
834135 2
834181 1
834644 2
834683 1
835132 2
835185 1
835640 2
835687 1
836146 2
836189 1
836652 2
836691 1
837168 2
837193 1
837660 2
837694 1
838154 2
838195 1
838626 2
838697 1
839078 2
839198 1
839583 2
839704 1
840115 2
840205 1
840634 2
840707 1
841169 2
841209 1
841651 2
841710 1
842123 2
842211 1
842607 2
842713 1
843111 2
843215 1
843616 2
844045 2
844522 2
845019 2
845504 2
846291 2
847165 2
847744 2
848245 2
848775 2
849302 2
849884 2
850389 2
850992 2
851515 2
852075 2
852612 2
853146 2
843215 
858610 2
858906 1
859252 2
859574 1
860010 2
860241 1
860715 2
860909 1
861427 2
861577 1
862107 2
862245 1
862850 2
862913 1
863507 2
863581 1
864132 2
864249 1
864800 2
864917 1
865467 2
865586 1
866136 2
866255 1
866780 2
866923 1
867405 2
867591 1
868073 2
868258 1
868741 2
868926 1
869394 2
869594 1
870041 2
870262 1
870661 2
870929 1
871390 2
871596 1
872053 2
872264 1
872774 2
872931 1
873433 2
873599 1
874121 2
874267 1
874785 2
874935 1
875441 2
875602 1
876110 2
876270 1
876732 2
876937 1
877430 2
877604 1
878081 2
878272 1
878728 2
878940 1
879396 2
879609 1
880045 2
880278 1
880648 2
881257 2
881940 2
882626 2
883208 2
883836 2
884505 2
885055 2
885686 2
886334 2
886985 2
887577 2
888246 2
888859 2
889472 2
890168 2
890791 2
891386 2
892087 2
892686 2
893350 2
880278 
898956 1
899249 2
899292 1
899591 2
899626 1
899891 2
899962 1
900239 2
900296 1
900602 2
900630 1
900941 2
900965 1
901248 2
901300 1
901634 1
901634 2
901969 1
901981 2
902304 1
902310 2
902624 2
902639 1
902954 2
902974 1
903265 2
903308 1
903619 2
903643 1
903928 2
903977 1
904264 2
904312 1
904599 2
904647 1
904956 2
904982 1
905282 2
905318 1
905628 2
905654 1
905935 2
905988 1
906275 2
906323 1
906595 2
906657 1
906962 2
906993 1
907323 2
907327 1
907649 2
907662 1
908005 2
908356 2
908701 2
909031 2
909361 2
909721 2
910036 2
910397 2
910732 2
911093 2
911437 2
911771 2
912122 2
912457 2
912803 2
913168 2
913512 2
913882 2
914212 2
907662 
919567 1
919770 1
919972 1
919988 2
920173 1
920174 2
920344 2
920374 1
920530 2
920577 1
920710 2
920779 1
920911 2
920980 1
921108 2
921183 1
921300 2
921385 1
921491 2
921586 1
921688 2
921789 1
921880 2
921991 1
922067 2
922192 1
922255 2
922395 1
922457 2
922597 1
922656 2
922799 1
922850 2
923002 1
923047 2
923204 1
923234 2
923405 1
923419 2
923608 1
923614 2
923810 1
923810 2
924007 2
924011 1
924212 1
924213 2
924413 1
924413 2
924603 2
924615 1
924811 2
924816 1
925015 2
925017 1
925218 1
925218 2
925424 2
925639 2
925842 2
926041 2
926249 2
926456 2
926661 2
926851 2
927048 2
927237 2
927451 2
927658 2
927852 2
928063 2
928278 2
928470 2
928680 2
928896 2
929108 2
925218 
935244 1
935485 2
936246 1
936427 2
937177 2
937248 1
938115 2
938250 1
939159 2
939253 1
940106 2
940255 1
941256 1
941258 2
942250 2
942258 1
943192 2
943259 1
944172 2
944261 1
945192 2
945263 1
946191 2
946265 1
947083 2
947267 1
948149 2
948269 1
949206 2
949287 1
950200 2
950288 1
951148 2
951289 1
952113 2
952290 1
953148 2
953291 1
954187 2
954293 1
955225 2
955294 1
956226 2
956295 1
957216 2
957298 1
958240 2
958300 1
959207 2
959301 1
960139 2
960303 1
961198 2
961305 1
962199 2
962307 1
963213 2
963309 1
964229 2
964311 1
965260 2
965313 1
966167 2
966315 1
967238 2
967316 1
968207 2
968319 1
969225 2
970200 2
971124 2
972109 2
973072 2
974014 2
974924 2
975835 2
976684 2
977693 2
978668 2
979647 2
980588 2
981480 2
982440 2
983404 2
984388 2
985354 2
986226 2
987178 2
988147 2
968319 
995364 1
995809 2
996477 2
997367 1
997600 2
999369 1
999541 2
1.00115e+006 2
1.00137e+006 1
1.00337e+006 1
1.00337e+006 2
1.00523e+006 2
1.00538e+006 1
1.00705e+006 2
1.00738e+006 1
1.00896e+006 2
1.00938e+006 1
1.01139e+006 1
1.0114e+006 2
1.01314e+006 2
1.01339e+006 1
1.01525e+006 2
1.01539e+006 1
1.01739e+006 1
1.01749e+006 2
1.01905e+006 2
1.01939e+006 1
1.02115e+006 2
1.0214e+006 1
1.0233e+006 2
1.0234e+006 1
1.02539e+006 2
1.0254e+006 1
1.02719e+006 2
1.0274e+006 1
1.02914e+006 2
1.0294e+006 1
1.0314e+006 1
1.03146e+006 2
1.03338e+006 2
1.03341e+006 1
1.03505e+006 2
1.03541e+006 1
1.03741e+006 1
1.03766e+006 2
1.03935e+006 2
1.03941e+006 1
1.04115e+006 2
1.04141e+006 1
1.04324e+006 2
1.04342e+006 1
1.04542e+006 1
1.04545e+006 2
1.04716e+006 2
1.04742e+006 1
1.04925e+006 2
1.04942e+006 1
1.05121e+006 2
1.05143e+006 1
1.05343e+006 1
1.05347e+006 2
1.05529e+006 2
1.05543e+006 1
1.05743e+006 1
1.05921e+006 2
1.06103e+006 2
1.06276e+006 2
1.06442e+006 2
1.0662e+006 2
1.06825e+006 2
1.07036e+006 2
1.07235e+006 2
1.07525e+006 2
1.07721e+006 2
1.07814e+006 2
1.07902e+006 2
1.07976e+006 2
1.08056e+006 2
1.08132e+006 2
1.08203e+006 2
1.08277e+006 2
1.08353e+006 2
1.08427e+006 2
1.08505e+006 2
1.08586e+006 2
1.08663e+006 2
1.08737e+006 2
1.08818e+006 2
1.08894e+006 2
1.08979e+006 2
1.09056e+006 2
1.0913e+006 2
1.09207e+006 2
1.09281e+006 2
1.09355e+006 2
1.0943e+006 2
1.09506e+006 2
1.09583e+006 2
1.09659e+006 2
1.09742e+006 2
1.05743e+006 
1.10271e+006 1
1.10296e+006 1
1.10298e+006 2
1.10321e+006 1
1.10329e+006 2
1.10346e+006 1
1.10352e+006 2
1.10372e+006 1
1.10375e+006 2
1.10397e+006 1
1.10398e+006 2
1.1042e+006 2
1.10422e+006 1
1.10444e+006 2
1.10447e+006 1
1.1047e+006 2
1.10472e+006 1
1.10494e+006 2
1.10498e+006 1
1.10514e+006 2
1.10523e+006 1
1.10534e+006 2
1.10548e+006 1
1.10556e+006 2
1.10573e+006 1
1.10579e+006 2
1.10598e+006 1
1.106e+006 2
1.10623e+006 2
1.10624e+006 1
1.10645e+006 2
1.10649e+006 1
1.10671e+006 2
1.10674e+006 1
1.10695e+006 2
1.10699e+006 1
1.10722e+006 2
1.10724e+006 1
1.10749e+006 2
1.1075e+006 1
1.10775e+006 1
1.10776e+006 2
1.108e+006 1
1.108e+006 2
1.10823e+006 2
1.10825e+006 1
1.10849e+006 2
1.1085e+006 1
1.10876e+006 1
1.10876e+006 2
1.10899e+006 2
1.10901e+006 1
1.10922e+006 2
1.10926e+006 1
1.10951e+006 1
1.10951e+006 2
1.10976e+006 2
1.10976e+006 1
1.10999e+006 2
1.11001e+006 1
1.11022e+006 2
1.11053e+006 2
1.11089e+006 2
1.11115e+006 2
1.1114e+006 2
1.11167e+006 2
1.11193e+006 2
1.11222e+006 2
1.1125e+006 2
1.11278e+006 2
1.11308e+006 2
1.11331e+006 2
1.11362e+006 2
1.11389e+006 2
1.11421e+006 2
1.11448e+006 2
1.11478e+006 2
1.11001e+006 
1.11001e+006 5
1.1203e+006 2
1.12204e+006 1
1.12222e+006 2
1.12305e+006 2
1.12404e+006 1
1.12428e+006 2
1.12592e+006 2
1.12604e+006 1
1.12802e+006 2
1.12804e+006 1
1.13005e+006 1
1.13015e+006 2
1.13201e+006 2
1.13205e+006 1
1.13392e+006 2
1.13405e+006 1
1.13605e+006 1
1.1362e+006 2
1.13769e+006 2
1.13805e+006 1
1.13974e+006 2
1.14005e+006 1
1.14206e+006 1
1.14223e+006 2
1.14406e+006 1
1.14419e+006 2
1.14591e+006 2
1.14606e+006 1
1.14782e+006 2
1.14806e+006 1
1.15003e+006 2
1.15006e+006 1
1.15201e+006 2
1.15207e+006 1
1.154e+006 2
1.15407e+006 1
1.15607e+006 1
1.15611e+006 2
1.15807e+006 1
1.15828e+006 2
1.16007e+006 1
1.16035e+006 2
1.16195e+006 2
1.16208e+006 1
1.16408e+006 1
1.16413e+006 2
1.16608e+006 1
1.16628e+006 2
1.16802e+006 2
1.16808e+006 1
1.16988e+006 2
1.17008e+006 1
1.17205e+006 2
1.17209e+006 1
1.17405e+006 2
1.17409e+006 1
1.17609e+006 1
1.17622e+006 2
1.178e+006 2
1.17809e+006 1
1.17986e+006 2
1.18009e+006 1
1.18206e+006 2
1.1821e+006 1
1.18362e+006 2
1.18568e+006 2
1.18757e+006 2
1.18965e+006 2
1.19142e+006 2
1.19404e+006 2
1.19643e+006 2
1.19856e+006 2
1.20084e+006 2
1.20288e+006 2
1.20498e+006 2
1.20714e+006 2
1.20935e+006 2
1.21145e+006 2
1.21364e+006 2
1.21602e+006 2
1.21816e+006 2
1.22021e+006 2
1.1821e+006 
1.22745e+006 1
1.22779e+006 1
1.2278e+006 2
1.22812e+006 2
1.22812e+006 1
1.22843e+006 2
1.22846e+006 1
1.22879e+006 2
1.22879e+006 1
1.22911e+006 2
1.22913e+006 1
1.22944e+006 2
1.22947e+006 1
1.22978e+006 2
1.2298e+006 1
1.23011e+006 2
1.23014e+006 1
1.23045e+006 2
1.23047e+006 1
1.2308e+006 2
1.2308e+006 1
1.23114e+006 1
1.23115e+006 2
1.23147e+006 1
1.23149e+006 2
1.2318e+006 2
1.23181e+006 1
1.23214e+006 2
1.23214e+006 1
1.23245e+006 2
1.23248e+006 1
1.2328e+006 2
1.23281e+006 1
1.23314e+006 2
1.23315e+006 1
1.23346e+006 2
1.23348e+006 1
1.23382e+006 1
1.23382e+006 2
1.23413e+006 2
1.23415e+006 1
1.23447e+006 2
1.23449e+006 1
1.23483e+006 1
1.23483e+006 2
1.23516e+006 1
1.23518e+006 2
1.2355e+006 1
1.23553e+006 2
1.23583e+006 1
1.23587e+006 2
1.23617e+006 1
1.23621e+006 2
1.2365e+006 1
1.23653e+006 2
1.23684e+006 1
1.23685e+006 2
1.23717e+006 1
1.23718e+006 2
1.23751e+006 1
1.23753e+006 2
1.23782e+006 2
1.23785e+006 1
1.23817e+006 2
1.23868e+006 2
1.23909e+006 2
1.23942e+006 2
1.23978e+006 2
1.24013e+006 2
1.24054e+006 2
1.24092e+006 2
1.24129e+006 2
1.24165e+006 2
1.24202e+006 2
1.24246e+006 2
1.24287e+006 2
1.24328e+006 2
1.24367e+006 2
1.24405e+006 2
1.24446e+006 2
1.23785e+006 
1.2498e+006 1
1.25005e+006 1
1.2502e+006 2
1.25031e+006 1
1.25045e+006 2
1.25056e+006 1
1.25072e+006 2
1.25081e+006 1
1.25095e+006 2
1.25106e+006 1
1.25123e+006 2
1.25131e+006 1
1.25151e+006 2
1.25157e+006 1
1.2516e+006 2
1.25182e+006 2
1.25182e+006 1
1.25207e+006 2
1.25207e+006 1
1.25232e+006 2
1.25232e+006 1
1.25257e+006 1
1.25259e+006 2
1.25282e+006 1
1.25284e+006 2
1.25306e+006 2
1.25308e+006 1
1.25331e+006 2
1.25333e+006 1
1.25355e+006 2
1.25358e+006 1
1.25382e+006 2
1.25383e+006 1
1.25407e+006 2
1.25409e+006 1
1.25433e+006 2
1.25434e+006 1
1.25459e+006 1
1.2546e+006 2
1.25484e+006 1
1.25486e+006 2
1.25509e+006 1
1.25511e+006 2
1.25534e+006 1
1.25535e+006 2
1.25557e+006 2
1.2556e+006 1
1.25583e+006 2
1.25585e+006 1
1.2561e+006 1
1.2561e+006 2
1.25634e+006 2
1.25635e+006 1
1.25659e+006 2
1.2566e+006 1
1.25686e+006 1
1.25687e+006 2
1.25711e+006 1
1.25738e+006 2
1.25762e+006 2
1.25794e+006 2
1.2582e+006 2
1.25848e+006 2
1.25876e+006 2
1.25903e+006 2
1.25931e+006 2
1.25959e+006 2
1.25983e+006 2
1.26008e+006 2
1.26034e+006 2
1.26059e+006 2
1.26083e+006 2
1.2611e+006 2
1.26139e+006 2
1.26165e+006 2
1.26191e+006 2
1.25711e+006 
1.26765e+006 1
1.26788e+006 2
1.26815e+006 1
1.26847e+006 2
1.26866e+006 1
1.26908e+006 2
1.26916e+006 1
1.26966e+006 1
1.26966e+006 2
1.27016e+006 1
1.27016e+006 2
1.27066e+006 1
1.27068e+006 2
1.27117e+006 1
1.27118e+006 2
1.27166e+006 2
1.27167e+006 1
1.27219e+006 1
1.27219e+006 2
1.27265e+006 2
1.27269e+006 1
1.27318e+006 2
1.27319e+006 1
1.27366e+006 2
1.27369e+006 1
1.27413e+006 2
1.27419e+006 1
1.27467e+006 2
1.2747e+006 1
1.27515e+006 2
1.2752e+006 1
1.27565e+006 2
1.27576e+006 1
1.27615e+006 2
1.27626e+006 1
1.27665e+006 2
1.27678e+006 1
1.27718e+006 2
1.27728e+006 1
1.27772e+006 2
1.27778e+006 1
1.2782e+006 2
1.27829e+006 1
1.27869e+006 2
1.27879e+006 1
1.27918e+006 2
1.27929e+006 1
1.2797e+006 2
1.27979e+006 1
1.28022e+006 2
1.28029e+006 1
1.28071e+006 2
1.28079e+006 1
1.28127e+006 2
1.2813e+006 1
1.28177e+006 2
1.2818e+006 1
1.28222e+006 2
1.2823e+006 1
1.28272e+006 2
1.2828e+006 1
1.28326e+006 2
1.28377e+006 2
1.28431e+006 2
1.2848e+006 2
1.28538e+006 2
1.28589e+006 2
1.2864e+006 2
1.28695e+006 2
1.28747e+006 2
1.28797e+006 2
1.28847e+006 2
1.28902e+006 2
1.28956e+006 2
1.29005e+006 2
1.29057e+006 2
1.2911e+006 2
1.29162e+006 2
1.29212e+006 2
1.29266e+006 2
1.2828e+006 
1.29849e+006 1
1.29916e+006 1
1.29929e+006 2
1.29983e+006 1
1.29983e+006 2
1.30043e+006 2
1.3005e+006 1
1.30116e+006 2
1.30116e+006 1
1.30179e+006 2
1.30183e+006 1
1.30236e+006 2
1.3025e+006 1
1.30306e+006 2
1.30317e+006 1
1.30373e+006 2
1.30384e+006 1
1.30441e+006 2
1.3045e+006 1
1.30504e+006 2
1.30517e+006 1
1.30573e+006 2
1.30584e+006 1
1.30638e+006 2
1.30651e+006 1
1.30704e+006 2
1.30717e+006 1
1.30765e+006 2
1.30784e+006 1
1.30823e+006 2
1.30851e+006 1
1.30888e+006 2
1.30918e+006 1
1.3095e+006 2
1.30984e+006 1
1.31014e+006 2
1.31051e+006 1
1.31082e+006 2
1.31118e+006 1
1.31127e+006 2
1.31185e+006 1
1.31197e+006 2
1.31251e+006 1
1.31261e+006 2
1.31318e+006 1
1.31323e+006 2
1.31372e+006 2
1.31385e+006 1
1.31428e+006 2
1.31452e+006 1
1.31485e+006 2
1.31519e+006 1
1.3163e+006 2
1.31688e+006 2
1.31747e+006 2
1.31803e+006 2
1.31862e+006 2
1.31927e+006 2
1.31992e+006 2
1.32058e+006 2
1.3212e+006 2
1.32188e+006 2
1.32253e+006 2
1.32312e+006 2
1.32375e+006 2
1.32442e+006 2
1.32499e+006 2
1.32564e+006 2
1.32632e+006 2
1.32696e+006 2
1.32758e+006 2
1.32816e+006 2
1.31519e+006 
1.33416e+006 2
1.33455e+006 1
1.33498e+006 2
1.33556e+006 1
1.33648e+006 2
1.33656e+006 1
1.33746e+006 2
1.33756e+006 1
1.33849e+006 2
1.33858e+006 1
1.33955e+006 2
1.33958e+006 1
1.34055e+006 2
1.34058e+006 1
1.34146e+006 2
1.34159e+006 1
1.34239e+006 2
1.34259e+006 1
1.34349e+006 2
1.34359e+006 1
1.34456e+006 2
1.34459e+006 1
1.34559e+006 1
1.3456e+006 2
1.34654e+006 2
1.3466e+006 1
1.34757e+006 2
1.3476e+006 1
1.34847e+006 2
1.3486e+006 1
1.34957e+006 2
1.3496e+006 1
1.3506e+006 1
1.35064e+006 2
1.35155e+006 2
1.3516e+006 1
1.35258e+006 2
1.35261e+006 1
1.35357e+006 2
1.35361e+006 1
1.35454e+006 2
1.35461e+006 1
1.35552e+006 2
1.35561e+006 1
1.35655e+006 2
1.35661e+006 1
1.35753e+006 2
1.35761e+006 1
1.35852e+006 2
1.35862e+006 1
1.35962e+006 1
1.35964e+006 2
1.36059e+006 2
1.36062e+006 1
1.36159e+006 2
1.36162e+006 1
1.36259e+006 2
1.36262e+006 1
1.3636e+006 2
1.3647e+006 2
1.36576e+006 2
1.36678e+006 2
1.36791e+006 2
1.369e+006 2
1.37006e+006 2
1.3712e+006 2
1.37235e+006 2
1.37343e+006 2
1.37456e+006 2
1.3756e+006 2
1.37673e+006 2
1.37787e+006 2
1.37896e+006 2
1.38008e+006 2
1.38117e+006 2
1.3823e+006 2
1.36262e+006 
1.38785e+006 1
1.38805e+006 1
1.38813e+006 2
1.38825e+006 1
1.38839e+006 2
1.38846e+006 1
1.38859e+006 2
1.38866e+006 1
1.38877e+006 2
1.38886e+006 1
1.38898e+006 2
1.38906e+006 1
1.3892e+006 2
1.38927e+006 1
1.38943e+006 2
1.38947e+006 1
1.38967e+006 2
1.38967e+006 1
1.38987e+006 1
1.3899e+006 2
1.39008e+006 1
1.3901e+006 2
1.39028e+006 1
1.39029e+006 2
1.39048e+006 1
1.39049e+006 2
1.39068e+006 1
1.39069e+006 2
1.39089e+006 1
1.3909e+006 2
1.39109e+006 1
1.3911e+006 2
1.39129e+006 1
1.39129e+006 2
1.39149e+006 1
1.3915e+006 2
1.39169e+006 1
1.39171e+006 2
1.3919e+006 1
1.39192e+006 2
1.3921e+006 1
1.39213e+006 2
1.3923e+006 1
1.39234e+006 2
1.3925e+006 1
1.39255e+006 2
1.3927e+006 1
1.39273e+006 2
1.3929e+006 1
1.39293e+006 2
1.3931e+006 1
1.39333e+006 2
1.39355e+006 2
1.39376e+006 2
1.39397e+006 2
1.39419e+006 2
1.3944e+006 2
1.39461e+006 2
1.39481e+006 2
1.39502e+006 2
1.39522e+006 2
1.39543e+006 2
1.39564e+006 2
1.39587e+006 2
1.39608e+006 2
1.3963e+006 2
1.3965e+006 2
1.39669e+006 2
1.39689e+006 2
1.39712e+006 2
1.3931e+006 
1.3931e+006 5
1.40246e+006 1
1.40271e+006 2
1.4028e+006 1
1.40304e+006 2
1.40313e+006 1
1.40339e+006 2
1.40346e+006 1
1.40375e+006 2
1.4038e+006 1
1.40408e+006 2
1.40413e+006 1
1.4044e+006 2
1.40447e+006 1
1.40476e+006 2
1.4048e+006 1
1.40507e+006 2
1.40514e+006 1
1.40541e+006 2
1.40548e+006 1
1.40576e+006 2
1.40584e+006 1
1.4061e+006 2
1.40618e+006 1
1.40645e+006 2
1.40652e+006 1
1.40679e+006 2
1.40687e+006 1
1.40712e+006 2
1.40721e+006 1
1.40748e+006 2
1.40754e+006 1
1.40785e+006 2
1.40787e+006 1
1.40818e+006 2
1.40821e+006 1
1.4085e+006 2
1.40854e+006 1
1.40884e+006 2
1.40888e+006 1
1.40917e+006 2
1.40921e+006 1
1.40952e+006 2
1.40955e+006 1
1.40983e+006 2
1.40988e+006 1
1.41018e+006 2
1.41022e+006 1
1.41052e+006 2
1.41055e+006 1
1.41087e+006 2
1.41127e+006 2
1.41162e+006 2
1.41197e+006 2
1.4123e+006 2
1.41265e+006 2
1.41298e+006 2
1.41335e+006 2
1.41367e+006 2
1.41404e+006 2
1.41441e+006 2
1.41479e+006 2
1.41516e+006 2
1.41554e+006 2
1.4159e+006 2
1.41629e+006 2
1.41662e+006 2
1.417e+006 2
1.41055e+006 
1.42257e+006 2
1.4229e+006 1
1.42322e+006 2
1.42357e+006 1
1.42391e+006 2
1.42424e+006 1
1.42467e+006 2
1.42484e+006 2
1.42491e+006 1
1.4254e+006 2
1.42557e+006 1
1.42603e+006 2
1.42624e+006 1
1.42673e+006 2
1.42691e+006 1
1.42741e+006 2
1.42758e+006 1
1.42806e+006 2
1.42824e+006 1
1.42869e+006 2
1.42891e+006 1
1.42936e+006 2
1.42958e+006 1
1.43007e+006 2
1.43025e+006 1
1.43074e+006 2
1.43092e+006 1
1.43148e+006 2
1.43158e+006 1
1.43215e+006 2
1.43225e+006 1
1.43282e+006 2
1.43292e+006 1
1.43347e+006 2
1.43359e+006 1
1.43415e+006 2
1.43426e+006 1
1.43489e+006 2
1.43492e+006 1
1.43554e+006 2
1.43559e+006 1
1.43615e+006 2
1.43626e+006 1
1.43683e+006 2
1.43693e+006 1
1.43749e+006 2
1.4376e+006 1
1.43817e+006 2
1.43826e+006 1
1.43883e+006 2
1.43893e+006 1
1.43946e+006 2
1.4396e+006 1
1.44011e+006 2
1.44074e+006 2
1.44135e+006 2
1.44195e+006 2
1.44258e+006 2
1.44326e+006 2
1.44393e+006 2
1.44456e+006 2
1.44524e+006 2
1.44586e+006 2
1.44656e+006 2
1.44726e+006 2
1.44789e+006 2
1.44854e+006 2
1.44927e+006 2
1.44995e+006 2
1.45064e+006 2
1.45136e+006 2
1.45206e+006 2
1.45281e+006 2
1.4396e+006 
1.45816e+006 1
1.45837e+006 1
1.45844e+006 2
1.45857e+006 1
1.45872e+006 2
1.45877e+006 1
1.45895e+006 2
1.45897e+006 1
1.45917e+006 1
1.45921e+006 2
1.45937e+006 1
1.45942e+006 2
1.45958e+006 1
1.45962e+006 2
1.45978e+006 1
1.45981e+006 2
1.45998e+006 1
1.46001e+006 2
1.46018e+006 1
1.46022e+006 2
1.46038e+006 1
1.46042e+006 2
1.46059e+006 1
1.4606e+006 2
1.46079e+006 1
1.46079e+006 2
1.46098e+006 2
1.46099e+006 1
1.46119e+006 2
1.46119e+006 1
1.4614e+006 1
1.46141e+006 2
1.4616e+006 1
1.46163e+006 2
1.4618e+006 1
1.46183e+006 2
1.462e+006 1
1.46205e+006 2
1.4622e+006 1
1.46226e+006 2
1.46241e+006 1
1.46248e+006 2
1.46261e+006 1
1.46266e+006 2
1.46281e+006 1
1.46287e+006 2
1.46301e+006 1
1.46308e+006 2
1.46322e+006 1
1.46329e+006 2
1.46342e+006 1
1.4635e+006 2
1.46362e+006 1
1.46371e+006 2
1.46382e+006 1
1.46392e+006 2
1.46403e+006 1
1.46413e+006 2
1.46423e+006 1
1.46433e+006 2
1.46443e+006 1
1.46455e+006 2
1.46478e+006 2
1.465e+006 2
1.4652e+006 2
1.4654e+006 2
1.46559e+006 2
1.4658e+006 2
1.466e+006 2
1.46619e+006 2
1.46638e+006 2
1.46656e+006 2
1.46674e+006 2
1.46695e+006 2
1.46715e+006 2
1.46734e+006 2
1.46754e+006 2
1.46772e+006 2
1.4679e+006 2
1.46806e+006 2
1.46826e+006 2
1.46443e+006 
1.47445e+006 1
1.47462e+006 2
1.47497e+006 2
1.47545e+006 1
1.4761e+006 2
1.47646e+006 1
1.47737e+006 2
1.47746e+006 1
1.47836e+006 2
1.47846e+006 1
1.47925e+006 2
1.47946e+006 1
1.48027e+006 2
1.48046e+006 1
1.48131e+006 2
1.48146e+006 1
1.48227e+006 2
1.48246e+006 1
1.4833e+006 2
1.48347e+006 1
1.48419e+006 2
1.48447e+006 1
1.48527e+006 2
1.48547e+006 1
1.48628e+006 2
1.48647e+006 1
1.48707e+006 2
1.48747e+006 1
1.48848e+006 1
1.48919e+006 2
1.48948e+006 1
1.49016e+006 2
1.49048e+006 1
1.49144e+006 2
1.49148e+006 1
1.49247e+006 2
1.49248e+006 1
1.49349e+006 1
1.49351e+006 2
1.49449e+006 1
1.49452e+006 2
1.49537e+006 2
1.49549e+006 1
1.49625e+006 2
1.49649e+006 1
1.49729e+006 2
1.49749e+006 1
1.49829e+006 2
1.4985e+006 1
1.49939e+006 2
1.4995e+006 1
1.5004e+006 2
1.5005e+006 1
1.50141e+006 2
1.5015e+006 1
1.5024e+006 2
1.5025e+006 1
1.50346e+006 2
1.5035e+006 1
1.50452e+006 2
1.50561e+006 2
1.50644e+006 2
1.50738e+006 2
1.50841e+006 2
1.50941e+006 2
1.51056e+006 2
1.51128e+006 2
1.51229e+006 2
1.51336e+006 2
1.51434e+006 2
1.51536e+006 2
