0 5 120
11015 5 120
11015 4 -8610
2405 2 5
11217 1 5
11418 1 5
11618 2 5
11619 4 1
11619 1 5
11805 2 5
11820 4 15
11820 1 5
11985 2 5
12021 4 36
12021 1 5
12131 2 5
12223 4 92
12223 1 5
12223 4 -86
12309 2 5
12424 1 5
12424 4 -66
12490 2 5
12625 1 5
12625 4 -36
12661 2 5
12826 1 5
12826 4 -11
12837 2 5
13007 2 5
13028 4 21
13028 1 5
13195 2 5
13229 4 34
13229 1 5
13394 2 5
13431 4 37
13431 1 5
13581 2 5
13633 4 52
13633 1 5
13781 2 5
13958 2 5
14167 2 5
14363 2 5
14532 2 5
14695 2 5
14862 2 5
15181 2 5
15349 2 5
15824 2 5
17064 2 5
23657 1 1
23657 4 -469
24126 2 1
24658 1 1
24658 4 -43
24701 2 1
25501 2 1
25659 4 158
25659 1 1
26511 2 1
26660 4 149
26660 1 1
27534 2 1
27661 4 127
27661 1 1
28497 2 1
28662 4 165
28662 1 1
29469 2 1
29664 4 195
29664 1 1
30505 2 1
30665 4 160
30665 1 1
31667 1 1
32561 2 1
32668 4 107
32668 1 1
33669 1 1
34670 1 1
35643 2 1
35671 4 28
35671 1 1
36587 2 1
36672 4 85
36672 1 1
37674 1 1
38675 1 1
39676 1 1
40478 2 1
40677 4 199
40677 1 1
41624 2 1
41678 4 54
41678 1 1
42668 2 1
42679 4 11
42679 1 1
43534 2 1
43680 4 146
43680 1 1
44681 1 1
45466 2 1
45682 4 216
45682 1 1
46683 1 1
47684 1 1
55294 2 1
55799 2 1
56335 2 1
56886 2 1
73041 1 3
73375 1 3
73375 4 -82
73457 2 3
73703 2 3
73710 4 7
73710 1 3
74042 2 3
74044 4 2
74044 1 3
74341 2 3
74378 4 37
74378 1 3
74690 2 3
74712 4 22
74712 1 3
75034 2 3
75046 4 12
75046 1 3
75380 1 3
75714 1 3
76048 1 3
76383 1 3
76717 1 3
77051 1 3
77386 1 3
77720 1 3
78054 1 3
78388 1 3
78723 1 3
79058 1 3
79392 1 3
79726 1 3
80060 1 3
80394 1 3
80728 1 3
81063 1 3
81397 1 3
81679 2 3
81732 4 53
81732 1 3
82066 1 3
82400 1 3
82734 1 3
83068 1 3
83402 1 3
83736 1 3
97419 1 0.5
97419 4 -529
97948 2 0.5
99420 1 0.5
101421 1 0.5
101421 4 -45
101466 2 0.5
103166 2 0.5
103422 4 256
103422 1 0.5
105262 2 0.5
105423 4 161
105423 1 0.5
107374 2 0.5
107425 4 51
107425 1 0.5
109426 1 0.5
111427 1 0.5
111427 4 -10
111437 2 0.5
113265 2 0.5
113428 4 163
113428 1 0.5
115413 2 0.5
115429 4 16
115429 1 0.5
117430 1 0.5
119333 2 0.5
119432 4 99
119432 1 0.5
121420 2 0.5
121434 4 14
121434 1 0.5
123435 1 0.5
125436 1 0.5
127428 2 0.5
127437 4 9
127437 1 0.5
129368 2 0.5
129439 4 71
129439 1 0.5
131440 1 0.5
131440 4 -81
131521 2 0.5
133355 2 0.5
133441 4 86
133441 1 0.5
135442 1 0.5
137411 2 0.5
137443 4 32
137443 1 0.5
139444 1 0.5
141370 2 0.5
141445 4 75
141445 1 0.5
143447 1 0.5
145449 1 0.5
145449 4 -67
145516 2 0.5
147450 1 0.5
149451 1 0.5
151397 2 0.5
151452 4 55
151452 1 0.5
170561 2 0.5
174113 2 0.5
176548 2 0.5
178898 2 0.5
181079 2 0.5
183228 2 0.5
185219 2 0.5
187325 2 0.5
189444 2 0.5
196975 1 2
197477 1 2
197477 4 -84
197561 2 2
197928 2 2
197978 4 50
197978 1 2
198425 2 2
198479 4 54
198479 1 2
198898 2 2
198980 4 82
198980 1 2
199420 2 2
199481 4 61
199481 1 2
199886 2 2
199982 4 96
199982 1 2
200430 2 2
200484 4 54
200484 1 2
200946 2 2
200985 4 39
200985 1 2
201448 2 2
201486 4 38
201486 1 2
201944 2 2
201987 4 43
201987 1 2
202420 2 2
202488 4 68
202488 1 2
202908 2 2
202989 4 81
202989 1 2
203406 2 2
203491 4 85
203491 1 2
203901 2 2
203993 4 92
203993 1 2
204450 2 2
204494 4 44
204494 1 2
204953 2 2
204995 4 42
204995 1 2
205463 2 2
205496 4 33
205496 1 2
205959 2 2
205997 4 38
205997 1 2
206426 2 2
206498 4 72
206498 1 2
206900 2 2
206999 4 99
206999 1 2
207384 2 2
207501 4 117
207501 1 2
207955 2 2
208002 4 47
208002 1 2
208488 2 2
208503 4 15
208503 1 2
208946 2 2
209005 4 59
209005 1 2
209448 2 2
209507 4 59
209507 1 2
209906 2 2
210008 4 102
210008 1 2
210436 2 2
210510 4 74
210510 1 2
210903 2 2
211011 4 108
211011 1 2
211362 2 2
211512 4 150
211512 1 2
211896 2 2
212013 4 117
212013 1 2
212405 2 2
212858 2 2
213375 2 2
213855 2 2
214342 2 2
214858 2 2
215362 2 2
215832 2 2
216350 2 2
227702 1 1.5
228162 2 1.5
228370 4 208
228370 1 1.5
228893 2 1.5
229037 4 144
229037 1 1.5
229576 2 1.5
229705 4 129
229705 1 1.5
230372 1 1.5
230957 2 1.5
231040 4 83
231040 1 1.5
231704 2 1.5
231707 4 3
231707 1 1.5
232374 1 1.5
232374 4 -48
232422 2 1.5
232997 2 1.5
233041 4 44
233041 1 1.5
233679 2 1.5
233709 4 30
233709 1 1.5
234376 1 1.5
234376 4 -56
234432 2 1.5
234983 2 1.5
235043 4 60
235043 1 1.5
235704 2 1.5
235710 4 6
235710 1 1.5
236283 2 1.5
236377 4 94
236377 1 1.5
236992 2 1.5
237044 4 52
237044 1 1.5
237664 2 1.5
237712 4 48
237712 1 1.5
238293 2 1.5
238380 4 87
238380 1 1.5
238945 2 1.5
239047 4 102
239047 1 1.5
239633 2 1.5
239715 4 82
239715 1 1.5
240241 2 1.5
240382 4 141
240382 1 1.5
240967 2 1.5
241049 4 82
241049 1 1.5
241693 2 1.5
241716 4 23
241716 1 1.5
242370 2 1.5
242383 4 13
242383 1 1.5
243001 2 1.5
243050 4 49
243050 1 1.5
243625 2 1.5
243718 4 93
243718 1 1.5
244355 2 1.5
244385 4 30
244385 1 1.5
244996 2 1.5
245052 4 56
245052 1 1.5
245665 2 1.5
246394 2 1.5
247085 2 1.5
247804 2 1.5
248551 2 1.5
249324 2 1.5
250107 2 1.5
250959 2 1.5
251789 2 1.5
252487 2 1.5
253172 2 1.5
253858 2 1.5
254525 2 1.5
255195 2 1.5
255877 2 1.5
256543 2 1.5
257278 2 1.5
257976 2 1.5
263645 1 4
263896 1 4
264026 2 4
264147 4 121
264147 1 4
264398 1 4
264398 4 -67
264465 2 4
264649 1 4
264649 4 -20
264669 2 4
264900 1 4
264900 4 -12
264912 2 4
265142 2 4
265151 4 9
265151 1 4
265369 2 4
265402 4 33
265402 1 4
265640 2 4
265653 4 13
265653 1 4
265905 1 4
265905 4 -5
265910 2 4
266116 2 4
266156 4 40
266156 1 4
266394 2 4
266407 4 13
266407 1 4
266659 1 4
266869 2 4
266910 4 41
266910 1 4
267150 2 4
267161 4 11
267161 1 4
267397 2 4
267412 4 15
267412 1 4
267625 2 4
267663 4 38
267663 1 4
267901 2 4
267914 4 13
267914 1 4
268156 2 4
268165 4 9
268165 1 4
268377 2 4
268417 4 40
268417 1 4
268620 2 4
268668 4 48
268668 1 4
268855 2 4
268919 4 64
268919 1 4
269164 2 4
269170 4 6
269170 1 4
269422 1 4
269653 2 4
269674 4 21
269674 1 4
269926 1 4
270177 1 4
270367 2 4
270428 4 61
270428 1 4
270651 2 4
270679 4 28
270679 1 4
270930 1 4
271143 2 4
271181 4 38
271181 1 4
418544 3 184
418543 5 30
420546 1 0.5
420546 4 -625
421171 2 0.5
422101 2 0.5
422547 4 446
422547 1 0.5
422547 4 -819
423366 2 0.5
424549 1 0.5
424549 4 -142
424691 2 0.5
426521 2 0.5
426550 4 29
426550 1 0.5
428219 2 0.5
428551 4 332
428551 1 0.5
428551 4 -472
429023 2 0.5
430552 1 0.5
430552 4 -136
430688 2 0.5
432554 1 0.5
432554 4 -160
432714 2 0.5
434556 1 0.5
434556 4 -34
434590 2 0.5
436414 2 0.5
436558 4 144
436558 1 0.5
438450 2 0.5
438559 4 109
438559 1 0.5
440475 2 0.5
440561 4 86
440561 1 0.5
442440 2 0.5
442563 4 123
442563 1 0.5
444564 1 0.5
444564 4 -169
444733 2 0.5
446230 2 0.5
446565 4 335
446565 1 0.5
448566 1 0.5
448566 4 -33
448599 2 0.5
450440 2 0.5
450567 4 127
450567 1 0.5
452509 2 0.5
452568 4 59
452568 1 0.5
454569 1 0.5
454569 4 -155
454724 2 0.5
456536 2 0.5
456570 4 34
456570 1 0.5
458393 2 0.5
458571 4 178
458571 1 0.5
460496 2 0.5
460573 4 77
460573 1 0.5
462574 1 0.5
462574 4 -100
462674 2 0.5
464575 1 0.5
464575 4 -126
464701 2 0.5
466577 1 0.5
466577 4 -56
466633 2 0.5
468440 2 0.5
468579 4 139
468579 1 0.5
470406 2 0.5
470580 4 174
470580 1 0.5
472483 2 0.5
472581 4 98
472581 1 0.5
474582 1 0.5
476398 2 0.5
478158 2 0.5
480122 2 0.5
482082 2 0.5
483981 2 0.5
485829 2 0.5
487761 2 0.5
489699 2 0.5
491607 2 0.5
493551 2 0.5
495417 2 0.5
497242 2 0.5
499222 2 0.5
500939 2 0.5
502747 2 0.5
504619 2 0.5
506414 2 0.5
508311 2 0.5
510037 2 0.5
511730 2 0.5
513715 2 0.5
519855 1 4
520106 1 4
520250 2 4
520357 4 107
520357 1 4
520608 1 4
520608 4 -89
520697 2 4
520859 1 4
520859 4 -13
520872 2 4
521110 1 4
521110 4 -10
521120 2 4
521361 1 4
521361 4 -5
521366 2 4
521612 1 4
521612 4 -21
521633 2 4
521864 1 4
521864 4 -7
521871 2 4
522116 1 4
522116 4 -10
522126 2 4
522355 2 4
522367 4 12
522367 1 4
522611 2 4
522618 4 7
522618 1 4
522859 2 4
522869 4 10
522869 1 4
523118 2 4
523121 4 3
523121 1 4
523365 2 4
523373 4 8
523373 1 4
523618 2 4
523624 4 6
523624 1 4
523876 1 4
523876 4 -18
523894 2 4
524127 1 4
524127 4 -6
524133 2 4
524360 2 4
524379 4 19
524379 1 4
524601 2 4
524631 4 30
524631 1 4
524869 2 4
524883 4 14
524883 1 4
525110 2 4
525134 4 24
525134 1 4
525384 2 4
525385 4 1
525385 1 4
525624 2 4
525637 4 13
525637 1 4
525879 2 4
525888 4 9
525888 1 4
526095 2 4
526357 2 4
526619 2 4
526911 2 4
527139 2 4
527400 2 4
527647 2 4
527921 2 4
528188 2 4
528450 2 4
528728 2 4
528990 2 4
529263 2 4
529553 2 4
529844 2 4
530155 2 4
530491 2 4
530819 2 4
536911 1 1
536911 4 -325
537236 2 1
537912 1 1
537912 4 -154
538066 2 1
538901 2 1
538913 4 12
538913 1 1
539914 1 1
539914 4 -11
539925 2 1
540916 1 1
540916 4 -9
540925 2 1
541906 2 1
541917 4 11
541917 1 1
542863 2 1
542918 4 55
542918 1 1
543915 2 1
543920 4 5
543920 1 1
544921 1 1
544921 4 -66
544987 2 1
545868 2 1
545922 4 54
545922 1 1
546823 2 1
546923 4 100
546923 1 1
547895 2 1
547925 4 30
547925 1 1
548846 2 1
548926 4 80
548926 1 1
549906 2 1
549928 4 22
549928 1 1
550877 2 1
550929 4 52
550929 1 1
551788 2 1
551930 4 142
551930 1 1
552752 2 1
552932 4 180
552932 1 1
553886 2 1
553933 4 47
553933 1 1
554934 1 1
554934 4 -33
554967 2 1
555890 2 1
555935 4 45
555935 1 1
556937 1 1
556937 4 -80
557017 2 1
557923 2 1
557938 4 15
557938 1 1
558911 2 1
558940 4 29
558940 1 1
559876 2 1
559941 4 65
559941 1 1
560942 1 1
561906 2 1
562845 2 1
563811 2 1
564739 2 1
565664 2 1
566583 2 1
567501 2 1
568366 2 1
569175 2 1
569999 2 1
570821 2 1
571678 2 1
572584 2 1
573413 2 1
574227 2 1
575048 2 1
575873 2 1
576665 2 1
577479 2 1
578248 2 1
579067 2 1
579868 2 1
580651 2 1
586633 1 1.5
586998 2 1.5
587300 4 302
587300 1 1.5
587899 2 1.5
587967 4 68
587967 1 1.5
588634 1 1.5
588634 4 -11
588645 2 1.5
589301 1 1.5
589301 4 -28
589329 2 1.5
589942 2 1.5
589968 4 26
589968 1 1.5
590610 2 1.5
590635 4 25
590635 1 1.5
591227 2 1.5
591302 4 75
591302 1 1.5
591895 2 1.5
591970 4 75
591970 1 1.5
592597 2 1.5
592637 4 40
592637 1 1.5
593304 1 1.5
593304 4 -14
593318 2 1.5
593955 2 1.5
593971 4 16
593971 1 1.5
594638 1 1.5
594638 4 -33
594671 2 1.5
595281 2 1.5
595305 4 24
595305 1 1.5
595927 2 1.5
595972 4 45
595972 1 1.5
596630 2 1.5
596639 4 9
596639 1 1.5
597252 2 1.5
597306 4 54
597306 1 1.5
597910 2 1.5
597973 4 63
597973 1 1.5
598584 2 1.5
598640 4 56
598640 1 1.5
599216 2 1.5
599307 4 91
599307 1 1.5
599897 2 1.5
599974 4 77
599974 1 1.5
600549 2 1.5
600641 4 92
600641 1 1.5
601233 2 1.5
601308 4 75
601308 1 1.5
601897 2 1.5
601976 4 79
601976 1 1.5
602600 2 1.5
602643 4 43
602643 1 1.5
603309 2 1.5
603310 4 1
603310 1 1.5
603910 2 1.5
603977 4 67
603977 1 1.5
604600 2 1.5
604645 4 45
604645 1 1.5
605282 2 1.5
605312 4 30
605312 1 1.5
605953 2 1.5
605979 4 26
605979 1 1.5
606595 2 1.5
606646 4 51
606646 1 1.5
607282 2 1.5
607979 2 1.5
608589 2 1.5
609212 2 1.5
609826 2 1.5
610403 2 1.5
611110 2 1.5
611742 2 1.5
612421 2 1.5
613025 2 1.5
625189 1 5
625390 1 5
625592 1 5
625793 1 5
625963 2 5
625994 4 31
625994 1 5
626176 2 5
626196 4 20
626196 1 5
626397 1 5
626397 4 -7
626404 2 5
626598 1 5
626799 1 5
626991 2 5
627000 4 9
627000 1 5
627202 1 5
627403 1 5
627604 1 5
627746 2 5
627806 4 60
627806 1 5
627981 2 5
628007 4 26
628007 1 5
628204 2 5
628208 4 4
628208 1 5
628398 2 5
628409 4 11
628409 1 5
628596 2 5
628610 4 14
628610 1 5
628776 2 5
628811 4 35
628811 1 5
628973 2 5
629012 4 39
629012 1 5
629198 2 5
629213 4 15
629213 1 5
629408 2 5
629414 4 6
629414 1 5
629615 1 5
629816 1 5
629953 2 5
630017 4 64
630017 1 5
630159 2 5
630218 4 59
630218 1 5
630383 2 5
630604 2 5
630792 2 5
630986 2 5
631173 2 5
631395 2 5
631581 2 5
631768 2 5
631972 2 5
632154 2 5
632370 2 5
632593 2 5
632788 2 5
632971 2 5
633155 2 5
633343 2 5
633527 2 5
633741 2 5
639740 1 2
640122 2 2
640241 4 119
640241 1 2
640687 2 2
640742 4 55
640742 1 2
641175 2 2
641243 4 68
641243 1 2
641685 2 2
641744 4 59
641744 1 2
642202 2 2
642245 4 43
642245 1 2
642720 2 2
642746 4 26
642746 1 2
643215 2 2
643247 4 32
643247 1 2
643712 2 2
643748 4 36
643748 1 2
644201 2 2
644250 4 49
644250 1 2
644684 2 2
644751 4 67
644751 1 2
645214 2 2
645253 4 39
645253 1 2
645722 2 2
645754 4 32
645754 1 2
646209 2 2
646255 4 46
646255 1 2
646715 2 2
646756 4 41
646756 1 2
647234 2 2
647257 4 23
647257 1 2
647743 2 2
647759 4 16
647759 1 2
648237 2 2
648261 4 24
648261 1 2
648742 2 2
648763 4 21
648763 1 2
649227 2 2
649265 4 38
649265 1 2
649743 2 2
649766 4 23
649766 1 2
650226 2 2
650267 4 41
650267 1 2
650737 2 2
650768 4 31
650768 1 2
651214 2 2
651269 4 55
651269 1 2
651764 2 2
651770 4 6
651770 1 2
652263 2 2
652271 4 8
652271 1 2
652760 2 2
653205 2 2
653735 2 2
654190 2 2
654651 2 2
655090 2 2
655531 2 2
655963 2 2
656395 2 2
667628 1 3
667962 1 3
667962 4 -2
667964 2 3
668282 2 3
668296 4 14
668296 1 3
668619 2 3
668630 4 11
668630 1 3
668964 1 3
668964 4 -18
668982 2 3
669299 1 3
669299 4 -28
669327 2 3
669633 1 3
669633 4 -60
669693 2 3
669967 1 3
669967 4 -55
670022 2 3
670302 1 3
670302 4 -48
670350 2 3
670637 1 3
670637 4 -56
670693 2 3
670971 1 3
670971 4 -34
671005 2 3
671306 1 3
671306 4 -16
671322 2 3
671641 1 3
671641 4 -34
671675 2 3
671975 1 3
671975 4 -19
671994 2 3
672310 1 3
672310 4 -9
672319 2 3
672610 2 3
672644 4 34
672644 1 3
672965 2 3
672978 4 13
672978 1 3
673305 2 3
673312 4 7
673312 1 3
673629 2 3
673647 4 18
673647 1 3
673982 1 3
673982 4 -13
673995 2 3
674316 1 3
674316 4 -12
674328 2 3
674650 1 3
674650 4 -11
674661 2 3
674985 1 3
674985 4 -26
675011 2 3
675260 2 3
675319 4 59
675319 1 3
675625 2 3
675654 4 29
675654 1 3
675978 2 3
676302 2 3
676650 2 3
677034 2 3
677368 2 3
677719 2 3
678081 2 3
678424 2 3
678780 2 3
679134 2 3
679457 2 3
679817 2 3
680189 2 3
680554 2 3
680924 2 3
681306 2 3
681703 2 3
682078 2 3
831368 3 472
831367 5 90
831703 1 3
832037 1 3
832371 1 3
832539 2 3
832705 4 166
832705 1 3
832919 2 3
833039 4 120
833039 1 3
833317 2 3
833374 4 57
833374 1 3
833708 1 3
833708 4 -3
833711 2 3
834042 1 3
834042 4 -46
834088 2 3
834376 1 3
834376 4 -70
834446 2 3
834711 1 3
834711 4 -76
834787 2 3
835045 1 3
835045 4 -43
835088 2 3
835379 1 3
835379 4 -33
835412 2 3
835713 1 3
835713 4 -32
835745 2 3
836047 1 3
836047 4 -17
836064 2 3
836381 1 3
836715 1 3
836715 4 -12
836727 2 3
837029 2 3
837049 4 20
837049 1 3
837355 2 3
837383 4 28
837383 1 3
837682 2 3
837717 4 35
837717 1 3
838051 1 3
838051 4 -7
838058 2 3
838379 2 3
838386 4 7
838386 1 3
838704 2 3
838720 4 16
838720 1 3
839055 1 3
839055 4 -23
839078 2 3
839390 1 3
839390 4 -22
839412 2 3
839724 1 3
839724 4 -5
839729 2 3
840058 1 3
840058 4 -3
840061 2 3
840393 1 3
840393 4 -10
840403 2 3
840721 2 3
840728 4 7
840728 1 3
841062 1 3
841062 4 -1
841063 2 3
841387 2 3
841397 4 10
841397 1 3
841726 2 3
841731 4 5
841731 1 3
842047 2 3
842445 2 3
842835 2 3
843228 2 3
843640 2 3
844075 2 3
844503 2 3
844955 2 3
845433 2 3
845937 2 3
846382 2 3
846800 2 3
847203 2 3
847646 2 3
848049 2 3
853614 1 5
853815 1 5
854016 1 5
854217 1 5
854418 1 5
854418 4 -32
854450 2 5
854619 1 5
854619 4 -8
854627 2 5
854795 2 5
854820 4 25
854820 1 5
854971 2 5
855021 4 50
855021 1 5
855169 2 5
855222 4 53
855222 1 5
855384 2 5
855424 4 40
855424 1 5
855576 2 5
855625 4 49
855625 1 5
855794 2 5
855826 4 32
855826 1 5
855976 2 5
856027 4 51
856027 1 5
856189 2 5
856229 4 40
856229 1 5
856399 2 5
856430 4 31
856430 1 5
856604 2 5
856631 4 27
856631 1 5
856788 2 5
856832 4 44
856832 1 5
856977 2 5
857033 4 56
857033 1 5
857208 2 5
857234 4 26
857234 1 5
857412 2 5
857436 4 24
857436 1 5
857586 2 5
857638 4 52
857638 1 5
857778 2 5
857840 4 62
857840 1 5
857979 2 5
858041 4 62
858041 1 5
858204 2 5
858243 4 39
858243 1 5
858425 2 5
858445 4 20
858445 1 5
858626 2 5
858646 4 20
858646 1 5
858835 2 5
858848 4 13
858848 1 5
859023 2 5
859487 2 5
859900 2 5
860326 2 5
860819 2 5
861279 2 5
861789 2 5
862269 2 5
862728 2 5
868536 1 1.5
869203 1 1.5
869625 2 1.5
869870 4 245
869870 1 1.5
870454 2 1.5
870537 4 83
870537 1 1.5
871204 1 1.5
871828 2 1.5
871871 4 43
871871 1 1.5
872490 2 1.5
872538 4 48
872538 1 1.5
873144 2 1.5
873205 4 61
873205 1 1.5
873816 2 1.5
873872 4 56
873872 1 1.5
874471 2 1.5
874539 4 68
874539 1 1.5
875206 1 1.5
875784 2 1.5
875873 4 89
875873 1 1.5
876436 2 1.5
876540 4 104
876540 1 1.5
877100 2 1.5
877208 4 108
877208 1 1.5
877805 2 1.5
877876 4 71
877876 1 1.5
878458 2 1.5
878543 4 85
878543 1 1.5
879100 2 1.5
879211 4 111
879211 1 1.5
879756 2 1.5
879878 4 122
879878 1 1.5
880440 2 1.5
880545 4 105
880545 1 1.5
881154 2 1.5
881212 4 58
881212 1 1.5
881839 2 1.5
881879 4 40
881879 1 1.5
882450 2 1.5
882546 4 96
882546 1 1.5
883109 2 1.5
883213 4 104
883213 1 1.5
883826 2 1.5
883880 4 54
883880 1 1.5
884450 2 1.5
884547 4 97
884547 1 1.5
885115 2 1.5
885214 4 99
885214 1 1.5
885855 2 1.5
885881 4 26
885881 1 1.5
886548 1 1.5
886548 4 -13
886561 2 1.5
887163 2 1.5
887215 4 52
887215 1 1.5
887716 2 1.5
887882 4 166
887882 1 1.5
888381 2 1.5
888549 4 168
888549 1 1.5
889087 2 1.5
908893 1 0.5
908893 4 -784
909677 2 0.5
910894 1 0.5
910894 4 -219
911113 2 0.5
912795 2 0.5
912895 4 100
912895 1 0.5
914896 1 0.5
914896 4 -3
914899 2 0.5
916638 2 0.5
916897 4 259
916897 1 0.5
918869 2 0.5
918898 4 29
918898 1 0.5
920796 2 0.5
920899 4 103
920899 1 0.5
922690 2 0.5
922900 4 210
922900 1 0.5
924668 2 0.5
924901 4 233
924901 1 0.5
926903 1 0.5
926903 4 -153
927056 2 0.5
928877 2 0.5
928904 4 27
928904 1 0.5
930906 1 0.5
932907 1 0.5
934908 1 0.5
936910 1 0.5
938911 1 0.5
940912 1 0.5
942913 1 0.5
944598 2 0.5
944914 4 316
944914 1 0.5
946915 1 0.5
946915 4 -72
946987 2 0.5
948916 1 0.5
950918 1 0.5
950918 4 -16
950934 2 0.5
952920 1 0.5
954921 1 0.5
956922 1 0.5
958923 1 0.5
960801 2 0.5
960925 4 124
960925 1 0.5
962849 2 0.5
962926 4 77
962926 1 0.5
964927 1 0.5
964927 4 -118
965045 2 0.5
966929 1 0.5
968930 1 0.5
970755 2 0.5
972618 2 0.5
1.01445e+006 1 2
1.01496e+006 1 2
1.01546e+006 1 2
1.01595e+006 2 2
1.01596e+006 4 4
1.01596e+006 1 2
1.01646e+006 1 2
1.01696e+006 1 2
1.01742e+006 2 2
1.01746e+006 4 40
1.01746e+006 1 2
1.01796e+006 1 2
1.01846e+006 1 2
1.0189e+006 2 2
1.01897e+006 4 64
1.01897e+006 1 2
1.01947e+006 1 2
1.01997e+006 1 2
1.02047e+006 1 2
1.02093e+006 2 2
1.02097e+006 4 44
1.02097e+006 1 2
1.02147e+006 1 2
1.02197e+006 1 2
1.02247e+006 1 2
1.02297e+006 1 2
1.02348e+006 1 2
1.02398e+006 1 2
1.02445e+006 2 2
1.02448e+006 4 24
1.02448e+006 1 2
1.02498e+006 1 2
1.02548e+006 1 2
1.02596e+006 2 2
1.02598e+006 4 19
1.02598e+006 1 2
1.02646e+006 2 2
1.02648e+006 4 24
1.02648e+006 1 2
1.04175e+006 1 4
1.04201e+006 1 4
1.04226e+006 1 4
1.04247e+006 2 4
1.04251e+006 4 34
1.04251e+006 1 4
1.04275e+006 2 4
1.04276e+006 4 11
1.04276e+006 1 4
1.04301e+006 1 4
1.04324e+006 2 4
1.04326e+006 4 19
1.04326e+006 1 4
1.04351e+006 1 4
1.04375e+006 2 4
1.04377e+006 4 16
1.04377e+006 1 4
1.04402e+006 1 4
1.04424e+006 2 4
1.04427e+006 4 29
1.04427e+006 1 4
1.04452e+006 1 4
1.04475e+006 2 4
1.04477e+006 4 24
1.04477e+006 1 4
1.04502e+006 1 4
1.04527e+006 1 4
1.04527e+006 4 -30
1.0453e+006 2 4
1.04552e+006 1 4
1.04552e+006 4 -25
1.04555e+006 2 4
1.04577e+006 2 4
1.04578e+006 4 6
1.04578e+006 1 4
1.04601e+006 2 4
1.04603e+006 4 17
1.04603e+006 1 4
1.04627e+006 2 4
1.04628e+006 4 12
1.04628e+006 1 4
1.04653e+006 2 4
1.04653e+006 4 4
1.04653e+006 1 4
1.04678e+006 2 4
1.04678e+006 4 7
1.04678e+006 1 4
1.04703e+006 1 4
1.04703e+006 4 -2
1.04704e+006 2 4
1.04728e+006 2 4
1.04729e+006 4 1
1.04729e+006 1 4
1.04753e+006 2 4
1.04754e+006 4 3
1.04754e+006 1 4
1.04778e+006 2 4
1.04779e+006 4 9
1.04779e+006 1 4
1.04803e+006 2 4
1.04804e+006 4 7
1.04804e+006 1 4
1.04827e+006 2 4
1.04829e+006 4 18
1.04829e+006 1 4
1.04852e+006 2 4
1.05931e+006 1 1
1.06031e+006 1 1
1.06129e+006 2 1
1.06131e+006 4 27
1.06131e+006 1 1
1.06232e+006 1 1
1.06332e+006 1 1
1.06426e+006 2 1
1.06432e+006 4 62
1.06432e+006 1 1
1.06528e+006 2 1
1.06532e+006 4 41
1.06532e+006 1 1
1.06632e+006 1 1
1.06723e+006 2 1
1.06732e+006 4 89
1.06732e+006 1 1
1.06832e+006 1 1
1.06932e+006 1 1
1.07032e+006 1 1
1.07032e+006 4 -7
1.07033e+006 2 1
1.07133e+006 1 1
1.07133e+006 4 -11
1.07134e+006 2 1
1.07229e+006 2 1
1.07233e+006 4 33
1.07233e+006 1 1
1.07333e+006 1 1
1.07333e+006 4 -46
1.07337e+006 2 1
1.07433e+006 1 1
1.0753e+006 2 1
1.07533e+006 4 29
1.07533e+006 1 1
1.07633e+006 1 1
1.07717e+006 2 1
1.07733e+006 4 165
1.07733e+006 1 1
1.07833e+006 2 1
1.07833e+006 4 2
1.07833e+006 1 1
1.07933e+006 1 1
1.07933e+006 4 -86
1.07942e+006 2 1
1.08024e+006 2 1
1.08034e+006 4 92
1.08034e+006 1 1
1.08134e+006 1 1
1.08231e+006 2 1
1.08234e+006 4 29
1.08234e+006 1 1
1.08332e+006 2 1
1.08334e+006 4 24
1.08334e+006 1 1
1.08434e+006 1 1
1.0852e+006 2 1
1.08534e+006 4 145
1.08534e+006 1 1
1.08609e+006 2 1
1.08692e+006 2 1
1.08778e+006 2 1
1.08874e+006 2 1
1.0897e+006 2 1
1.09072e+006 2 1
1.09159e+006 2 1
1.09261e+006 2 1
1.09361e+006 2 1
1.09467e+006 2 1
1.09564e+006 2 1
1.09676e+006 2 1
1.09781e+006 2 1
1.09882e+006 2 1
1.09989e+006 2 1
1.10107e+006 2 1
1.10223e+006 2 1
1.1034e+006 2 1
1.10459e+006 2 1
1175625 3 656
1.17563e+006 5 60
1.17596e+006 1 3
1.17629e+006 1 3
1.17651e+006 2 3
1.17663e+006 4 123
1.17663e+006 1 3
1.1769e+006 2 3
1.17696e+006 4 61
1.17696e+006 1 3
1.17729e+006 2 3
1.1773e+006 4 11
1.1773e+006 1 3
1.17763e+006 1 3
1.17763e+006 4 -25
1.17766e+006 2 3
1.17797e+006 1 3
1.17797e+006 4 -36
1.178e+006 2 3
1.1783e+006 1 3
1.1783e+006 4 -40
1.17834e+006 2 3
1.17863e+006 1 3
1.17863e+006 4 -53
1.17869e+006 2 3
1.17897e+006 1 3
1.17897e+006 4 -37
1.179e+006 2 3
1.1793e+006 1 3
1.1793e+006 4 -29
1.17933e+006 2 3
1.17964e+006 1 3
1.17964e+006 4 -31
1.17967e+006 2 3
1.17997e+006 1 3
1.17997e+006 4 -21
1.17999e+006 2 3
1.1803e+006 1 3
1.1803e+006 4 -6
1.18031e+006 2 3
1.18064e+006 1 3
1.18064e+006 4 -13
1.18065e+006 2 3
1.18097e+006 1 3
1.18097e+006 4 -10
1.18098e+006 2 3
1.18131e+006 1 3
1.18131e+006 4 -23
1.18133e+006 2 3
1.18164e+006 1 3
1.18164e+006 4 -29
1.18167e+006 2 3
1.18196e+006 2 3
1.18197e+006 4 12
1.18197e+006 1 3
1.18231e+006 1 3
1.18231e+006 4 -19
1.18233e+006 2 3
1.18263e+006 2 3
1.18264e+006 4 7
1.18264e+006 1 3
1.18298e+006 1 3
1.18298e+006 4 -5
1.18298e+006 2 3
1.18331e+006 1 3
1.18331e+006 4 -6
1.18332e+006 2 3
1.18364e+006 1 3
1.18364e+006 4 -1
1.18364e+006 2 3
1.18396e+006 2 3
1.18398e+006 4 14
1.18398e+006 1 3
1.1843e+006 2 3
1.18431e+006 4 11
1.18431e+006 1 3
1.18464e+006 2 3
1.18465e+006 4 3
1.18465e+006 1 3
1.18498e+006 1 3
1.18498e+006 4 -6
1.18499e+006 2 3
1.18531e+006 2 3
1.18531e+006 4 3
1.18531e+006 1 3
1.18565e+006 1 3
1.18565e+006 4 -1
1.18565e+006 2 3
1.18598e+006 2 3
1.18598e+006 4 6
1.18598e+006 1 3
1.18632e+006 1 3
1.18632e+006 4 -17
1.18633e+006 2 3
1.18665e+006 2 3
1.18665e+006 4 5
1.18665e+006 1 3
1.18696e+006 2 3
1.18698e+006 4 27
1.18698e+006 1 3
1.1873e+006 2 3
1.18767e+006 2 3
1.18805e+006 2 3
1.18845e+006 2 3
1.18888e+006 2 3
1.18931e+006 2 3
1.18977e+006 2 3
1.19023e+006 2 3
1.19071e+006 2 3
1.19117e+006 2 3
1.19164e+006 2 3
1.19209e+006 2 3
1.19257e+006 2 3
1.19304e+006 2 3
1.19353e+006 2 3
1.19967e+006 1 1
1.19967e+006 4 -336
1.2e+006 2 1
1.20067e+006 1 1
1.20067e+006 4 -142
1.20081e+006 2 1
1.20162e+006 2 1
1.20167e+006 4 53
1.20167e+006 1 1
1.20263e+006 2 1
1.20267e+006 4 45
1.20267e+006 1 1
1.20359e+006 2 1
1.20367e+006 4 82
1.20367e+006 1 1
1.20457e+006 2 1
1.20467e+006 4 106
1.20467e+006 1 1
1.20558e+006 2 1
1.20567e+006 4 92
1.20567e+006 1 1
1.20656e+006 2 1
1.20668e+006 4 114
1.20668e+006 1 1
1.20765e+006 2 1
1.20768e+006 4 27
1.20768e+006 1 1
1.20862e+006 2 1
1.20868e+006 4 60
1.20868e+006 1 1
1.20961e+006 2 1
1.20968e+006 4 67
1.20968e+006 1 1
1.21055e+006 2 1
1.21068e+006 4 129
1.21068e+006 1 1
1.21153e+006 2 1
1.21168e+006 4 157
1.21168e+006 1 1
1.21252e+006 2 1
1.21268e+006 4 166
1.21268e+006 1 1
1.21368e+006 1 1
1.21368e+006 4 -43
1.21373e+006 2 1
1.21463e+006 2 1
1.21469e+006 4 54
1.21469e+006 1 1
1.21561e+006 2 1
1.21569e+006 4 78
1.21569e+006 1 1
1.21652e+006 2 1
1.21669e+006 4 167
1.21669e+006 1 1
1.2176e+006 2 1
1.21769e+006 4 89
1.21769e+006 1 1
1.21869e+006 1 1
1.21869e+006 4 -9
1.2187e+006 2 1
1.21969e+006 2 1
1.21969e+006 4 2
1.21969e+006 1 1
1.22067e+006 2 1
1.22069e+006 4 22
1.22069e+006 1 1
1.22166e+006 2 1
1.22169e+006 4 32
1.22169e+006 1 1
1.22264e+006 2 1
1.22269e+006 4 52
1.22269e+006 1 1
1.22365e+006 2 1
1.2237e+006 4 48
1.2237e+006 1 1
1.22465e+006 2 1
1.2247e+006 4 51
1.2247e+006 1 1
1.22566e+006 2 1
1.2257e+006 4 42
1.2257e+006 1 1
1.22665e+006 2 1
1.2267e+006 4 45
1.2267e+006 1 1
1.2277e+006 1 1
1.2277e+006 4 -20
1.22772e+006 2 1
1.2287e+006 1 1
1.2287e+006 4 -14
1.22872e+006 2 1
1.22966e+006 2 1
1.2297e+006 4 38
1.2297e+006 1 1
1.2307e+006 1 1
1.2307e+006 4 -58
1.23076e+006 2 1
1.23162e+006 2 1
1.2317e+006 4 80
1.2317e+006 1 1
1.23264e+006 2 1
1.23271e+006 4 67
1.23271e+006 1 1
1.23366e+006 2 1
1.23467e+006 2 1
1.23566e+006 2 1
1.23665e+006 2 1
1.23772e+006 2 1
1.23867e+006 2 1
1.23963e+006 2 1
1.2405e+006 2 1
1.2414e+006 2 1
1.24227e+006 2 1
1.24324e+006 2 1
1.24421e+006 2 1
1.24516e+006 2 1
1.24608e+006 2 1
1.24701e+006 2 1
1.248e+006 2 1
1.24891e+006 2 1
1.24982e+006 2 1
1.25068e+006 2 1
1.25156e+006 2 1
1.25251e+006 2 1
1.25973e+006 1 0.5
1.26173e+006 1 0.5
1.26173e+006 4 -205
1.26193e+006 2 0.5
1.26372e+006 2 0.5
1.26373e+006 4 13
1.26373e+006 1 0.5
1.26563e+006 2 0.5
1.26573e+006 4 105
1.26573e+006 1 0.5
1.26762e+006 2 0.5
1.26773e+006 4 116
1.26773e+006 1 0.5
1.26972e+006 2 0.5
1.26974e+006 4 15
1.26974e+006 1 0.5
1.27164e+006 2 0.5
1.27174e+006 4 97
1.27174e+006 1 0.5
1.27368e+006 2 0.5
1.27374e+006 4 58
1.27374e+006 1 0.5
1.27574e+006 1 0.5
1.27574e+006 4 -162
1.2759e+006 2 0.5
1.27761e+006 2 0.5
1.27774e+006 4 127
1.27774e+006 1 0.5
1.27953e+006 2 0.5
1.27974e+006 4 211
1.27974e+006 1 0.5
1.28174e+006 1 0.5
1.28174e+006 4 -56
1.2818e+006 2 0.5
1.28375e+006 1 0.5
1.28375e+006 4 -16
1.28376e+006 2 0.5
1.28565e+006 2 0.5
1.28575e+006 4 100
1.28575e+006 1 0.5
1.28765e+006 2 0.5
1.28775e+006 4 100
1.28775e+006 1 0.5
1.28975e+006 1 0.5
1.28975e+006 4 -11
1.28976e+006 2 0.5
1.29165e+006 2 0.5
1.29175e+006 4 101
1.29175e+006 1 0.5
1.29374e+006 2 0.5
1.29375e+006 4 8
1.29375e+006 1 0.5
1.29569e+006 2 0.5
1.29575e+006 4 62
1.29575e+006 1 0.5
1.29749e+006 2 0.5
1.29775e+006 4 269
1.29775e+006 1 0.5
1.29976e+006 1 0.5
1.29976e+006 4 -168
1.29992e+006 2 0.5
1.30176e+006 1 0.5
1.30176e+006 4 -139
1.3019e+006 2 0.5
1.30376e+006 1 0.5
1.30376e+006 4 -104
1.30386e+006 2 0.5
1.3057e+006 2 0.5
1.30576e+006 4 61
1.30576e+006 1 0.5
1.30757e+006 2 0.5
1.30776e+006 4 194
1.30776e+006 1 0.5
1.30976e+006 1 0.5
1.31176e+006 1 0.5
1.31176e+006 4 -166
1.31193e+006 2 0.5
1.31369e+006 2 0.5
1.31377e+006 4 75
1.31377e+006 1 0.5
1.31577e+006 1 0.5
1.31577e+006 4 -98
1.31586e+006 2 0.5
1.31766e+006 2 0.5
1.31777e+006 4 104
1.31777e+006 1 0.5
1.31974e+006 2 0.5
1.32178e+006 2 0.5
1.32381e+006 2 0.5
1.32579e+006 2 0.5
1.32805e+006 2 0.5
1.33014e+006 2 0.5
1.33243e+006 2 0.5
1.33481e+006 2 0.5
1.33701e+006 2 0.5
1.33944e+006 2 0.5
1.34175e+006 2 0.5
1.34428e+006 2 0.5
1.34656e+006 2 0.5
1.34892e+006 2 0.5
1.35129e+006 2 0.5
1.35362e+006 2 0.5
1.35625e+006 2 0.5
1.36329e+006 1 2
1.36379e+006 1 2
1.3642e+006 2 2
1.36429e+006 4 90
1.36429e+006 1 2
1.36473e+006 2 2
1.36479e+006 4 66
1.36479e+006 1 2
1.36523e+006 2 2
1.3653e+006 4 67
1.3653e+006 1 2
1.36573e+006 2 2
1.3658e+006 4 70
1.3658e+006 1 2
1.36626e+006 2 2
1.3663e+006 4 37
1.3663e+006 1 2
1.3668e+006 2 2
1.3668e+006 4 4
1.3668e+006 1 2
1.3673e+006 1 2
1.3673e+006 4 -4
1.3673e+006 2 2
1.3678e+006 1 2
1.3678e+006 4 -17
1.36782e+006 2 2
1.3683e+006 1 2
1.3683e+006 4 -5
1.36831e+006 2 2
1.36879e+006 2 2
1.3688e+006 4 14
1.3688e+006 1 2
1.36926e+006 2 2
1.36931e+006 4 50
1.36931e+006 1 2
1.36976e+006 2 2
1.36981e+006 4 49
1.36981e+006 1 2
1.37024e+006 2 2
1.37031e+006 4 65
1.37031e+006 1 2
1.37075e+006 2 2
1.37081e+006 4 61
1.37081e+006 1 2
1.37128e+006 2 2
1.37131e+006 4 33
1.37131e+006 1 2
1.37176e+006 2 2
1.37181e+006 4 54
1.37181e+006 1 2
1.37231e+006 1 2
1.37231e+006 4 -3
1.37232e+006 2 2
1.37281e+006 1 2
1.37281e+006 4 -4
1.37282e+006 2 2
1.37331e+006 1 2
1.37331e+006 4 -9
1.37332e+006 2 2
1.37382e+006 1 2
1.37382e+006 4 -2
1.37382e+006 2 2
1.37428e+006 2 2
1.37432e+006 4 38
1.37432e+006 1 2
1.37479e+006 2 2
1.37482e+006 4 33
1.37482e+006 1 2
1.37527e+006 2 2
1.37532e+006 4 50
1.37532e+006 1 2
1.37576e+006 2 2
1.37582e+006 4 63
1.37582e+006 1 2
1.37628e+006 2 2
1.37632e+006 4 44
1.37632e+006 1 2
1.37676e+006 2 2
1.37682e+006 4 60
1.37682e+006 1 2
1.37729e+006 2 2
1.37733e+006 4 36
1.37733e+006 1 2
1.37778e+006 2 2
1.37783e+006 4 48
1.37783e+006 1 2
1.37828e+006 2 2
1.3788e+006 2 2
1.3793e+006 2 2
1.37982e+006 2 2
1.38034e+006 2 2
1.38085e+006 2 2
1.38135e+006 2 2
1.38186e+006 2 2
1.38235e+006 2 2
1.38285e+006 2 2
1.38338e+006 2 2
1.38389e+006 2 2
1.3844e+006 2 2
1.38492e+006 2 2
1.38541e+006 2 2
1.38593e+006 2 2
1.38644e+006 2 2
1.38699e+006 2 2
1.38754e+006 2 2
1.3931e+006 1 4
1.39335e+006 1 4
1.39355e+006 2 4
1.3936e+006 4 48
1.3936e+006 1 4
1.39383e+006 2 4
1.39385e+006 4 19
1.39385e+006 1 4
1.3941e+006 1 4
1.3941e+006 4 -24
1.39413e+006 2 4
1.39435e+006 1 4
1.39435e+006 4 -66
1.39442e+006 2 4
1.39461e+006 1 4
1.39461e+006 4 -35
1.39464e+006 2 4
1.39486e+006 1 4
1.39486e+006 4 -35
1.39489e+006 2 4
1.39511e+006 1 4
1.39511e+006 4 -15
1.39512e+006 2 4
1.39536e+006 1 4
1.39536e+006 4 -9
1.39537e+006 2 4
1.39561e+006 1 4
1.39561e+006 4 -10
1.39562e+006 2 4
1.39586e+006 1 4
1.39586e+006 4 -21
1.39588e+006 2 4
1.39611e+006 1 4
1.39611e+006 4 -10
1.39612e+006 2 4
1.39636e+006 2 4
1.39636e+006 4 7
1.39636e+006 1 4
1.39662e+006 1 4
1.39662e+006 4 -5
1.39662e+006 2 4
1.39687e+006 1 4
1.39687e+006 4 -18
1.39688e+006 2 4
1.39712e+006 1 4
1.39712e+006 4 -13
1.39713e+006 2 4
1.39737e+006 1 4
1.39737e+006 4 -1
1.39737e+006 2 4
1.39762e+006 2 4
1.39762e+006 4 1
1.39762e+006 1 4
1.39787e+006 1 4
1.39787e+006 4 -6
1.39788e+006 2 4
1.39811e+006 2 4
1.39812e+006 4 7
1.39812e+006 1 4
1.39836e+006 2 4
1.39837e+006 4 8
1.39837e+006 1 4
1.39861e+006 2 4
1.39862e+006 4 13
1.39862e+006 1 4
1.39888e+006 1 4
1.39888e+006 4 -1
1.39888e+006 2 4
1.39912e+006 2 4
1.39913e+006 4 9
1.39913e+006 1 4
1.39935e+006 2 4
1.39938e+006 4 33
1.39938e+006 1 4
1.3996e+006 2 4
1.39963e+006 4 31
1.39963e+006 1 4
1.39986e+006 2 4
1.39988e+006 4 23
1.39988e+006 1 4
1.40009e+006 2 4
1.40013e+006 4 43
1.40013e+006 1 4
1.40038e+006 1 4
1.40038e+006 4 -10
1.40039e+006 2 4
1.40063e+006 1 4
1.40063e+006 4 -0
1.40063e+006 2 4
1.40085e+006 2 4
1.40089e+006 4 32
1.40089e+006 1 4
1.40112e+006 2 4
1.40114e+006 4 19
1.40114e+006 1 4
1.40137e+006 2 4
1.40139e+006 4 23
1.40139e+006 1 4
1.40161e+006 2 4
1.40189e+006 2 4
1.40225e+006 2 4
1.40266e+006 2 4
1.40313e+006 2 4
1.40366e+006 2 4
1.40419e+006 2 4
1.40471e+006 2 4
1.40526e+006 2 4
1.40583e+006 2 4
1.41161e+006 1 5
1.41181e+006 1 5
1.41201e+006 1 5
1.41201e+006 4 -82
1.4121e+006 2 5
1.41221e+006 1 5
1.41242e+006 1 5
1.41262e+006 1 5
1.41282e+006 1 5
1.41301e+006 2 5
1.41302e+006 4 8
1.41302e+006 1 5
1.41317e+006 2 5
1.41322e+006 4 50
1.41322e+006 1 5
1.41339e+006 2 5
1.41342e+006 4 32
1.41342e+006 1 5
1.41362e+006 2 5
1.41362e+006 4 6
1.41362e+006 1 5
1.4138e+006 2 5
1.41382e+006 4 24
1.41382e+006 1 5
1.41399e+006 2 5
1.41402e+006 4 36
1.41402e+006 1 5
1.4142e+006 2 5
1.41423e+006 4 22
1.41423e+006 1 5
1.41441e+006 2 5
1.41443e+006 4 13
1.41443e+006 1 5
1.4146e+006 2 5
1.41463e+006 4 28
1.41463e+006 1 5
1.41481e+006 2 5
1.41483e+006 4 21
1.41483e+006 1 5
1.41501e+006 2 5
1.41503e+006 4 18
1.41503e+006 1 5
1.41519e+006 2 5
1.41523e+006 4 39
1.41523e+006 1 5
1.41539e+006 2 5
1.41543e+006 4 41
1.41543e+006 1 5
1.41559e+006 2 5
1.41563e+006 4 47
1.41563e+006 1 5
1.41581e+006 2 5
1.41583e+006 4 27
1.41583e+006 1 5
1.416e+006 2 5
1.41603e+006 4 34
1.41603e+006 1 5
1.41621e+006 2 5
1.41624e+006 4 25
1.41624e+006 1 5
1.41641e+006 2 5
1.41644e+006 4 25
1.41644e+006 1 5
1.41661e+006 2 5
1.41664e+006 4 30
1.41664e+006 1 5
1.41681e+006 2 5
1.41684e+006 4 28
1.41684e+006 1 5
1.41703e+006 2 5
1.41704e+006 4 5
1.41704e+006 1 5
1.41723e+006 2 5
1.41724e+006 4 11
1.41724e+006 1 5
1.41741e+006 2 5
1.41744e+006 4 28
1.41744e+006 1 5
1.4176e+006 2 5
1.41764e+006 4 41
1.41764e+006 1 5
1.41784e+006 1 5
1.41797e+006 2 5
1.41818e+006 2 5
1.41836e+006 2 5
1.41857e+006 2 5
1.41876e+006 2 5
1.41895e+006 2 5
1.41915e+006 2 5
1.41933e+006 2 5
1.4195e+006 2 5
1.41966e+006 2 5
1.42753e+006 1 1.5
1.4282e+006 1 1.5
1.4282e+006 4 -164
1.42837e+006 2 1.5
1.4288e+006 2 1.5
1.42887e+006 4 67
1.42887e+006 1 1.5
1.42946e+006 2 1.5
1.42954e+006 4 71
1.42954e+006 1 1.5
1.43017e+006 2 1.5
1.4302e+006 4 29
1.4302e+006 1 1.5
1.43087e+006 1 1.5
1.43087e+006 4 -76
1.43095e+006 2 1.5
1.43153e+006 2 1.5
1.43154e+006 4 6
1.43154e+006 1 1.5
1.43208e+006 2 1.5
1.4322e+006 4 126
1.4322e+006 1 1.5
1.43274e+006 2 1.5
1.43287e+006 4 128
1.43287e+006 1 1.5
1.43354e+006 1 1.5
1.43421e+006 1 1.5
1.43421e+006 4 -8
1.43421e+006 2 1.5
1.43478e+006 2 1.5
1.43487e+006 4 91
1.43487e+006 1 1.5
1.43548e+006 2 1.5
1.43554e+006 4 64
1.43554e+006 1 1.5
1.43612e+006 2 1.5
1.43621e+006 4 85
1.43621e+006 1 1.5
1.43684e+006 2 1.5
1.43687e+006 4 33
1.43687e+006 1 1.5
1.43744e+006 2 1.5
1.43754e+006 4 106
1.43754e+006 1 1.5
1.43814e+006 2 1.5
1.43821e+006 4 71
1.43821e+006 1 1.5
1.43877e+006 2 1.5
1.43888e+006 4 102
1.43888e+006 1 1.5
1.4395e+006 2 1.5
1.43954e+006 4 43
1.43954e+006 1 1.5
1.44017e+006 2 1.5
1.44021e+006 4 42
1.44021e+006 1 1.5
1.4408e+006 2 1.5
1.44088e+006 4 80
1.44088e+006 1 1.5
1.44146e+006 2 1.5
1.44155e+006 4 87
1.44155e+006 1 1.5
1.44213e+006 2 1.5
1.44221e+006 4 80
1.44221e+006 1 1.5
1.44286e+006 2 1.5
1.44288e+006 4 20
1.44288e+006 1 1.5
1.44348e+006 2 1.5
1.44355e+006 4 67
1.44355e+006 1 1.5
1.44417e+006 2 1.5
1.44422e+006 4 50
1.44422e+006 1 1.5
1.44484e+006 2 1.5
1.44488e+006 4 39
1.44488e+006 1 1.5
1.44546e+006 2 1.5
1.44555e+006 4 88
1.44555e+006 1 1.5
1.44615e+006 2 1.5
1.44622e+006 4 64
1.44622e+006 1 1.5
1.44688e+006 1 1.5
1.44747e+006 2 1.5
1.44755e+006 4 78
1.44755e+006 1 1.5
1.44817e+006 2 1.5
1.44822e+006 4 45
1.44822e+006 1 1.5
1.44881e+006 2 1.5
1.44889e+006 4 76
1.44889e+006 1 1.5
1.44946e+006 2 1.5
1.44955e+006 4 94
1.44955e+006 1 1.5
1.45017e+006 2 1.5
1.45088e+006 2 1.5
1.4516e+006 2 1.5
1.45227e+006 2 1.5
1.45293e+006 2 1.5
1.4536e+006 2 1.5
1.45421e+006 2 1.5
1529602 3 966
1.5296e+006 5 0
1.52994e+006 1 3
1.53027e+006 1 3
1.5305e+006 2 3
1.5306e+006 4 100
1.5306e+006 1 3
1.53085e+006 2 3
1.53094e+006 4 85
1.53094e+006 1 3
1.53123e+006 2 3
1.53127e+006 4 39
1.53127e+006 1 3
1.5316e+006 2 3
1.53161e+006 4 6
1.53161e+006 1 3
1.53194e+006 1 3
1.53194e+006 4 -7
1.53195e+006 2 3
1.53227e+006 1 3
1.53227e+006 4 -7
1.53228e+006 2 3
1.53259e+006 2 3
1.53261e+006 4 17
1.53261e+006 1 3
1.53291e+006 2 3
1.53294e+006 4 35
1.53294e+006 1 3
1.53328e+006 1 3
1.53328e+006 4 -6
1.53328e+006 2 3
1.53359e+006 2 3
1.53361e+006 4 19
1.53361e+006 1 3
1.53394e+006 2 3
1.53395e+006 4 10
1.53395e+006 1 3
1.53428e+006 2 3
1.53428e+006 4 3
1.53428e+006 1 3
1.5346e+006 2 3
1.53461e+006 4 10
1.53461e+006 1 3
1.53493e+006 2 3
1.53495e+006 4 22
1.53495e+006 1 3
1.53528e+006 2 3
1.53528e+006 4 4
1.53528e+006 1 3
1.53562e+006 1 3
1.53562e+006 4 -17
1.53563e+006 2 3
1.53594e+006 2 3
1.53595e+006 4 8
1.53595e+006 1 3
1.53628e+006 2 3
1.53628e+006 4 5
1.53628e+006 1 3
1.53662e+006 1 3
1.53662e+006 4 -8
1.53663e+006 2 3
1.53695e+006 2 3
1.53695e+006 4 6
1.53695e+006 1 3
1.53729e+006 1 3
1.53729e+006 4 -6
1.53729e+006 2 3
1.53762e+006 1 3
1.53762e+006 4 -2
1.53762e+006 2 3
1.53795e+006 2 3
1.53795e+006 4 7
1.53795e+006 1 3
1.53829e+006 1 3
1.53829e+006 4 -20
1.53831e+006 2 3
1.53861e+006 2 3
1.53862e+006 4 12
1.53862e+006 1 3
1.53894e+006 2 3
1.53896e+006 4 18
1.53896e+006 1 3
1.53926e+006 2 3
1.53929e+006 4 26
1.53929e+006 1 3
1.53959e+006 2 3
1.53962e+006 4 31
1.53962e+006 1 3
1.53992e+006 2 3
1.53996e+006 4 37
1.53996e+006 1 3
1.54029e+006 2 3
1.54029e+006 4 6
1.54029e+006 1 3
1.54059e+006 2 3
1.54063e+006 4 33
1.54063e+006 1 3
1.54093e+006 2 3
1.54124e+006 2 3
1.54155e+006 2 3
1.54187e+006 2 3
1.54216e+006 2 3
1.54246e+006 2 3
1.54275e+006 2 3
1.54303e+006 2 3
1.5433e+006 2 3
1.54357e+006 2 3
1.54381e+006 2 3
1.54407e+006 2 3
1.5443e+006 2 3
1.54451e+006 2 3
1.54473e+006 2 3
1.54496e+006 2 3
1.54516e+006 2 3
1.54536e+006 2 3
1.54557e+006 2 3
1.54578e+006 2 3
1.54596e+006 2 3
1.54615e+006 2 3
1.54633e+006 2 3
1.54651e+006 2 3
1.54669e+006 2 3
1.54686e+006 2 3
1.54704e+006 2 3
1.54721e+006 2 3
1.55431e+006 1 0.5
1.55431e+006 4 -865
1.55518e+006 2 0.5
1.55631e+006 1 0.5
1.55631e+006 4 -147
1.55646e+006 2 0.5
1.55813e+006 2 0.5
1.55831e+006 4 188
1.55831e+006 1 0.5
1.5602e+006 2 0.5
1.56031e+006 4 114
1.56031e+006 1 0.5
1.56209e+006 2 0.5
1.56232e+006 4 225
1.56232e+006 1 0.5
1.56415e+006 2 0.5
1.56432e+006 4 166
1.56432e+006 1 0.5
1.56608e+006 2 0.5
1.56632e+006 4 236
1.56632e+006 1 0.5
1.56825e+006 2 0.5
1.56832e+006 4 65
1.56832e+006 1 0.5
1.57032e+006 1 0.5
1.57032e+006 4 -152
1.57047e+006 2 0.5
1.57225e+006 2 0.5
1.57232e+006 4 68
1.57232e+006 1 0.5
1.57415e+006 2 0.5
1.57432e+006 4 169
1.57432e+006 1 0.5
1.5762e+006 2 0.5
1.57633e+006 4 125
1.57633e+006 1 0.5
1.57817e+006 2 0.5
1.57833e+006 4 154
1.57833e+006 1 0.5
1.5803e+006 2 0.5
1.58033e+006 4 27
1.58033e+006 1 0.5
1.58216e+006 2 0.5
1.58233e+006 4 167
1.58233e+006 1 0.5
1.58425e+006 2 0.5
1.58433e+006 4 83
1.58433e+006 1 0.5
1.58633e+006 1 0.5
1.58633e+006 4 -49
1.58638e+006 2 0.5
1.58833e+006 1 0.5
1.58833e+006 4 -72
1.58841e+006 2 0.5
1.59025e+006 2 0.5
1.59034e+006 4 82
1.59034e+006 1 0.5
1.59234e+006 1 0.5
1.59234e+006 4 -80
1.59242e+006 2 0.5
1.59427e+006 2 0.5
1.59434e+006 4 74
1.59434e+006 1 0.5
1.59627e+006 2 0.5
1.59634e+006 4 66
1.59634e+006 1 0.5
1.59834e+006 1 0.5
1.59834e+006 4 -41
1.59838e+006 2 0.5
1.60034e+006 1 0.5
1.60034e+006 4 -69
1.60041e+006 2 0.5
1.60234e+006 1 0.5
1.60234e+006 4 -35
1.60238e+006 2 0.5
1.60432e+006 2 0.5
1.60435e+006 4 25
1.60435e+006 1 0.5
1.60635e+006 1 0.5
1.60635e+006 4 -128
1.60648e+006 2 0.5
1.60833e+006 2 0.5
1.60835e+006 4 20
1.60835e+006 1 0.5
1.61027e+006 2 0.5
1.61035e+006 4 80
1.61035e+006 1 0.5
1.61202e+006 2 0.5
1.61235e+006 4 331
1.61235e+006 1 0.5
1.6143e+006 2 0.5
1.61435e+006 4 52
1.61435e+006 1 0.5
1.61661e+006 2 0.5
1.6186e+006 2 0.5
1.62067e+006 2 0.5
1.6227e+006 2 0.5
1.62473e+006 2 0.5
1.62655e+006 2 0.5
1.62846e+006 2 0.5
1.63067e+006 2 0.5
1.63271e+006 2 0.5
1.6346e+006 2 0.5
1.63637e+006 2 0.5
1.63841e+006 2 0.5
1.64042e+006 2 0.5
1.64232e+006 2 0.5
1.64404e+006 2 0.5
1.64605e+006 2 0.5
1.64783e+006 2 0.5
1.64954e+006 2 0.5
1.6513e+006 2 0.5
1.65317e+006 2 0.5
1.66038e+006 1 1
1.66038e+006 4 -335
1.66071e+006 2 1
1.66138e+006 1 1
1.66138e+006 4 -155
1.66153e+006 2 1
1.66225e+006 2 1
1.66238e+006 4 133
1.66238e+006 1 1
1.6633e+006 2 1
1.66338e+006 4 81
1.66338e+006 1 1
1.66438e+006 1 1
1.66438e+006 4 -24
1.66441e+006 2 1
1.66533e+006 2 1
1.66538e+006 4 54
1.66538e+006 1 1
1.66638e+006 1 1
1.66638e+006 4 -58
1.66644e+006 2 1
1.6673e+006 2 1
1.66738e+006 4 88
1.66738e+006 1 1
1.66834e+006 2 1
1.66839e+006 4 47
1.66839e+006 1 1
1.66926e+006 2 1
1.66939e+006 4 130
1.66939e+006 1 1
1.67023e+006 2 1
1.67039e+006 4 162
1.67039e+006 1 1
1.67125e+006 2 1
1.67139e+006 4 142
1.67139e+006 1 1
1.67235e+006 2 1
1.67239e+006 4 42
1.67239e+006 1 1
1.67332e+006 2 1
1.67339e+006 4 75
1.67339e+006 1 1
1.67435e+006 2 1
1.67439e+006 4 42
1.67439e+006 1 1
1.67533e+006 2 1
1.6754e+006 4 61
1.6754e+006 1 1
1.67634e+006 2 1
1.6764e+006 4 60
1.6764e+006 1 1
1.67727e+006 2 1
1.6774e+006 4 126
1.6774e+006 1 1
1.67836e+006 2 1
1.6784e+006 4 42
1.6784e+006 1 1
1.67934e+006 2 1
1.6794e+006 4 62
1.6794e+006 1 1
1.68025e+006 2 1
1.6804e+006 4 148
1.6804e+006 1 1
1.68127e+006 2 1
1.6814e+006 4 131
1.6814e+006 1 1
1.68232e+006 2 1
1.68241e+006 4 82
1.68241e+006 1 1
1.68329e+006 2 1
1.68341e+006 4 116
1.68341e+006 1 1
1.68428e+006 2 1
1.68441e+006 4 125
1.68441e+006 1 1
1.68526e+006 2 1
1.68602e+006 2 1
1.6866e+006 2 1
1.68708e+006 2 1
1.68749e+006 2 1
1.68787e+006 2 1
1.68824e+006 2 1
1.68858e+006 2 1
1.6889e+006 2 1
1.68922e+006 2 1
1.68949e+006 2 1
1.68976e+006 2 1
1.68999e+006 2 1
1.69021e+006 2 1
1.69045e+006 2 1
1.69064e+006 2 1
1.69086e+006 2 1
1.69106e+006 2 1
1.69123e+006 2 1
1.69144e+006 2 1
1.69164e+006 2 1
1.69185e+006 2 1
1.69203e+006 2 1
1.69224e+006 2 1
1.69244e+006 2 1
1.69264e+006 2 1
1.69283e+006 2 1
1.69303e+006 2 1
1.69323e+006 2 1
1.69341e+006 2 1
1.69361e+006 2 1
1.6938e+006 2 1
1.69398e+006 2 1
1.69418e+006 2 1
1.69434e+006 2 1
1.6945e+006 2 1
1.69467e+006 2 1
1.69486e+006 2 1
1.69502e+006 2 1
1.69516e+006 2 1
1.6953e+006 2 1
1.70993e+006 1 2
1.71028e+006 2 2
1.71043e+006 4 151
1.71043e+006 1 2
1.7108e+006 2 2
1.71093e+006 4 135
1.71093e+006 1 2
1.71135e+006 2 2
1.71143e+006 4 87
1.71143e+006 1 2
1.71184e+006 2 2
1.71194e+006 4 91
1.71194e+006 1 2
1.71244e+006 1 2
1.71244e+006 4 -1
1.71244e+006 2 2
1.71294e+006 1 2
1.71294e+006 4 -5
1.71294e+006 2 2
1.71344e+006 2 2
1.71344e+006 4 2
1.71344e+006 1 2
1.71394e+006 2 2
1.71394e+006 4 3
1.71394e+006 1 2
1.71442e+006 2 2
1.71444e+006 4 24
1.71444e+006 1 2
1.71489e+006 2 2
1.71494e+006 4 51
1.71494e+006 1 2
1.71537e+006 2 2
1.71544e+006 4 74
1.71544e+006 1 2
1.7159e+006 2 2
1.71594e+006 4 46
1.71594e+006 1 2
1.71638e+006 2 2
1.71645e+006 4 62
1.71645e+006 1 2
1.71688e+006 2 2
1.71695e+006 4 71
1.71695e+006 1 2
1.71738e+006 2 2
1.71745e+006 4 67
1.71745e+006 1 2
1.71788e+006 2 2
1.71795e+006 4 68
1.71795e+006 1 2
1.71839e+006 2 2
1.71845e+006 4 59
1.71845e+006 1 2
1.71887e+006 2 2
1.71895e+006 4 84
1.71895e+006 1 2
1.71936e+006 2 2
1.71945e+006 4 91
1.71945e+006 1 2
1.71992e+006 2 2
1.71995e+006 4 38
1.71995e+006 1 2
1.7204e+006 2 2
1.72046e+006 4 57
1.72046e+006 1 2
1.72093e+006 2 2
1.72096e+006 4 31
1.72096e+006 1 2
1.72138e+006 2 2
1.72146e+006 4 74
1.72146e+006 1 2
1.72191e+006 2 2
1.72196e+006 4 49
1.72196e+006 1 2
1.7224e+006 2 2
1.72246e+006 4 66
1.72246e+006 1 2
1.72295e+006 2 2
1.72296e+006 4 15
1.72296e+006 1 2
1.72342e+006 2 2
1.72346e+006 4 45
1.72346e+006 1 2
1.72391e+006 2 2
1.72397e+006 4 54
1.72397e+006 1 2
1.72442e+006 2 2
1.72447e+006 4 49
1.72447e+006 1 2
1.72492e+006 2 2
1.72497e+006 4 52
1.72497e+006 1 2
1.72547e+006 2 2
1.72547e+006 4 2
1.72547e+006 1 2
1.72593e+006 2 2
1.72638e+006 2 2
1.72682e+006 2 2
1.72723e+006 2 2
1.72761e+006 2 2
1.72798e+006 2 2
1.72834e+006 2 2
1.7287e+006 2 2
1.72904e+006 2 2
1.72936e+006 2 2
1.72971e+006 2 2
1.73e+006 2 2
1.73033e+006 2 2
1.73063e+006 2 2
1.73095e+006 2 2
1.73129e+006 2 2
1.73157e+006 2 2
1.73186e+006 2 2
1.73215e+006 2 2
1.73247e+006 2 2
1.73276e+006 2 2
1.73305e+006 2 2
1.73333e+006 2 2
1.73363e+006 2 2
1.7339e+006 2 2
1.73416e+006 2 2
1.73448e+006 2 2
1.73473e+006 2 2
1.735e+006 2 2
1.73526e+006 2 2
1.74116e+006 1 1.5
1.74183e+006 1 1.5
1.74237e+006 2 1.5
1.74249e+006 4 126
1.74249e+006 1 1.5
1.74306e+006 2 1.5
1.74316e+006 4 96
1.74316e+006 1 1.5
1.74383e+006 1 1.5
1.74383e+006 4 -7
1.74383e+006 2 1.5
1.74445e+006 2 1.5
1.74449e+006 4 48
1.74449e+006 1 1.5
1.74511e+006 2 1.5
1.74516e+006 4 47
1.74516e+006 1 1.5
1.74575e+006 2 1.5
1.74583e+006 4 73
1.74583e+006 1 1.5
1.74642e+006 2 1.5
1.7465e+006 4 73
1.7465e+006 1 1.5
1.74713e+006 2 1.5
1.74716e+006 4 33
1.74716e+006 1 1.5
1.74779e+006 2 1.5
1.74783e+006 4 42
1.74783e+006 1 1.5
1.74848e+006 2 1.5
1.7485e+006 4 16
1.7485e+006 1 1.5
1.74912e+006 2 1.5
1.74916e+006 4 45
1.74916e+006 1 1.5
1.74978e+006 2 1.5
1.74983e+006 4 52
1.74983e+006 1 1.5
1.75043e+006 2 1.5
1.7505e+006 4 72
1.7505e+006 1 1.5
1.75107e+006 2 1.5
1.75117e+006 4 96
1.75117e+006 1 1.5
1.75177e+006 2 1.5
1.75183e+006 4 66
1.75183e+006 1 1.5
1.75243e+006 2 1.5
1.7525e+006 4 70
1.7525e+006 1 1.5
1.75311e+006 2 1.5
1.75317e+006 4 60
1.75317e+006 1 1.5
1.75381e+006 2 1.5
1.75384e+006 4 25
1.75384e+006 1 1.5
1.75444e+006 2 1.5
1.7545e+006 4 58
1.7545e+006 1 1.5
1.75506e+006 2 1.5
1.75517e+006 4 113
1.75517e+006 1 1.5
1.75575e+006 2 1.5
1.75584e+006 4 83
1.75584e+006 1 1.5
1.75644e+006 2 1.5
1.7565e+006 4 60
1.7565e+006 1 1.5
1.75705e+006 2 1.5
1.75717e+006 4 119
1.75717e+006 1 1.5
1.75771e+006 2 1.5
1.75784e+006 4 130
1.75784e+006 1 1.5
1.75837e+006 2 1.5
1.75851e+006 4 138
1.75851e+006 1 1.5
1.75912e+006 2 1.5
1.75917e+006 4 49
1.75917e+006 1 1.5
1.75979e+006 2 1.5
1.75984e+006 4 53
1.75984e+006 1 1.5
1.76039e+006 2 1.5
1.76051e+006 4 119
1.76051e+006 1 1.5
1.76108e+006 2 1.5
1.76118e+006 4 97
1.76118e+006 1 1.5
1.76178e+006 2 1.5
1.76184e+006 4 66
1.76184e+006 1 1.5
1.76245e+006 2 1.5
1.76251e+006 4 61
1.76251e+006 1 1.5
1.76305e+006 2 1.5
1.76356e+006 2 1.5
1.76399e+006 2 1.5
1.76436e+006 2 1.5
1.76468e+006 2 1.5
1.76501e+006 2 1.5
1.7653e+006 2 1.5
1.76557e+006 2 1.5
1.76583e+006 2 1.5
1.76608e+006 2 1.5
1.76634e+006 2 1.5
1.76659e+006 2 1.5
1.76682e+006 2 1.5
1.76705e+006 2 1.5
1.76727e+006 2 1.5
1.76747e+006 2 1.5
1.76767e+006 2 1.5
1.76786e+006 2 1.5
1.76801e+006 2 1.5
1.76818e+006 2 1.5
1.76831e+006 2 1.5
1.76846e+006 2 1.5
1.76858e+006 2 1.5
1.76887e+006 2 1.5
1.76918e+006 2 1.5
1.76946e+006 2 1.5
1.76974e+006 2 1.5
1.77003e+006 2 1.5
1.77031e+006 2 1.5
1.77061e+006 2 1.5
1.77091e+006 2 1.5
1.7712e+006 2 1.5
1.7715e+006 2 1.5
1.77178e+006 2 1.5
1.77208e+006 2 1.5
1.77236e+006 2 1.5
1.77267e+006 2 1.5
1.77295e+006 2 1.5
1.77326e+006 2 1.5
1.77356e+006 2 1.5
1.77386e+006 2 1.5
1.77416e+006 2 1.5
1.77446e+006 2 1.5
1.77475e+006 2 1.5
1.77502e+006 2 1.5
1.77528e+006 2 1.5
1.77554e+006 2 1.5
1.77579e+006 2 1.5
1.78105e+006 1 5
1.78125e+006 1 5
1.78125e+006 4 -87
1.78134e+006 2 5
1.78145e+006 1 5
1.7816e+006 2 5
1.78166e+006 4 52
1.78166e+006 1 5
1.78186e+006 1 5
1.78186e+006 4 -81
1.78194e+006 2 5
1.78206e+006 1 5
1.78206e+006 4 -76
1.78214e+006 2 5
1.78226e+006 1 5
1.78226e+006 4 -62
1.78232e+006 2 5
1.78246e+006 1 5
1.78246e+006 4 -69
1.78253e+006 2 5
1.78266e+006 1 5
1.78266e+006 4 -26
1.78269e+006 2 5
1.78286e+006 1 5
1.78304e+006 2 5
1.78306e+006 4 28
1.78306e+006 1 5
1.78322e+006 2 5
1.78327e+006 4 43
1.78327e+006 1 5
1.78341e+006 2 5
1.78347e+006 4 56
1.78347e+006 1 5
1.78361e+006 2 5
1.78367e+006 4 57
1.78367e+006 1 5
1.78382e+006 2 5
1.78387e+006 4 47
1.78387e+006 1 5
1.78407e+006 2 5
1.78407e+006 4 2
1.78407e+006 1 5
1.78427e+006 1 5
1.78427e+006 4 -1
1.78427e+006 2 5
1.78446e+006 2 5
1.78447e+006 4 17
1.78447e+006 1 5
1.78465e+006 2 5
1.78467e+006 4 21
1.78467e+006 1 5
1.78486e+006 2 5
1.78488e+006 4 18
1.78488e+006 1 5
1.78507e+006 2 5
1.78508e+006 4 8
1.78508e+006 1 5
1.78527e+006 2 5
1.78528e+006 4 9
1.78528e+006 1 5
1.78545e+006 2 5
1.78548e+006 4 28
1.78548e+006 1 5
1.78564e+006 2 5
1.78568e+006 4 43
1.78568e+006 1 5
1.78586e+006 2 5
1.78588e+006 4 23
1.78588e+006 1 5
1.78608e+006 1 5
1.78608e+006 4 -3
1.78609e+006 2 5
1.78628e+006 2 5
1.78628e+006 4 1
1.78628e+006 1 5
1.78647e+006 2 5
1.78648e+006 4 10
1.78648e+006 1 5
1.78667e+006 2 5
1.78683e+006 2 5
1.78702e+006 2 5
1.7872e+006 2 5
1.78736e+006 2 5
1.78751e+006 2 5
1.78766e+006 2 5
1.7878e+006 2 5
1.7879e+006 2 5
1.78828e+006 2 5
1.78859e+006 2 5
1.78887e+006 2 5
1.78914e+006 2 5
1.7894e+006 2 5
1.78964e+006 2 5
1.78989e+006 2 5
1.79013e+006 2 5
1.79036e+006 2 5
1.79576e+006 1 4
1.79601e+006 1 4
1.79625e+006 2 4
1.79626e+006 4 9
1.79626e+006 1 4
1.7965e+006 2 4
1.79651e+006 4 13
1.79651e+006 1 4
1.79674e+006 2 4
1.79676e+006 4 24
1.79676e+006 1 4
1.79701e+006 2 4
1.79702e+006 4 1
1.79702e+006 1 4
1.79725e+006 2 4
1.79727e+006 4 15
1.79727e+006 1 4
1.79751e+006 2 4
1.79752e+006 4 9
1.79752e+006 1 4
1.79774e+006 2 4
1.79777e+006 4 27
1.79777e+006 1 4
1.798e+006 2 4
1.79802e+006 4 15
1.79802e+006 1 4
1.79825e+006 2 4
1.79827e+006 4 16
1.79827e+006 1 4
1.79851e+006 2 4
1.79852e+006 4 9
1.79852e+006 1 4
1.79876e+006 2 4
1.79877e+006 4 13
1.79877e+006 1 4
1.79898e+006 2 4
1.79902e+006 4 39
1.79902e+006 1 4
1.79922e+006 2 4
1.79927e+006 4 54
1.79927e+006 1 4
1.79948e+006 2 4
1.79953e+006 4 48
1.79953e+006 1 4
1.79973e+006 2 4
1.79978e+006 4 47
1.79978e+006 1 4
1.79999e+006 2 4
1.80003e+006 4 37
1.80003e+006 1 4
1.80024e+006 2 4
1.80028e+006 4 38
1.80028e+006 1 4
1.80051e+006 2 4
1.80053e+006 4 19
1.80053e+006 1 4
1.80075e+006 2 4
1.80078e+006 4 34
1.80078e+006 1 4
1.801e+006 2 4
1.80103e+006 4 38
1.80103e+006 1 4
1.80123e+006 2 4
1.80128e+006 4 58
1.80128e+006 1 4
1.80148e+006 2 4
1.80154e+006 4 55
1.80154e+006 1 4
1.80177e+006 2 4
1.80179e+006 4 21
1.80179e+006 1 4
1.80202e+006 2 4
1.80204e+006 4 21
1.80204e+006 1 4
1.80225e+006 2 4
1.80229e+006 4 42
1.80229e+006 1 4
1.80249e+006 2 4
1.80254e+006 4 55
1.80254e+006 1 4
1.80277e+006 2 4
1.80279e+006 4 24
1.80279e+006 1 4
1.80304e+006 1 4
1.80304e+006 4 -6
1.80305e+006 2 4
1.80329e+006 1 4
1.80329e+006 4 -12
1.80331e+006 2 4
1.80353e+006 2 4
1.80355e+006 4 16
1.80355e+006 1 4
1.80376e+006 2 4
1.804e+006 2 4
1.8042e+006 2 4
1.80439e+006 2 4
1.80468e+006 2 4
1.80544e+006 2 4
1.80608e+006 2 4
1.80662e+006 2 4
1.80716e+006 2 4
1.80766e+006 2 4
1.80812e+006 2 4
1.80857e+006 2 4
1871062 3 1368
1.87106e+006 5 150
1.87173e+006 1 1.5
1.87223e+006 2 1.5
1.8724e+006 4 167
1.8724e+006 1 1.5
1.87297e+006 2 1.5
1.87306e+006 4 94
1.87306e+006 1 1.5
1.87373e+006 1 1.5
1.87373e+006 4 -13
1.87374e+006 2 1.5
1.8744e+006 1 1.5
1.87505e+006 2 1.5
1.87507e+006 4 17
1.87507e+006 1 1.5
1.87573e+006 1 1.5
1.87573e+006 4 -17
1.87575e+006 2 1.5
1.87639e+006 2 1.5
1.8764e+006 4 7
1.8764e+006 1 1.5
1.87707e+006 1 1.5
1.87707e+006 4 -6
1.87707e+006 2 1.5
1.8777e+006 2 1.5
1.87774e+006 4 40
1.87774e+006 1 1.5
1.87838e+006 2 1.5
1.8784e+006 4 27
1.8784e+006 1 1.5
1.87906e+006 2 1.5
1.87907e+006 4 6
1.87907e+006 1 1.5
1.87973e+006 2 1.5
1.87974e+006 4 7
1.87974e+006 1 1.5
1.88037e+006 2 1.5
1.8804e+006 4 33
1.8804e+006 1 1.5
1.88103e+006 2 1.5
1.88107e+006 4 43
1.88107e+006 1 1.5
1.88174e+006 1 1.5
1.88174e+006 4 -10
1.88175e+006 2 1.5
1.88235e+006 2 1.5
1.88241e+006 4 57
1.88241e+006 1 1.5
1.88299e+006 2 1.5
1.88307e+006 4 81
1.88307e+006 1 1.5
1.88372e+006 2 1.5
1.88374e+006 4 21
1.88374e+006 1 1.5
1.88435e+006 2 1.5
1.88441e+006 4 56
1.88441e+006 1 1.5
1.88503e+006 2 1.5
1.88508e+006 4 47
1.88508e+006 1 1.5
1.88569e+006 2 1.5
1.88574e+006 4 53
1.88574e+006 1 1.5
1.88634e+006 2 1.5
1.88641e+006 4 73
1.88641e+006 1 1.5
1.887e+006 2 1.5
1.88708e+006 4 82
1.88708e+006 1 1.5
1.88763e+006 2 1.5
1.88775e+006 4 112
1.88775e+006 1 1.5
1.88834e+006 2 1.5
1.88841e+006 4 69
1.88841e+006 1 1.5
1.88907e+006 2 1.5
1.88908e+006 4 9
1.88908e+006 1 1.5
1.88971e+006 2 1.5
1.88975e+006 4 40
1.88975e+006 1 1.5
1.89036e+006 2 1.5
1.89041e+006 4 51
1.89041e+006 1 1.5
1.891e+006 2 1.5
1.89108e+006 4 86
1.89108e+006 1 1.5
1.89164e+006 2 1.5
1.89233e+006 2 1.5
1.893e+006 2 1.5
1.89383e+006 2 1.5
1.89471e+006 2 1.5
1.89566e+006 2 1.5
1.89684e+006 2 1.5
1.8981e+006 2 1.5
1.8994e+006 2 1.5
1.90086e+006 2 1.5
1.9028e+006 2 1.5
1.90976e+006 1 3
1.91006e+006 2 3
1.91009e+006 4 34
1.91009e+006 1 3
1.91037e+006 2 3
1.91043e+006 4 56
1.91043e+006 1 3
1.91072e+006 2 3
1.91076e+006 4 38
1.91076e+006 1 3
1.91107e+006 2 3
1.91109e+006 4 26
1.91109e+006 1 3
1.91143e+006 1 3
1.91143e+006 4 -15
1.91144e+006 2 3
1.91176e+006 1 3
1.91176e+006 4 -23
1.91178e+006 2 3
1.9121e+006 1 3
1.9121e+006 4 -26
1.91212e+006 2 3
1.91243e+006 2 3
1.91243e+006 4 1
1.91243e+006 1 3
1.91276e+006 1 3
1.91276e+006 4 -10
1.91277e+006 2 3
1.9131e+006 1 3
1.9131e+006 4 -20
1.91312e+006 2 3
1.91343e+006 1 3
1.91343e+006 4 -53
1.91349e+006 2 3
1.91377e+006 1 3
1.91377e+006 4 -35
1.9138e+006 2 3
1.9141e+006 1 3
1.9141e+006 4 -6
1.91411e+006 2 3
1.91441e+006 2 3
1.91443e+006 4 24
1.91443e+006 1 3
1.91477e+006 1 3
1.91477e+006 4 -3
1.91477e+006 2 3
1.9151e+006 1 3
1.9151e+006 4 -34
1.91514e+006 2 3
1.91544e+006 1 3
1.91544e+006 4 -64
1.9155e+006 2 3
1.91577e+006 1 3
1.91577e+006 4 -52
1.91582e+006 2 3
1.91611e+006 1 3
1.91611e+006 4 -34
1.91614e+006 2 3
1.91643e+006 2 3
1.91644e+006 4 8
1.91644e+006 1 3
1.91672e+006 2 3
1.91677e+006 4 59
1.91677e+006 1 3
1.91707e+006 2 3
1.91711e+006 4 34
1.91711e+006 1 3
1.91744e+006 2 3
1.91744e+006 4 2
1.91744e+006 1 3
1.91778e+006 1 3
1.91778e+006 4 -44
1.91782e+006 2 3
1.91811e+006 1 3
1.91811e+006 4 -68
1.91818e+006 2 3
1.91845e+006 1 3
1.91845e+006 4 -33
1.91848e+006 2 3
1.91876e+006 2 3
1.91878e+006 4 18
1.91878e+006 1 3
1.91908e+006 2 3
1.91911e+006 4 35
1.91911e+006 1 3
1.91943e+006 2 3
1.91945e+006 4 23
1.91945e+006 1 3
1.91978e+006 2 3
1.91978e+006 4 3
1.91978e+006 1 3
1.92012e+006 1 3
1.92012e+006 4 -0
1.92012e+006 2 3
1.92042e+006 2 3
1.92045e+006 4 27
1.92045e+006 1 3
1.92079e+006 1 3
1.92113e+006 2 3
1.92149e+006 2 3
1.92194e+006 2 3
1.92244e+006 2 3
1.92301e+006 2 3
1.92368e+006 2 3
1.92438e+006 2 3
1.92516e+006 2 3
1.92589e+006 2 3
1.92657e+006 2 3
1.92741e+006 2 3
1.93347e+006 1 1
1.93447e+006 1 1
1.93447e+006 4 -155
1.93462e+006 2 1
1.93547e+006 1 1
1.93547e+006 4 -4
1.93548e+006 2 1
1.93647e+006 1 1
1.93647e+006 4 -9
1.93648e+006 2 1
1.93744e+006 2 1
1.93747e+006 4 34
1.93747e+006 1 1
1.93848e+006 1 1
1.93848e+006 4 -1
1.93848e+006 2 1
1.93939e+006 2 1
1.93948e+006 4 87
1.93948e+006 1 1
1.94031e+006 2 1
1.94048e+006 4 166
1.94048e+006 1 1
1.94138e+006 2 1
1.94148e+006 4 100
1.94148e+006 1 1
1.9423e+006 2 1
1.94248e+006 4 184
1.94248e+006 1 1
1.94337e+006 2 1
1.94348e+006 4 113
1.94348e+006 1 1
1.94434e+006 2 1
1.94448e+006 4 146
1.94448e+006 1 1
1.94529e+006 2 1
1.94548e+006 4 196
1.94548e+006 1 1
1.94648e+006 1 1
1.94648e+006 4 -28
1.94651e+006 2 1
1.94745e+006 2 1
1.94749e+006 4 41
1.94749e+006 1 1
1.94836e+006 2 1
1.94849e+006 4 131
1.94849e+006 1 1
1.94945e+006 2 1
1.94949e+006 4 43
1.94949e+006 1 1
1.9504e+006 2 1
1.95049e+006 4 92
1.95049e+006 1 1
1.95138e+006 2 1
1.95149e+006 4 106
1.95149e+006 1 1
1.95239e+006 2 1
1.95249e+006 4 97
1.95249e+006 1 1
1.9534e+006 2 1
1.95349e+006 4 89
1.95349e+006 1 1
1.95441e+006 2 1
1.95449e+006 4 87
1.95449e+006 1 1
1.95542e+006 2 1
1.9555e+006 4 80
1.9555e+006 1 1
1.95639e+006 2 1
1.9565e+006 4 106
1.9565e+006 1 1
1.95741e+006 2 1
1.9575e+006 4 91
1.9575e+006 1 1
1.95829e+006 2 1
1.9585e+006 4 209
1.9585e+006 1 1
1.95942e+006 2 1
1.9595e+006 4 81
1.9595e+006 1 1
1.96041e+006 2 1
1.96149e+006 2 1
1.96262e+006 2 1
1.9638e+006 2 1
1.96482e+006 2 1
1.966e+006 2 1
1.96725e+006 2 1
1.96847e+006 2 1
1.96949e+006 2 1
1.97051e+006 2 1
1.97156e+006 2 1
1.97262e+006 2 1
1.97366e+006 2 1
1.97482e+006 2 1
1.97585e+006 2 1
1.97671e+006 2 1
1.97771e+006 2 1
1.97875e+006 2 1
1.98652e+006 1 0.5
1.98652e+006 4 -309
1.98683e+006 2 0.5
1.98652e+006 4 -705
1.98723e+006 2 0.5
1.98825e+006 2 0.5
1.98853e+006 4 278
1.98853e+006 1 0.5
1.99006e+006 2 0.5
1.99053e+006 4 470
1.99053e+006 1 0.5
1.99224e+006 2 0.5
1.99253e+006 4 288
1.99253e+006 1 0.5
1.994e+006 2 0.5
1.99453e+006 4 525
1.99453e+006 1 0.5
1.99607e+006 2 0.5
1.99653e+006 4 461
1.99653e+006 1 0.5
1.99824e+006 2 0.5
1.99853e+006 4 294
1.99853e+006 1 0.5
2.00049e+006 2 0.5
2.00053e+006 4 45
2.00053e+006 1 0.5
2.00253e+006 2 0.5
2.00253e+006 4 8
2.00253e+006 1 0.5
2.00427e+006 2 0.5
2.00453e+006 4 269
2.00453e+006 1 0.5
2.00623e+006 2 0.5
2.00654e+006 4 305
2.00654e+006 1 0.5
2.00808e+006 2 0.5
2.00854e+006 4 460
2.00854e+006 1 0.5
2.01054e+006 1 0.5
2.01054e+006 4 -19
2.01056e+006 2 0.5
2.01254e+006 1 0.5
2.01254e+006 4 -113
2.01265e+006 2 0.5
2.01446e+006 2 0.5
2.01454e+006 4 80
2.01454e+006 1 0.5
2.01651e+006 2 0.5
2.01654e+006 4 29
2.01654e+006 1 0.5
2.01838e+006 2 0.5
2.01854e+006 4 166
2.01854e+006 1 0.5
2.02046e+006 2 0.5
2.02054e+006 4 83
2.02054e+006 1 0.5
2.02235e+006 2 0.5
2.02255e+006 4 199
2.02255e+006 1 0.5
2.02442e+006 2 0.5
2.02455e+006 4 129
2.02455e+006 1 0.5
2.02652e+006 2 0.5
2.02655e+006 4 29
2.02655e+006 1 0.5
2.02853e+006 2 0.5
2.02855e+006 4 23
2.02855e+006 1 0.5
2.03045e+006 2 0.5
2.03055e+006 4 103
2.03055e+006 1 0.5
2.03244e+006 2 0.5
2.03255e+006 4 113
2.03255e+006 1 0.5
2.0344e+006 2 0.5
2.03455e+006 4 150
2.03455e+006 1 0.5
2.03639e+006 2 0.5
2.03656e+006 4 169
2.03656e+006 1 0.5
2.03838e+006 2 0.5
2.03856e+006 4 173
2.03856e+006 1 0.5
2.04038e+006 2 0.5
2.04056e+006 4 175
2.04056e+006 1 0.5
2.0425e+006 2 0.5
2.04256e+006 4 58
2.04256e+006 1 0.5
2.04442e+006 2 0.5
2.04456e+006 4 147
2.04456e+006 1 0.5
2.04641e+006 2 0.5
2.04656e+006 4 156
2.04656e+006 1 0.5
2.04835e+006 2 0.5
2.04857e+006 4 212
2.04857e+006 1 0.5
2.05048e+006 2 0.5
2.05273e+006 2 0.5
2.05485e+006 2 0.5
2.05685e+006 2 0.5
2.05888e+006 2 0.5
2.06113e+006 2 0.5
2.06294e+006 2 0.5
2.06472e+006 2 0.5
2.06683e+006 2 0.5
2.06905e+006 2 0.5
2.07124e+006 2 0.5
2.07352e+006 2 0.5
2.07565e+006 2 0.5
2.07797e+006 2 0.5
2.07998e+006 2 0.5
2.08209e+006 2 0.5
2.08437e+006 2 0.5
2.08642e+006 2 0.5
2.09384e+006 1 4
2.09409e+006 1 4
2.09434e+006 1 4
2.09434e+006 4 -7
2.09435e+006 2 4
2.09458e+006 2 4
2.09459e+006 4 12
2.09459e+006 1 4
2.09481e+006 2 4
2.09484e+006 4 37
2.09484e+006 1 4
2.09508e+006 2 4
2.0951e+006 4 16
2.0951e+006 1 4
2.09533e+006 2 4
2.09535e+006 4 20
2.09535e+006 1 4
2.09556e+006 2 4
2.0956e+006 4 42
2.0956e+006 1 4
2.09581e+006 2 4
2.09585e+006 4 36
2.09585e+006 1 4
2.09609e+006 2 4
2.0961e+006 4 14
2.0961e+006 1 4
2.09634e+006 2 4
2.09635e+006 4 14
2.09635e+006 1 4
2.09656e+006 2 4
2.0966e+006 4 39
2.0966e+006 1 4
2.09681e+006 2 4
2.09685e+006 4 46
2.09685e+006 1 4
2.09707e+006 2 4
2.0971e+006 4 39
2.0971e+006 1 4
2.09732e+006 2 4
2.09736e+006 4 32
2.09736e+006 1 4
2.09756e+006 2 4
2.09761e+006 4 47
2.09761e+006 1 4
2.09781e+006 2 4
2.09786e+006 4 44
2.09786e+006 1 4
2.09806e+006 2 4
2.09811e+006 4 48
2.09811e+006 1 4
2.09831e+006 2 4
2.09836e+006 4 54
2.09836e+006 1 4
2.09856e+006 2 4
2.09861e+006 4 51
2.09861e+006 1 4
2.09882e+006 2 4
2.09886e+006 4 42
2.09886e+006 1 4
2.09906e+006 2 4
2.09911e+006 4 52
2.09911e+006 1 4
2.09933e+006 2 4
2.09936e+006 4 37
2.09936e+006 1 4
2.09961e+006 2 4
2.09961e+006 4 6
2.09961e+006 1 4
2.09985e+006 2 4
2.09987e+006 4 16
2.09987e+006 1 4
2.10009e+006 2 4
2.10012e+006 4 23
2.10012e+006 1 4
2.10033e+006 2 4
2.10037e+006 4 39
2.10037e+006 1 4
2.10057e+006 2 4
2.10062e+006 4 49
2.10062e+006 1 4
2.10081e+006 2 4
2.10087e+006 4 60
2.10087e+006 1 4
2.10108e+006 2 4
2.1015e+006 2 4
2.102e+006 2 4
2.10264e+006 2 4
2.10349e+006 2 4
2.10505e+006 2 4
2.11109e+006 1 5
2.11129e+006 1 5
2.1115e+006 1 5
2.1117e+006 1 5
2.1117e+006 4 -22
2.11172e+006 2 5
2.1119e+006 1 5
2.11205e+006 2 5
2.1121e+006 4 54
2.1121e+006 1 5
2.11225e+006 2 5
2.1123e+006 4 53
2.1123e+006 1 5
2.11247e+006 2 5
2.1125e+006 4 32
2.1125e+006 1 5
2.11266e+006 2 5
2.1127e+006 4 42
2.1127e+006 1 5
2.11287e+006 2 5
2.1129e+006 4 36
2.1129e+006 1 5
2.11308e+006 2 5
2.11311e+006 4 25
2.11311e+006 1 5
2.11329e+006 2 5
2.11331e+006 4 21
2.11331e+006 1 5
2.11347e+006 2 5
2.11351e+006 4 36
2.11351e+006 1 5
2.11368e+006 2 5
2.11371e+006 4 26
2.11371e+006 1 5
2.11387e+006 2 5
2.11391e+006 4 40
2.11391e+006 1 5
2.11408e+006 2 5
2.11411e+006 4 33
2.11411e+006 1 5
2.1143e+006 2 5
2.11431e+006 4 18
2.11431e+006 1 5
2.1145e+006 2 5
2.11451e+006 4 18
2.11451e+006 1 5
2.11469e+006 2 5
2.11472e+006 4 24
2.11472e+006 1 5
2.11488e+006 2 5
2.11492e+006 4 35
2.11492e+006 1 5
2.11506e+006 2 5
2.11512e+006 4 60
2.11512e+006 1 5
2.11527e+006 2 5
2.11532e+006 4 51
2.11532e+006 1 5
2.11547e+006 2 5
2.11552e+006 4 48
2.11552e+006 1 5
2.11568e+006 2 5
2.11572e+006 4 42
2.11572e+006 1 5
2.11589e+006 2 5
2.11592e+006 4 27
2.11592e+006 1 5
2.1161e+006 2 5
2.11612e+006 4 20
2.11612e+006 1 5
2.1163e+006 2 5
2.11632e+006 4 25
2.11632e+006 1 5
2.11648e+006 2 5
2.11653e+006 4 44
2.11653e+006 1 5
2.11668e+006 2 5
2.11673e+006 4 42
2.11673e+006 1 5
2.1169e+006 2 5
2.11693e+006 4 24
2.11693e+006 1 5
2.11709e+006 2 5
2.11713e+006 4 40
2.11713e+006 1 5
2.1173e+006 2 5
2.11733e+006 4 26
2.11733e+006 1 5
2.11751e+006 2 5
2.1177e+006 2 5
2.11804e+006 2 5
2.11848e+006 2 5
2.11889e+006 2 5
2.11934e+006 2 5
2.11984e+006 2 5
2.1204e+006 2 5
2.12098e+006 2 5
2.12685e+006 1 2
2.12735e+006 1 2
2.12735e+006 4 -19
2.12737e+006 2 2
2.12784e+006 2 2
2.12786e+006 4 20
2.12786e+006 1 2
2.12836e+006 1 2
2.12836e+006 4 -1
2.12836e+006 2 2
2.12884e+006 2 2
2.12886e+006 4 17
2.12886e+006 1 2
2.12934e+006 2 2
2.12936e+006 4 21
2.12936e+006 1 2
2.12982e+006 2 2
2.12986e+006 4 46
2.12986e+006 1 2
2.1303e+006 2 2
2.13036e+006 4 64
2.13036e+006 1 2
2.13078e+006 2 2
2.13087e+006 4 86
2.13087e+006 1 2
2.13128e+006 2 2
2.13137e+006 4 91
2.13137e+006 1 2
2.13181e+006 2 2
2.13187e+006 4 53
2.13187e+006 1 2
2.13234e+006 2 2
2.13237e+006 4 32
2.13237e+006 1 2
2.13283e+006 2 2
2.13287e+006 4 44
2.13287e+006 1 2
2.13333e+006 2 2
2.13337e+006 4 39
2.13337e+006 1 2
2.13382e+006 2 2
2.13387e+006 4 55
2.13387e+006 1 2
2.1343e+006 2 2
2.13437e+006 4 70
2.13437e+006 1 2
2.13487e+006 1 2
2.13487e+006 4 -14
2.13489e+006 2 2
2.13536e+006 2 2
2.13537e+006 4 17
2.13537e+006 1 2
2.13583e+006 2 2
2.13588e+006 4 47
2.13588e+006 1 2
2.13634e+006 2 2
2.13638e+006 4 38
2.13638e+006 1 2
2.13685e+006 2 2
2.13688e+006 4 31
2.13688e+006 1 2
2.13735e+006 2 2
2.13738e+006 4 30
2.13738e+006 1 2
2.13783e+006 2 2
2.13788e+006 4 47
2.13788e+006 1 2
2.13836e+006 2 2
2.13838e+006 4 21
2.13838e+006 1 2
2.13886e+006 2 2
2.13888e+006 4 21
2.13888e+006 1 2
2.13933e+006 2 2
2.13938e+006 4 51
2.13938e+006 1 2
2.13985e+006 2 2
2.13988e+006 4 39
2.13988e+006 1 2
2.14037e+006 2 2
2.14039e+006 4 16
2.14039e+006 1 2
2.14086e+006 2 2
2.14089e+006 4 26
2.14089e+006 1 2
2.14133e+006 2 2
2.14139e+006 4 57
2.14139e+006 1 2
2.14185e+006 2 2
2.14189e+006 4 39
2.14189e+006 1 2
2.14233e+006 2 2
2.14239e+006 4 65
2.14239e+006 1 2
2.14285e+006 2 2
2.14289e+006 4 41
2.14289e+006 1 2
2.14335e+006 2 2
2.14398e+006 2 2
2.14474e+006 2 2
2.14566e+006 2 2
2.14673e+006 2 2
2.14785e+006 2 2
2.14897e+006 2 2
2.15001e+006 2 2
2.15111e+006 2 2
2.15228e+006 2 2
2208766 3 1658
2.20877e+006 5 150
