317603 5 120
318604 1 1
319606 1 1
319709 2 1
319606 4 -103
320547 2 1
320607 1 1
320607 4 60
321485 2 1
321608 1 1
321608 4 123
322475 2 1
322609 1 1
322609 4 134
323543 2 1
323610 1 1
323610 4 67
324525 2 1
324612 1 1
324612 4 87
325498 2 1
325613 1 1
325613 4 115
326489 2 1
326615 1 1
326615 4 126
327565 2 1
327617 1 1
327617 4 52
328552 2 1
328618 1 1
328618 4 66
329512 2 1
329620 1 1
329620 4 108
330541 2 1
330621 1 1
330621 4 80
331580 2 1
331622 1 1
331622 4 42
332524 2 1
332623 1 1
332623 4 99
333548 2 1
333625 1 1
333625 4 77
334531 2 1
334626 1 1
334626 4 95
335627 1 1
335698 2 1
335627 4 -71
336616 2 1
336629 1 1
336629 4 13
337557 2 1
338557 2 1
339575 2 1
340597 2 1
341615 2 1
342675 2 1
343729 2 1
344812 2 1
345816 2 1
346833 2 1
347842 2 1
348838 2 1
349843 2 1
350902 2 1
351941 2 1
352959 2 1
354061 2 1
355139 2 1
356201 2 1
362153 1 2
362654 1 2
362666 2 2
362654 4 -12
363120 2 2
363155 1 2
363155 4 35
363602 2 2
363656 1 2
363656 4 54
364100 2 2
364157 1 2
364157 4 57
364593 2 2
364658 1 2
364658 4 65
365086 2 2
365160 1 2
365160 4 74
365593 2 2
365661 1 2
365661 4 68
366075 2 2
366162 1 2
366162 4 87
366578 2 2
366664 1 2
366664 4 86
367073 2 2
367165 1 2
367165 4 92
367584 2 2
367666 1 2
367666 4 82
368091 2 2
368167 1 2
368167 4 76
368564 2 2
368669 1 2
368669 4 105
369084 2 2
369171 1 2
369171 4 87
369585 2 2
369672 1 2
369672 4 87
370111 2 2
370173 1 2
370173 4 62
370626 2 2
370675 1 2
370675 4 49
371122 2 2
371176 1 2
371176 4 54
371618 2 2
371678 1 2
371678 4 60
372116 2 2
372180 1 2
372180 4 64
372592 2 2
372681 1 2
372681 4 89
373098 2 2
373182 1 2
373182 4 84
373590 2 2
373683 1 2
373683 4 93
374079 2 2
374185 1 2
374185 4 106
374574 2 2
374686 1 2
374686 4 112
375051 2 2
375187 1 2
375187 4 136
375573 2 2
375689 1 2
375689 4 116
376073 2 2
376584 2 2
377069 2 2
377566 2 2
378066 2 2
378572 2 2
379041 2 2
379586 2 2
380054 2 2
380600 2 2
381128 2 2
381797 2 2
382566 2 2
383345 2 2
384286 2 2
385153 2 2
390913 1 5
391114 1 5
391316 1 5
391372 2 5
391316 4 -56
391518 1 5
391576 2 5
391518 4 -58
391720 1 5
391764 2 5
391720 4 -44
391921 1 5
391978 2 5
391921 4 -57
392123 1 5
392179 2 5
392123 4 -56
392324 1 5
392383 2 5
392324 4 -59
392525 1 5
392587 2 5
392525 4 -62
392726 1 5
392811 2 5
392726 4 -85
392927 1 5
393011 2 5
392927 4 -84
393129 1 5
393259 2 5
393331 1 5
393331 4 72
393500 2 5
393533 1 5
393533 4 33
393713 2 5
393734 1 5
393734 4 21
393932 2 5
393936 1 5
393936 4 4
394138 1 5
394138 2 5
394138 4 -0
394339 1 5
394340 2 5
394339 4 -1
394540 1 5
394540 2 5
394540 4 -0
394742 1 5
394756 2 5
394742 4 -14
394943 1 5
394963 2 5
394943 4 -20
395144 1 5
395160 2 5
395144 4 -16
395345 1 5
395354 2 5
395345 4 -9
395546 1 5
395556 2 5
395546 4 -10
395747 1 5
395757 2 5
395747 4 -10
395948 1 5
395962 2 5
395948 4 -14
396149 1 5
396172 2 5
396149 4 -23
396350 1 5
396371 2 5
396350 4 -21
396551 1 5
396764 2 5
396959 2 5
397157 2 5
397348 2 5
397570 2 5
397792 2 5
398003 2 5
398214 2 5
398438 2 5
398666 2 5
398888 2 5
399113 2 5
399347 2 5
399574 2 5
399787 2 5
400008 2 5
400257 2 5
400489 2 5
406240 1 1.5
406773 2 1.5
406907 1 1.5
406907 4 134
407455 2 1.5
407574 1 1.5
407574 4 119
408119 2 1.5
408241 1 1.5
408241 4 122
408796 2 1.5
408909 1 1.5
408909 4 113
409498 2 1.5
409576 1 1.5
409576 4 78
410175 2 1.5
410243 1 1.5
410243 4 68
410791 2 1.5
410933 1 1.5
410933 4 142
411461 2 1.5
411601 1 1.5
411601 4 140
412163 2 1.5
412268 1 1.5
412268 4 105
412839 2 1.5
412935 1 1.5
412935 4 96
413516 2 1.5
413602 1 1.5
413602 4 86
414145 2 1.5
414269 1 1.5
414269 4 124
414831 2 1.5
414937 1 1.5
414937 4 106
415463 2 1.5
415605 1 1.5
415605 4 142
416167 2 1.5
416272 1 1.5
416272 4 105
416824 2 1.5
416939 1 1.5
416939 4 115
417458 2 1.5
417606 1 1.5
417606 4 148
418135 2 1.5
418273 1 1.5
418273 4 138
418807 2 1.5
418940 1 1.5
418940 4 133
419504 2 1.5
419607 1 1.5
419607 4 103
420173 2 1.5
420274 1 1.5
420274 4 101
420812 2 1.5
420941 1 1.5
420941 4 129
421504 2 1.5
421609 1 1.5
421609 4 105
422151 2 1.5
422276 1 1.5
422276 4 125
422834 2 1.5
422943 1 1.5
422943 4 109
423510 2 1.5
423610 1 1.5
423610 4 100
424182 2 1.5
424277 1 1.5
424277 4 95
424820 2 1.5
424945 1 1.5
424945 4 125
425464 2 1.5
425612 1 1.5
425612 4 148
426162 2 1.5
426280 1 1.5
426280 4 118
426821 2 1.5
427479 2 1.5
428120 2 1.5
428776 2 1.5
429420 2 1.5
430082 2 1.5
430785 2 1.5
431458 2 1.5
432171 2 1.5
432837 2 1.5
433543 2 1.5
434191 2 1.5
434871 2 1.5
435489 2 1.5
436199 2 1.5
436852 2 1.5
437554 2 1.5
438179 2 1.5
438836 2 1.5
439517 2 1.5
444955 1 3
445289 1 3
445348 2 3
445289 4 -59
445603 2 3
445624 1 3
445624 4 21
445925 2 3
445958 1 3
445958 4 33
446265 2 3
446292 1 3
446292 4 27
446575 2 3
446626 1 3
446626 4 51
446940 2 3
446960 1 3
446960 4 20
447266 2 3
447294 1 3
447294 4 28
447627 2 3
447628 1 3
447628 4 1
447928 2 3
447963 1 3
447963 4 35
448285 2 3
448297 1 3
448297 4 12
448606 2 3
448631 1 3
448631 4 25
448946 2 3
448965 1 3
448965 4 19
449280 2 3
449299 1 3
449299 4 19
449634 1 3
449635 2 3
449634 4 -1
449965 2 3
449969 1 3
449969 4 4
450288 2 3
450303 1 3
450303 4 15
450628 2 3
450637 1 3
450637 4 9
450971 1 3
451281 2 3
451305 1 3
451305 4 24
451614 2 3
451639 1 3
451639 4 25
451962 2 3
451973 1 3
451973 4 11
452275 2 3
452307 1 3
452307 4 32
452687 1 3
452708 2 3
452687 4 -21
453021 1 3
453068 2 3
453021 4 -47
453355 1 3
453371 2 3
453355 4 -16
453690 1 3
454037 2 3
454440 2 3
454857 2 3
455230 2 3
455633 2 3
456041 2 3
456408 2 3
457233 2 3
457691 2 3
458097 2 3
458488 2 3
458884 2 3
459285 2 3
459639 2 3
460026 2 3
465623 1 4
465872 2 4
465874 1 4
465874 4 2
466123 2 4
466125 1 4
466125 4 2
466345 2 4
466376 1 4
466376 4 31
466555 2 4
466627 1 4
466627 4 72
466830 2 4
466878 1 4
466878 4 48
467090 2 4
467129 1 4
467129 4 39
467332 2 4
467380 1 4
467380 4 48
467598 2 4
467631 1 4
467631 4 33
467847 2 4
467882 1 4
467882 4 35
468110 2 4
468134 1 4
468134 4 24
468360 2 4
468385 1 4
468385 4 25
468623 2 4
468636 1 4
468636 4 13
468873 2 4
468888 1 4
468888 4 15
469136 2 4
469139 1 4
469139 4 3
469369 2 4
469390 1 4
469390 4 21
469609 2 4
469641 1 4
469641 4 32
469862 2 4
469892 1 4
469892 4 30
470106 2 4
470144 1 4
470144 4 38
470372 2 4
470395 1 4
470395 4 23
470604 2 4
470646 1 4
470646 4 42
470864 2 4
470897 1 4
470897 4 33
471111 2 4
471148 1 4
471148 4 37
471399 1 4
471608 2 4
471650 1 4
471650 4 42
471855 2 4
471901 1 4
471901 4 46
472086 2 4
472152 1 4
472152 4 66
472403 1 4
472621 2 4
472654 1 4
472654 4 33
472871 2 4
472905 1 4
472905 4 34
473117 2 4
473616 2 4
473853 2 4
474147 2 4
474426 2 4
474720 2 4
475011 2 4
475305 2 4
475599 2 4
475921 2 4
476227 2 4
476602 2 4
476992 2 4
477369 2 4
477731 2 4
485030 1 0.5
485610 2 0.5
485030 4 -580
487031 1 0.5
487185 2 0.5
487031 4 -154
489032 1 0.5
489084 2 0.5
489032 4 -52
491033 1 0.5
491136 2 0.5
491033 4 -103
492872 2 0.5
493034 1 0.5
493034 4 162
495035 1 0.5
495223 2 0.5
495035 4 -188
497037 1 0.5
497213 2 0.5
497037 4 -176
498898 2 0.5
499038 1 0.5
499038 4 140
500697 2 0.5
501039 1 0.5
501039 4 342
502729 2 0.5
503040 1 0.5
503040 4 311
504920 2 0.5
505041 1 0.5
505041 4 121
506848 2 0.5
507043 1 0.5
507043 4 195
508659 2 0.5
509044 1 0.5
509044 4 385
510999 2 0.5
511046 1 0.5
511046 4 47
512812 2 0.5
513047 1 0.5
513047 4 235
514880 2 0.5
515049 1 0.5
515049 4 169
516877 2 0.5
517050 1 0.5
517050 4 173
518708 2 0.5
519051 1 0.5
519051 4 343
521052 1 0.5
521079 2 0.5
521052 4 -27
523054 1 0.5
523160 2 0.5
523054 4 -106
525032 2 0.5
525055 1 0.5
525055 4 23
526910 2 0.5
527056 1 0.5
527056 4 146
528814 2 0.5
529058 1 0.5
529058 4 244
530704 2 0.5
531059 1 0.5
531059 4 355
532782 2 0.5
533061 1 0.5
533061 4 279
534914 2 0.5
535062 1 0.5
535062 4 148
536967 2 0.5
537063 1 0.5
537063 4 96
538910 2 0.5
539064 1 0.5
539064 4 154
540756 2 0.5
541065 1 0.5
541065 4 309
542701 2 0.5
544737 2 0.5
546620 2 0.5
548365 2 0.5
550671 2 0.5
552290 2 0.5
554101 2 0.5
555938 2 0.5
558142 2 0.5
559897 2 0.5
561640 2 0.5
563462 2 0.5
565177 2 0.5
567090 2 0.5
569051 2 0.5
570957 2 0.5
572685 2 0.5
574352 2 0.5
576093 2 0.5
578075 2 0.5
579768 2 0.5
613088 3 417
613087 5 30
614089 1 1
614568 2 1
614089 4 -479
615090 1 1
615225 2 1
615090 4 -135
616006 2 1
616091 1 1
616091 4 85
616976 2 1
617093 1 1
617093 4 117
617958 2 1
618094 1 1
618094 4 136
619014 2 1
619095 1 1
619095 4 81
619986 2 1
620096 1 1
620096 4 110
620984 2 1
621097 1 1
621097 4 113
622022 2 1
622098 1 1
622098 4 76
623000 2 1
623099 1 1
623099 4 99
624004 2 1
624101 1 1
624101 4 97
625015 2 1
625102 1 1
625102 4 87
626022 2 1
626104 1 1
626104 4 82
627056 2 1
627105 1 1
627105 4 49
628018 2 1
628106 1 1
628106 4 88
628982 2 1
629108 1 1
629108 4 126
630018 2 1
630110 1 1
630110 4 92
630983 2 1
631111 1 1
631111 4 128
632090 2 1
632113 1 1
632113 4 23
633062 2 1
633115 1 1
633115 4 53
634038 2 1
634116 1 1
634116 4 78
634997 2 1
635117 1 1
635117 4 120
635988 2 1
636118 1 1
636118 4 130
637013 2 1
637119 1 1
637119 4 106
637988 2 1
638120 1 1
638120 4 132
639028 2 1
639121 1 1
639121 4 93
639964 2 1
640123 1 1
640123 4 159
640990 2 1
641124 1 1
641124 4 134
641895 2 1
642914 2 1
643902 2 1
644888 2 1
645910 2 1
646860 2 1
647825 2 1
648837 2 1
649821 2 1
650766 2 1
651849 2 1
652857 2 1
653883 2 1
655239 2 1
656227 2 1
657136 2 1
658125 2 1
659106 2 1
660101 2 1
661135 2 1
668251 1 0.5
670252 1 0.5
670434 2 0.5
670252 4 -182
672213 2 0.5
672253 1 0.5
672253 4 40
674254 1 0.5
674276 2 0.5
674254 4 -22
676225 2 0.5
676256 1 0.5
676256 4 31
678261 1 0.5
678324 2 0.5
678261 4 -63
680123 2 0.5
680263 1 0.5
680263 4 140
682159 2 0.5
682265 1 0.5
682265 4 106
684190 2 0.5
684266 1 0.5
684266 4 76
686267 1 0.5
686314 2 0.5
686267 4 -47
688268 1 0.5
688275 2 0.5
688268 4 -7
690113 2 0.5
690269 1 0.5
690269 4 156
692066 2 0.5
692271 1 0.5
692271 4 205
694081 2 0.5
694272 1 0.5
694272 4 191
696273 1 0.5
696301 2 0.5
696273 4 -28
698275 1 0.5
698379 2 0.5
698275 4 -104
700023 2 0.5
700276 1 0.5
700276 4 253
702087 2 0.5
702277 1 0.5
702277 4 190
704249 2 0.5
704278 1 0.5
704278 4 29
706259 2 0.5
706280 1 0.5
706280 4 21
708185 2 0.5
708282 1 0.5
708282 4 97
710086 2 0.5
710283 1 0.5
710283 4 197
712284 1 0.5
712357 2 0.5
712284 4 -73
714133 2 0.5
714285 1 0.5
714285 4 152
716204 2 0.5
716287 1 0.5
716287 4 83
718047 2 0.5
718288 1 0.5
718288 4 241
720133 2 0.5
720290 1 0.5
720290 4 157
722291 1 0.5
722372 2 0.5
722291 4 -81
724293 1 0.5
726188 2 0.5
728034 2 0.5
729742 2 0.5
731557 2 0.5
733521 2 0.5
735443 2 0.5
737199 2 0.5
738982 2 0.5
740781 2 0.5
742607 2 0.5
744356 2 0.5
746417 2 0.5
748167 2 0.5
750199 2 0.5
751832 2 0.5
753744 2 0.5
755540 2 0.5
757385 2 0.5
758991 2 0.5
761611 2 0.5
763421 2 0.5
769558 1 4
769809 1 4
770053 2 4
770060 1 4
770060 4 7
770294 2 4
770311 1 4
770311 4 17
770547 2 4
770563 1 4
770563 4 16
770776 2 4
770814 1 4
770814 4 38
771065 1 4
771066 2 4
771065 4 -1
771315 2 4
771316 1 4
771316 4 1
771561 2 4
771567 1 4
771567 4 6
771776 2 4
771818 1 4
771818 4 42
772056 2 4
772069 1 4
772069 4 13
772311 2 4
772320 1 4
772320 4 9
772572 1 4
772815 2 4
772823 1 4
772823 4 8
773045 2 4
773074 1 4
773074 4 29
773297 2 4
773326 1 4
773326 4 29
773553 2 4
773577 1 4
773577 4 24
773793 2 4
773829 1 4
773829 4 36
774042 2 4
774080 1 4
774080 4 38
774307 2 4
774331 1 4
774331 4 24
774556 2 4
774583 1 4
774583 4 27
774794 2 4
774834 1 4
774834 4 40
775057 2 4
775085 1 4
775085 4 28
775318 2 4
775337 1 4
775337 4 19
775552 2 4
775589 1 4
775589 4 37
775812 2 4
775840 1 4
775840 4 28
776048 2 4
776091 1 4
776091 4 43
776301 2 4
776343 1 4
776343 4 42
776559 2 4
776595 1 4
776595 4 36
776816 2 4
776846 1 4
776846 4 30
777046 2 4
777098 1 4
777098 4 52
777295 2 4
777349 1 4
777349 4 54
777558 2 4
777600 1 4
777600 4 42
777807 2 4
778041 2 4
778296 2 4
778554 2 4
778803 2 4
779053 2 4
779315 2 4
779563 2 4
779805 2 4
780042 2 4
780306 2 4
780556 2 4
780799 2 4
781054 2 4
781305 2 4
781543 2 4
781780 2 4
782040 2 4
782297 2 4
782545 2 4
788123 1 2
788625 1 2
789048 2 2
789126 1 2
789126 4 78
789500 2 2
789627 1 2
789627 4 127
789989 2 2
790128 1 2
790128 4 139
790498 2 2
790629 1 2
790629 4 131
790998 2 2
791131 1 2
791131 4 133
791488 2 2
791633 1 2
791633 4 145
792014 2 2
792135 1 2
792135 4 121
792559 2 2
792637 1 2
792637 4 78
793071 2 2
793138 1 2
793138 4 67
793559 2 2
793639 1 2
793639 4 80
794061 2 2
794140 1 2
794140 4 79
794559 2 2
794641 1 2
794641 4 82
795051 2 2
795142 1 2
795142 4 91
795535 2 2
795644 1 2
795644 4 109
796033 2 2
796145 1 2
796145 4 112
796562 2 2
796646 1 2
796646 4 84
797076 2 2
797148 1 2
797148 4 72
797591 2 2
797649 1 2
797649 4 58
798052 2 2
798151 1 2
798151 4 99
798555 2 2
798652 1 2
798652 4 97
799082 2 2
799153 1 2
799153 4 71
799560 2 2
799655 1 2
799655 4 95
800071 2 2
800156 1 2
800156 4 85
800550 2 2
801074 2 2
801560 2 2
802081 2 2
802563 2 2
803036 2 2
803556 2 2
804025 2 2
804529 2 2
805012 2 2
805495 2 2
805986 2 2
806500 2 2
806986 2 2
807484 2 2
807972 2 2
808451 2 2
808941 2 2
809425 2 2
809933 2 2
815512 1 3
815847 1 3
815999 2 3
815847 4 -152
816181 1 3
816283 2 3
816181 4 -102
816515 1 3
816519 2 3
816515 4 -4
816812 2 3
816849 1 3
816849 4 37
817142 2 3
817183 1 3
817183 4 41
817480 2 3
817518 1 3
817518 4 38
817824 2 3
817852 1 3
817852 4 28
818141 2 3
818187 1 3
818187 4 46
818502 2 3
818521 1 3
818521 4 19
818833 2 3
818856 1 3
818856 4 23
819154 2 3
819191 1 3
819191 4 37
819483 2 3
819525 1 3
819525 4 42
819859 1 3
820135 2 3
820193 1 3
820193 4 58
820490 2 3
820527 1 3
820527 4 37
820821 2 3
820862 1 3
820862 4 41
821196 1 3
821494 2 3
821531 1 3
821531 4 37
821788 2 3
821865 1 3
821865 4 77
822158 2 3
822199 1 3
822199 4 41
822510 2 3
822533 1 3
822533 4 23
822854 2 3
822867 1 3
822867 4 13
823171 2 3
823201 1 3
823201 4 30
823499 2 3
823535 1 3
823535 4 36
823837 2 3
823870 1 3
823870 4 33
824165 2 3
824496 2 3
824884 2 3
825170 2 3
825528 2 3
825870 2 3
826192 2 3
826838 2 3
827172 2 3
827498 2 3
827826 2 3
828145 2 3
828474 2 3
828826 2 3
829159 2 3
829462 2 3
829788 2 3
830137 2 3
830425 2 3
835752 1 5
835953 1 5
836155 1 5
836228 2 5
836155 4 -73
836357 1 5
836420 2 5
836357 4 -63
836558 1 5
836611 2 5
836558 4 -53
836759 1 5
836774 2 5
836759 4 -15
836960 1 5
836972 2 5
836960 4 -12
837161 1 5
837164 2 5
837161 4 -3
837363 1 5
837365 2 5
837363 4 -2
837564 1 5
837569 2 5
837564 4 -5
837765 1 5
837771 2 5
837765 4 -6
837966 1 5
837967 2 5
837966 4 -1
838166 2 5
838167 1 5
838167 4 1
838355 2 5
838368 1 5
838368 4 13
838546 2 5
838569 1 5
838569 4 23
838740 2 5
838771 1 5
838771 4 31
838958 2 5
838972 1 5
838972 4 14
839148 2 5
839173 1 5
839173 4 25
839358 2 5
839374 1 5
839374 4 16
839562 2 5
839576 1 5
839576 4 14
839760 2 5
839777 1 5
839777 4 17
839969 2 5
839978 1 5
839978 4 9
840173 2 5
840179 1 5
840179 4 6
840368 2 5
840380 1 5
840380 4 12
840561 2 5
840581 1 5
840581 4 20
840770 2 5
840782 1 5
840782 4 12
840962 2 5
840983 1 5
840983 4 21
841160 2 5
841381 2 5
841568 2 5
841764 2 5
841974 2 5
842181 2 5
842394 2 5
842600 2 5
842799 2 5
842998 2 5
843200 2 5
843419 2 5
843612 2 5
843815 2 5
844016 2 5
844222 2 5
844428 2 5
844630 2 5
844826 2 5
850674 1 1.5
851342 1 1.5
851859 2 1.5
852009 1 1.5
852009 4 150
852446 2 1.5
852677 1 1.5
852677 4 231
853116 2 1.5
853344 1 1.5
853344 4 228
853849 2 1.5
854011 1 1.5
854011 4 162
854678 1 1.5
855255 2 1.5
855345 1 1.5
855345 4 90
855866 2 1.5
856012 1 1.5
856012 4 146
856546 2 1.5
856679 1 1.5
856679 4 133
857303 2 1.5
857346 1 1.5
857346 4 43
857943 2 1.5
858013 1 1.5
858013 4 70
858626 2 1.5
858680 1 1.5
858680 4 54
859273 2 1.5
859348 1 1.5
859348 4 75
859910 2 1.5
860015 1 1.5
860015 4 105
860581 2 1.5
860683 1 1.5
860683 4 102
861241 2 1.5
861350 1 1.5
861350 4 109
861892 2 1.5
862017 1 1.5
862017 4 125
862528 2 1.5
862684 1 1.5
862684 4 156
863192 2 1.5
863352 1 1.5
863352 4 160
863936 2 1.5
864019 1 1.5
864019 4 83
864576 2 1.5
864686 1 1.5
864686 4 110
865223 2 1.5
865353 1 1.5
865353 4 130
865879 2 1.5
866020 1 1.5
866020 4 141
866556 2 1.5
866687 1 1.5
866687 4 131
867227 2 1.5
867354 1 1.5
867354 4 127
867924 2 1.5
868022 1 1.5
868022 4 98
868617 2 1.5
868689 1 1.5
868689 4 72
869268 2 1.5
869356 1 1.5
869356 4 88
869941 2 1.5
870024 1 1.5
870024 4 83
870621 2 1.5
870692 1 1.5
870692 4 71
871310 2 1.5
871930 2 1.5
872601 2 1.5
873240 2 1.5
873904 2 1.5
874539 2 1.5
875188 2 1.5
875810 2 1.5
876528 2 1.5
877188 2 1.5
877818 2 1.5
878440 2 1.5
879073 2 1.5
879702 2 1.5
880329 2 1.5
880930 2 1.5
881555 2 1.5
882168 2 1.5
882821 2 1.5
883432 2 1.5
884070 2 1.5
910696 3 742
910695 5 90
911030 1 3
911365 1 3
911645 2 3
911699 1 3
911699 4 54
911973 2 3
912033 1 3
912033 4 60
912337 2 3
912368 1 3
912368 4 31
912655 2 3
912702 1 3
912702 4 47
912947 2 3
913036 1 3
913036 4 89
913297 2 3
913370 1 3
913370 4 73
913643 2 3
913704 1 3
913704 4 61
914017 2 3
914038 1 3
914038 4 21
914342 2 3
914372 1 3
914372 4 30
914670 2 3
914706 1 3
914706 4 36
915002 2 3
915041 1 3
915041 4 39
915346 2 3
915376 1 3
915376 4 30
915673 2 3
915710 1 3
915710 4 37
915999 2 3
916044 1 3
916044 4 45
916310 2 3
916378 1 3
916378 4 68
916647 2 3
916713 1 3
916713 4 66
916980 2 3
917047 1 3
917047 4 67
917348 2 3
917382 1 3
917382 4 34
917699 2 3
917716 1 3
917716 4 17
918022 2 3
918051 1 3
918051 4 29
918368 2 3
918386 1 3
918386 4 18
918664 2 3
918721 1 3
918721 4 57
918970 2 3
919056 1 3
919056 4 86
919337 2 3
919390 1 3
919390 4 53
919658 2 3
919725 1 3
919725 4 67
920060 1 3
920331 2 3
920394 1 3
920394 4 63
920653 2 3
920728 1 3
920728 4 75
920960 2 3
921063 1 3
921063 4 103
921302 2 3
921397 1 3
921397 4 95
921671 2 3
921731 1 3
921731 4 60
921980 2 3
922345 2 3
922715 2 3
923078 2 3
923429 2 3
923782 2 3
924135 2 3
924487 2 3
924857 2 3
925204 2 3
925555 2 3
925915 2 3
926288 2 3
926633 2 3
926994 2 3
927355 2 3
927702 2 3
928065 2 3
928405 2 3
933664 1 4
933916 1 4
934167 1 4
934293 2 4
934418 1 4
934418 4 125
934669 1 4
934698 2 4
934669 4 -29
934920 1 4
934922 2 4
934920 4 -2
935125 2 4
935171 1 4
935171 4 46
935376 2 4
935423 1 4
935423 4 47
935645 2 4
935674 1 4
935674 4 29
935895 2 4
935926 1 4
935926 4 31
936153 2 4
936177 1 4
936177 4 24
936413 2 4
936428 1 4
936428 4 15
936669 2 4
936679 1 4
936679 4 10
936910 2 4
936931 1 4
936931 4 21
937159 2 4
937182 1 4
937182 4 23
937426 2 4
937433 1 4
937433 4 7
937675 2 4
937684 1 4
937684 4 9
937922 2 4
937936 1 4
937936 4 14
938162 2 4
938187 1 4
938187 4 25
938401 2 4
938439 1 4
938439 4 38
938656 2 4
938690 1 4
938690 4 34
938924 2 4
938941 1 4
938941 4 17
939162 2 4
939192 1 4
939192 4 30
939412 2 4
939443 1 4
939443 4 31
939663 2 4
939695 1 4
939695 4 32
939923 2 4
939946 1 4
939946 4 23
940171 2 4
940198 1 4
940198 4 27
940425 2 4
940449 1 4
940449 4 24
940671 2 4
940701 1 4
940701 4 30
940906 2 4
940952 1 4
940952 4 46
941169 2 4
941203 1 4
941203 4 34
941423 2 4
941454 1 4
941454 4 31
941669 2 4
941919 2 4
942203 2 4
942475 2 4
942734 2 4
943024 2 4
943312 2 4
943587 2 4
943875 2 4
944132 2 4
944400 2 4
944679 2 4
944950 2 4
945219 2 4
945492 2 4
945811 2 4
946114 2 4
946434 2 4
952244 1 1.5
952564 2 1.5
952244 4 -320
952912 1 1.5
953486 2 1.5
953579 1 1.5
953579 4 93
954104 2 1.5
954246 1 1.5
954246 4 142
954802 2 1.5
954913 1 1.5
954913 4 111
955464 2 1.5
955581 1 1.5
955581 4 117
956106 2 1.5
956248 1 1.5
956248 4 142
956778 2 1.5
956915 1 1.5
956915 4 137
957467 2 1.5
957582 1 1.5
957582 4 115
958111 2 1.5
958249 1 1.5
958249 4 138
958836 2 1.5
958916 1 1.5
958916 4 80
959500 2 1.5
959584 1 1.5
959584 4 84
960145 2 1.5
960251 1 1.5
960251 4 106
960757 2 1.5
960918 1 1.5
960918 4 161
961449 2 1.5
961585 1 1.5
961585 4 136
962095 2 1.5
962252 1 1.5
962252 4 157
962730 2 1.5
962919 1 1.5
962919 4 189
963393 2 1.5
963587 1 1.5
963587 4 194
964133 2 1.5
964254 1 1.5
964254 4 121
964796 2 1.5
964922 1 1.5
964922 4 126
965477 2 1.5
965589 1 1.5
965589 4 112
966148 2 1.5
966256 1 1.5
966256 4 108
966784 2 1.5
966923 1 1.5
966923 4 139
967447 2 1.5
967590 1 1.5
967590 4 143
968156 2 1.5
968258 1 1.5
968258 4 102
968793 2 1.5
968926 1 1.5
968926 4 133
969462 2 1.5
969594 1 1.5
969594 4 132
970067 2 1.5
970262 1 1.5
970262 4 195
970809 2 1.5
970930 1 1.5
970930 4 121
971385 2 1.5
971597 1 1.5
971597 4 212
972175 2 1.5
972264 1 1.5
972264 4 89
972818 2 1.5
972931 1 1.5
972931 4 113
973454 2 1.5
973599 1 1.5
973599 4 145
974107 2 1.5
974266 1 1.5
974266 4 159
974711 2 1.5
975423 2 1.5
976055 2 1.5
976716 2 1.5
977352 2 1.5
978006 2 1.5
978629 2 1.5
979266 2 1.5
979918 2 1.5
980586 2 1.5
981263 2 1.5
981923 2 1.5
982651 2 1.5
983245 2 1.5
983907 2 1.5
984577 2 1.5
985241 2 1.5
985852 2 1.5
986572 2 1.5
987178 2 1.5
993109 1 2
993610 1 2
994064 2 2
994112 1 2
994112 4 48
994523 2 2
994613 1 2
994613 4 90
995005 2 2
995115 1 2
995115 4 110
995506 2 2
995617 1 2
995617 4 111
996032 2 2
996119 1 2
996119 4 87
996552 2 2
996621 1 2
996621 4 69
997044 2 2
997122 1 2
997122 4 78
997546 2 2
997623 1 2
997623 4 77
998055 2 2
998125 1 2
998125 4 70
998543 2 2
998626 1 2
998626 4 83
999068 2 2
999127 1 2
999127 4 59
999580 2 2
999628 1 2
999628 4 48
1.00004e+006 2 2
1.00013e+006 1 2
1.00013e+006 4 91
1.00056e+006 2 2
1.00063e+006 1 2
1.00063e+006 4 69
1.00104e+006 2 2
1.00113e+006 1 2
1.00113e+006 4 96
1.00154e+006 2 2
1.00164e+006 1 2
1.00164e+006 4 93
1.00205e+006 2 2
1.00214e+006 1 2
1.00214e+006 4 88
1.00253e+006 2 2
1.00264e+006 1 2
1.00264e+006 4 107
1.00306e+006 2 2
1.00314e+006 1 2
1.00314e+006 4 84
1.00356e+006 2 2
1.00364e+006 1 2
1.00364e+006 4 80
1.00408e+006 2 2
1.00414e+006 1 2
1.00414e+006 4 63
1.00457e+006 2 2
1.00464e+006 1 2
1.00464e+006 4 74
1.00506e+006 2 2
1.00514e+006 1 2
1.00514e+006 4 88
1.00555e+006 2 2
1.00565e+006 1 2
1.00565e+006 4 99
1.00601e+006 2 2
1.00615e+006 1 2
1.00615e+006 4 141
1.00652e+006 2 2
1.00665e+006 1 2
1.00665e+006 4 132
1.00703e+006 2 2
1.00715e+006 1 2
1.00715e+006 4 120
1.00756e+006 2 2
1.00765e+006 1 2
1.00765e+006 4 93
1.0082e+006 2 2
1.00867e+006 2 2
1.00918e+006 2 2
1.00965e+006 2 2
1.01013e+006 2 2
1.01062e+006 2 2
1.01157e+006 2 2
1.01208e+006 2 2
1.01254e+006 2 2
1.01302e+006 2 2
1.0135e+006 2 2
1.01399e+006 2 2
1.0145e+006 2 2
1.01499e+006 2 2
1.01546e+006 2 2
1.01596e+006 2 2
1.01648e+006 2 2
1.01698e+006 2 2
1.01746e+006 2 2
1.02478e+006 1 0.5
1.0251e+006 2 0.5
1.02478e+006 4 -322
1.02575e+006 2 0.5
1.02478e+006 4 -969
1.02678e+006 1 0.5
1.02694e+006 2 0.5
1.02678e+006 4 -162
1.02878e+006 1 0.5
1.02894e+006 2 0.5
1.02878e+006 4 -160
1.03078e+006 1 0.5
1.03091e+006 2 0.5
1.03078e+006 4 -130
1.03271e+006 2 0.5
1.03279e+006 1 0.5
1.03279e+006 4 78
1.03463e+006 2 0.5
1.03479e+006 1 0.5
1.03479e+006 4 156
1.03657e+006 2 0.5
1.03679e+006 1 0.5
1.03679e+006 4 216
1.03879e+006 1 0.5
1.0388e+006 2 0.5
1.03879e+006 4 -6
1.0407e+006 2 0.5
1.04079e+006 1 0.5
1.04079e+006 4 92
1.04259e+006 2 0.5
1.04279e+006 1 0.5
1.04279e+006 4 203
1.04467e+006 2 0.5
1.04479e+006 1 0.5
1.04479e+006 4 123
1.04655e+006 2 0.5
1.0468e+006 1 0.5
1.0468e+006 4 249
1.0486e+006 2 0.5
1.0488e+006 1 0.5
1.0488e+006 4 199
1.05073e+006 2 0.5
1.0508e+006 1 0.5
1.0508e+006 4 65
1.05277e+006 2 0.5
1.0528e+006 1 0.5
1.0528e+006 4 34
1.05467e+006 2 0.5
1.0548e+006 1 0.5
1.0548e+006 4 136
1.0568e+006 1 0.5
1.05862e+006 2 0.5
1.0588e+006 1 0.5
1.0588e+006 4 188
1.06076e+006 2 0.5
1.06081e+006 1 0.5
1.06081e+006 4 46
1.06281e+006 1 0.5
1.06287e+006 2 0.5
1.06281e+006 4 -59
1.06477e+006 2 0.5
1.06481e+006 1 0.5
1.06481e+006 4 35
1.06659e+006 2 0.5
1.06681e+006 1 0.5
1.06681e+006 4 220
1.06881e+006 1 0.5
1.07077e+006 2 0.5
1.07081e+006 1 0.5
1.07081e+006 4 42
1.07277e+006 2 0.5
1.07281e+006 1 0.5
1.07281e+006 4 43
1.07469e+006 2 0.5
1.07481e+006 1 0.5
1.07481e+006 4 124
1.07682e+006 1 0.5
1.07882e+006 2 0.5
1.07882e+006 1 0.5
1.07882e+006 4 2
1.0808e+006 2 0.5
1.08082e+006 1 0.5
1.08082e+006 4 22
1.08257e+006 2 0.5
1.08501e+006 2 0.5
1.08702e+006 2 0.5
1.08924e+006 2 0.5
1.09181e+006 2 0.5
1.09399e+006 2 0.5
1.09614e+006 2 0.5
1.09825e+006 2 0.5
1.10073e+006 2 0.5
1.10331e+006 2 0.5
1.10568e+006 2 0.5
1.108e+006 2 0.5
1.11016e+006 2 0.5
1.1123e+006 2 0.5
1.11418e+006 2 0.5
1.11613e+006 2 0.5
1.11804e+006 2 0.5
1.12013e+006 2 0.5
1.12684e+006 1 1
1.12784e+006 1 1
1.12811e+006 2 1
1.12784e+006 4 -268
1.12885e+006 1 1
1.12893e+006 2 1
1.12885e+006 4 -81
1.12985e+006 1 1
1.12985e+006 2 1
1.12985e+006 4 -6
1.13077e+006 2 1
1.13085e+006 1 1
1.13085e+006 4 75
1.13176e+006 2 1
1.13185e+006 1 1
1.13185e+006 4 92
1.13277e+006 2 1
1.13285e+006 1 1
1.13285e+006 4 85
1.13383e+006 2 1
1.13385e+006 1 1
1.13385e+006 4 20
1.13482e+006 2 1
1.13485e+006 1 1
1.13485e+006 4 33
1.13582e+006 2 1
1.13585e+006 1 1
1.13585e+006 4 37
1.13682e+006 2 1
1.13686e+006 1 1
1.13686e+006 4 40
1.13779e+006 2 1
1.13786e+006 1 1
1.13786e+006 4 63
1.13877e+006 2 1
1.13886e+006 1 1
1.13886e+006 4 93
1.13979e+006 2 1
1.13986e+006 1 1
1.13986e+006 4 73
1.14081e+006 2 1
1.14086e+006 1 1
1.14086e+006 4 49
1.14178e+006 2 1
1.14186e+006 1 1
1.14186e+006 4 81
1.14281e+006 2 1
1.14286e+006 1 1
1.14286e+006 4 52
1.14386e+006 1 1
1.1448e+006 2 1
1.14487e+006 1 1
1.14487e+006 4 66
1.14572e+006 2 1
1.14587e+006 1 1
1.14587e+006 4 146
1.14673e+006 2 1
1.14687e+006 1 1
1.14687e+006 4 136
1.14787e+006 1 1
1.14887e+006 1 1
1.14978e+006 2 1
1.14987e+006 1 1
1.14987e+006 4 92
1.15087e+006 1 1
1.15286e+006 2 1
1.1539e+006 2 1
1.15496e+006 2 1
1.15599e+006 2 1
1.15699e+006 2 1
1.15808e+006 2 1
1.15954e+006 2 1
1.16066e+006 2 1
1.16193e+006 2 1
1.16296e+006 2 1
1.16401e+006 2 1
1.16514e+006 2 1
1.16664e+006 2 1
1.16771e+006 2 1
1.1688e+006 2 1
1.16992e+006 2 1
1.1761e+006 1 5
1.1763e+006 1 5
1.1765e+006 1 5
1.1765e+006 2 5
1.1765e+006 4 -1
1.1767e+006 1 5
1.17672e+006 2 5
1.1767e+006 4 -17
1.1769e+006 1 5
1.17691e+006 2 5
1.1769e+006 4 -8
1.1771e+006 1 5
1.17712e+006 2 5
1.1771e+006 4 -21
1.1773e+006 1 5
1.17734e+006 2 5
1.1773e+006 4 -31
1.17751e+006 1 5
1.17754e+006 2 5
1.17751e+006 4 -36
1.17771e+006 1 5
1.17774e+006 2 5
1.17771e+006 4 -31
1.17791e+006 1 5
1.17793e+006 2 5
1.17791e+006 4 -26
1.17811e+006 1 5
1.17814e+006 2 5
1.17811e+006 4 -31
1.17831e+006 1 5
1.17833e+006 2 5
1.17831e+006 4 -23
1.17851e+006 1 5
1.17854e+006 2 5
1.17851e+006 4 -33
1.17871e+006 1 5
1.17874e+006 2 5
1.17871e+006 4 -24
1.17891e+006 1 5
1.17893e+006 2 5
1.17891e+006 4 -15
1.17911e+006 1 5
1.17912e+006 2 5
1.17911e+006 4 -8
1.17932e+006 1 5
1.17932e+006 2 5
1.17932e+006 4 -2
1.17952e+006 1 5
1.17952e+006 2 5
1.17952e+006 4 -0
1.17972e+006 2 5
1.17972e+006 1 5
1.17972e+006 4 2
1.17991e+006 2 5
1.17992e+006 1 5
1.17992e+006 4 12
1.1801e+006 2 5
1.18012e+006 1 5
1.18012e+006 4 20
1.1803e+006 2 5
1.18032e+006 1 5
1.18032e+006 4 25
1.1805e+006 2 5
1.18052e+006 1 5
1.18052e+006 4 24
1.1807e+006 2 5
1.18072e+006 1 5
1.18072e+006 4 25
1.1809e+006 2 5
1.18093e+006 1 5
1.18093e+006 4 28
1.1811e+006 2 5
1.18113e+006 1 5
1.18113e+006 4 31
1.1813e+006 2 5
1.18133e+006 1 5
1.18133e+006 4 25
1.1815e+006 2 5
1.18153e+006 1 5
1.18153e+006 4 29
1.1817e+006 2 5
1.18173e+006 1 5
1.18173e+006 4 27
1.18191e+006 2 5
1.18193e+006 1 5
1.18193e+006 4 20
1.18211e+006 2 5
1.1823e+006 2 5
1.18251e+006 2 5
1.18272e+006 2 5
1.18293e+006 2 5
1.18315e+006 2 5
1.18337e+006 2 5
1.18359e+006 2 5
1.1838e+006 2 5
1.18403e+006 2 5
1.18426e+006 2 5
1.18449e+006 2 5
1.18473e+006 2 5
1.18496e+006 2 5
1.18519e+006 2 5
1.18546e+006 2 5
1.18569e+006 2 5
1.18594e+006 2 5
1201068 3 1066
1.20107e+006 5 60
1.2014e+006 1 3
1.20174e+006 1 3
1.20204e+006 2 3
1.20207e+006 1 3
1.20207e+006 4 28
1.20239e+006 2 3
1.20241e+006 1 3
1.20241e+006 4 20
1.20266e+006 2 3
1.20274e+006 1 3
1.20274e+006 4 75
1.20302e+006 2 3
1.20307e+006 1 3
1.20307e+006 4 53
1.20336e+006 2 3
1.20341e+006 1 3
1.20341e+006 4 51
1.20368e+006 2 3
1.20374e+006 1 3
1.20374e+006 4 60
1.20403e+006 2 3
1.20408e+006 1 3
1.20408e+006 4 43
1.20438e+006 2 3
1.20441e+006 1 3
1.20441e+006 4 36
1.20473e+006 2 3
1.20475e+006 1 3
1.20475e+006 4 17
1.20506e+006 2 3
1.20508e+006 1 3
1.20508e+006 4 18
1.20539e+006 2 3
1.20541e+006 1 3
1.20541e+006 4 27
1.20572e+006 2 3
1.20575e+006 1 3
1.20575e+006 4 29
1.20606e+006 2 3
1.20608e+006 1 3
1.20608e+006 4 21
1.20639e+006 2 3
1.20642e+006 1 3
1.20642e+006 4 32
1.20669e+006 2 3
1.20675e+006 1 3
1.20675e+006 4 62
1.20702e+006 2 3
1.20709e+006 1 3
1.20709e+006 4 70
1.20737e+006 2 3
1.20742e+006 1 3
1.20742e+006 4 54
1.20776e+006 1 3
1.20806e+006 2 3
1.20809e+006 1 3
1.20809e+006 4 27
1.20837e+006 2 3
1.20842e+006 1 3
1.20842e+006 4 51
1.20871e+006 2 3
1.20876e+006 1 3
1.20876e+006 4 49
1.20905e+006 2 3
1.20909e+006 1 3
1.20909e+006 4 38
1.20937e+006 2 3
1.20943e+006 1 3
1.20943e+006 4 52
1.2097e+006 2 3
1.20976e+006 1 3
1.20976e+006 4 56
1.21005e+006 2 3
1.21009e+006 1 3
1.21009e+006 4 49
1.21038e+006 2 3
1.21043e+006 1 3
1.21043e+006 4 52
1.2107e+006 2 3
1.21076e+006 1 3
1.21076e+006 4 67
1.21107e+006 2 3
1.2111e+006 1 3
1.2111e+006 4 23
1.2114e+006 2 3
1.21143e+006 1 3
1.21143e+006 4 30
1.21174e+006 2 3
1.21177e+006 1 3
1.21177e+006 4 27
1.21206e+006 2 3
1.2121e+006 1 3
1.2121e+006 4 46
1.21237e+006 2 3
1.21272e+006 2 3
1.21307e+006 2 3
1.21338e+006 2 3
1.21373e+006 2 3
1.21409e+006 2 3
1.21442e+006 2 3
1.21476e+006 2 3
1.21509e+006 2 3
1.21544e+006 2 3
1.21577e+006 2 3
1.2161e+006 2 3
1.21643e+006 2 3
1.21678e+006 2 3
1.21713e+006 2 3
1.21745e+006 2 3
1.21782e+006 2 3
1.21815e+006 2 3
1.21851e+006 2 3
1.22578e+006 1 0.5
1.22778e+006 1 0.5
1.22794e+006 2 0.5
1.22778e+006 4 -155
1.22979e+006 1 0.5
1.22981e+006 2 0.5
1.22979e+006 4 -26
1.23179e+006 1 0.5
1.23186e+006 2 0.5
1.23179e+006 4 -76
1.23364e+006 2 0.5
1.23379e+006 1 0.5
1.23379e+006 4 151
1.23567e+006 2 0.5
1.23579e+006 1 0.5
1.23579e+006 4 125
1.23771e+006 2 0.5
1.23779e+006 1 0.5
1.23779e+006 4 79
1.23974e+006 2 0.5
1.23979e+006 1 0.5
1.23979e+006 4 54
1.24157e+006 2 0.5
1.2418e+006 1 0.5
1.2418e+006 4 228
1.24355e+006 2 0.5
1.2438e+006 1 0.5
1.2438e+006 4 251
1.2458e+006 1 0.5
1.24775e+006 2 0.5
1.2478e+006 1 0.5
1.2478e+006 4 56
1.24967e+006 2 0.5
1.2498e+006 1 0.5
1.2498e+006 4 133
1.2518e+006 1 0.5
1.2538e+006 2 0.5
1.2538e+006 1 0.5
1.2538e+006 4 2
1.25561e+006 2 0.5
1.25581e+006 1 0.5
1.25581e+006 4 197
1.25754e+006 2 0.5
1.25781e+006 1 0.5
1.25781e+006 4 269
1.25957e+006 2 0.5
1.25981e+006 1 0.5
1.25981e+006 4 243
1.26153e+006 2 0.5
1.26181e+006 1 0.5
1.26181e+006 4 284
1.26381e+006 1 0.5
1.26581e+006 1 0.5
1.26586e+006 2 0.5
1.26581e+006 4 -45
1.26758e+006 2 0.5
1.26781e+006 1 0.5
1.26781e+006 4 231
1.26971e+006 2 0.5
1.26982e+006 1 0.5
1.26982e+006 4 109
1.27182e+006 1 0.5
1.27198e+006 2 0.5
1.27182e+006 4 -159
1.27366e+006 2 0.5
1.27382e+006 1 0.5
1.27382e+006 4 162
1.27574e+006 2 0.5
1.27582e+006 1 0.5
1.27582e+006 4 84
1.27782e+006 1 0.5
1.27981e+006 2 0.5
1.27982e+006 1 0.5
1.27982e+006 4 13
1.28167e+006 2 0.5
1.28353e+006 2 0.5
1.28733e+006 2 0.5
1.28915e+006 2 0.5
1.29088e+006 2 0.5
1.29298e+006 2 0.5
1.29476e+006 2 0.5
1.29656e+006 2 0.5
1.29835e+006 2 0.5
1.30005e+006 2 0.5
1.30182e+006 2 0.5
1.30363e+006 2 0.5
1.30536e+006 2 0.5
1.30728e+006 2 0.5
1.30921e+006 2 0.5
1.31121e+006 2 0.5
1.3132e+006 2 0.5
1.3152e+006 2 0.5
1.31714e+006 2 0.5
1.31913e+006 2 0.5
1.3251e+006 1 4
1.32535e+006 1 4
1.3256e+006 1 4
1.32584e+006 2 4
1.32585e+006 1 4
1.32585e+006 4 13
1.32609e+006 2 4
1.3261e+006 1 4
1.3261e+006 4 12
1.32635e+006 1 4
1.32635e+006 2 4
1.32635e+006 4 -2
1.32659e+006 2 4
1.3266e+006 1 4
1.3266e+006 4 7
1.32684e+006 2 4
1.32685e+006 1 4
1.32685e+006 4 16
1.32708e+006 2 4
1.3271e+006 1 4
1.3271e+006 4 27
1.32731e+006 2 4
1.32736e+006 1 4
1.32736e+006 4 45
1.32755e+006 2 4
1.32761e+006 1 4
1.32761e+006 4 56
1.32782e+006 2 4
1.32786e+006 1 4
1.32786e+006 4 39
1.32807e+006 2 4
1.32811e+006 1 4
1.32811e+006 4 41
1.32833e+006 2 4
1.32836e+006 1 4
1.32836e+006 4 35
1.32857e+006 2 4
1.32861e+006 1 4
1.32861e+006 4 42
1.32883e+006 2 4
1.32886e+006 1 4
1.32886e+006 4 33
1.32908e+006 2 4
1.32911e+006 1 4
1.32911e+006 4 34
1.32934e+006 2 4
1.32937e+006 1 4
1.32937e+006 4 30
1.32957e+006 2 4
1.32962e+006 1 4
1.32962e+006 4 44
1.32982e+006 2 4
1.32987e+006 1 4
1.32987e+006 4 44
1.3301e+006 2 4
1.33012e+006 1 4
1.33012e+006 4 20
1.33032e+006 2 4
1.33037e+006 1 4
1.33037e+006 4 50
1.33058e+006 2 4
1.33062e+006 1 4
1.33062e+006 4 37
1.33085e+006 2 4
1.33087e+006 1 4
1.33087e+006 4 19
1.3311e+006 2 4
1.33112e+006 1 4
1.33112e+006 4 27
1.33134e+006 2 4
1.33138e+006 1 4
1.33138e+006 4 37
1.3316e+006 2 4
1.33163e+006 1 4
1.33163e+006 4 31
1.33186e+006 2 4
1.33188e+006 1 4
1.33188e+006 4 23
1.33209e+006 2 4
1.33213e+006 1 4
1.33213e+006 4 37
1.33235e+006 2 4
1.33238e+006 1 4
1.33238e+006 4 28
1.33259e+006 2 4
1.33263e+006 1 4
1.33263e+006 4 41
1.33283e+006 2 4
1.33288e+006 1 4
1.33288e+006 4 57
1.33308e+006 2 4
1.33313e+006 1 4
1.33313e+006 4 56
1.33336e+006 2 4
1.33361e+006 2 4
1.33388e+006 2 4
1.33414e+006 2 4
1.33443e+006 2 4
1.33467e+006 2 4
1.33499e+006 2 4
1.33528e+006 2 4
1.33558e+006 2 4
1.33587e+006 2 4
1.33613e+006 2 4
1.33646e+006 2 4
1.33669e+006 2 4
1.33695e+006 2 4
1.33724e+006 2 4
1.33814e+006 2 4
1.34426e+006 1 1
1.34526e+006 1 1
1.34541e+006 2 1
1.34526e+006 4 -147
1.34625e+006 2 1
1.34626e+006 1 1
1.34626e+006 4 12
1.34714e+006 2 1
1.34726e+006 1 1
1.34726e+006 4 124
1.34816e+006 2 1
1.34826e+006 1 1
1.34826e+006 4 105
1.34919e+006 2 1
1.34926e+006 1 1
1.34926e+006 4 73
1.35017e+006 2 1
1.35027e+006 1 1
1.35027e+006 4 98
1.3511e+006 2 1
1.35127e+006 1 1
1.35127e+006 4 171
1.35223e+006 2 1
1.35227e+006 1 1
1.35227e+006 4 36
1.35321e+006 2 1
1.35327e+006 1 1
1.35327e+006 4 65
1.35423e+006 2 1
1.35427e+006 1 1
1.35427e+006 4 41
1.35518e+006 2 1
1.35527e+006 1 1
1.35527e+006 4 93
1.35615e+006 2 1
1.35628e+006 1 1
1.35628e+006 4 121
1.35718e+006 2 1
1.35728e+006 1 1
1.35728e+006 4 94
1.35819e+006 2 1
1.35828e+006 1 1
1.35828e+006 4 88
1.35918e+006 2 1
1.35928e+006 1 1
1.35928e+006 4 94
1.36022e+006 2 1
1.36028e+006 1 1
1.36028e+006 4 63
1.36126e+006 2 1
1.36128e+006 1 1
1.36128e+006 4 25
1.36228e+006 2 1
1.36228e+006 1 1
1.36228e+006 4 6
1.36323e+006 2 1
1.36328e+006 1 1
1.36328e+006 4 55
1.36425e+006 2 1
1.36428e+006 1 1
1.36428e+006 4 31
1.36524e+006 2 1
1.36528e+006 1 1
1.36528e+006 4 48
1.36622e+006 2 1
1.36629e+006 1 1
1.36629e+006 4 69
1.36723e+006 2 1
1.36729e+006 1 1
1.36729e+006 4 61
1.3682e+006 2 1
1.36829e+006 1 1
1.36829e+006 4 89
1.36923e+006 2 1
1.36929e+006 1 1
1.36929e+006 4 57
1.37022e+006 2 1
1.37029e+006 1 1
1.37029e+006 4 68
1.37123e+006 2 1
1.37129e+006 1 1
1.37129e+006 4 68
1.37222e+006 2 1
1.37229e+006 1 1
1.37229e+006 4 77
1.37327e+006 2 1
1.37428e+006 2 1
1.37531e+006 2 1
1.37737e+006 2 1
1.37856e+006 2 1
1.37968e+006 2 1
1.38107e+006 2 1
1.38211e+006 2 1
1.38312e+006 2 1
1.38442e+006 2 1
1.38545e+006 2 1
1.3865e+006 2 1
1.38751e+006 2 1
1.38852e+006 2 1
1.38959e+006 2 1
1.39063e+006 2 1
1.39157e+006 2 1
1.39752e+006 1 5
1.39772e+006 1 5
1.39791e+006 2 5
1.39792e+006 1 5
1.39792e+006 4 6
1.39812e+006 1 5
1.39813e+006 2 5
1.39812e+006 4 -5
1.39832e+006 1 5
1.39835e+006 2 5
1.39832e+006 4 -29
1.39852e+006 1 5
1.39856e+006 2 5
1.39852e+006 4 -34
1.39872e+006 1 5
1.39876e+006 2 5
1.39872e+006 4 -33
1.39893e+006 1 5
1.39896e+006 2 5
1.39893e+006 4 -31
1.39913e+006 1 5
1.39916e+006 2 5
1.39913e+006 4 -29
1.39933e+006 1 5
1.39935e+006 2 5
1.39933e+006 4 -19
1.39953e+006 1 5
1.39955e+006 2 5
1.39953e+006 4 -15
1.39973e+006 1 5
1.39975e+006 2 5
1.39973e+006 4 -12
1.39993e+006 1 5
1.39995e+006 2 5
1.39993e+006 4 -11
1.40014e+006 1 5
1.40014e+006 2 5
1.40014e+006 4 -5
1.40033e+006 2 5
1.40034e+006 1 5
1.40034e+006 4 6
1.40054e+006 1 5
1.40054e+006 2 5
1.40054e+006 4 -1
1.40074e+006 1 5
1.40075e+006 2 5
1.40074e+006 4 -9
1.40094e+006 1 5
1.40094e+006 2 5
1.40094e+006 4 -0
1.40114e+006 1 5
1.40114e+006 2 5
1.40114e+006 4 -0
1.40133e+006 2 5
1.40135e+006 1 5
1.40135e+006 4 12
1.40153e+006 2 5
1.40155e+006 1 5
1.40155e+006 4 15
1.40173e+006 2 5
1.40175e+006 1 5
1.40175e+006 4 22
1.40193e+006 2 5
1.40195e+006 1 5
1.40195e+006 4 20
1.40213e+006 2 5
1.40215e+006 1 5
1.40215e+006 4 24
1.40233e+006 2 5
1.40235e+006 1 5
1.40235e+006 4 23
1.40252e+006 2 5
1.40255e+006 1 5
1.40255e+006 4 32
1.40273e+006 2 5
1.40276e+006 1 5
1.40276e+006 4 29
1.40303e+006 1 5
1.40325e+006 2 5
1.40344e+006 2 5
1.40366e+006 2 5
1.40388e+006 2 5
1.40409e+006 2 5
1.4043e+006 2 5
1.40452e+006 2 5
1.40473e+006 2 5
1.40494e+006 2 5
1.40517e+006 2 5
1.40537e+006 2 5
1.4056e+006 2 5
1.40582e+006 2 5
1.40604e+006 2 5
1.40625e+006 2 5
1.40648e+006 2 5
1.40693e+006 2 5
1.40741e+006 2 5
1.40822e+006 2 5
1.4084e+006 2 5
1.41406e+006 1 2
1.41456e+006 1 2
1.4147e+006 2 2
1.41456e+006 4 -146
1.41506e+006 1 2
1.41506e+006 2 2
1.41506e+006 4 -1
1.41551e+006 2 2
1.41556e+006 1 2
1.41556e+006 4 46
1.41599e+006 2 2
1.41606e+006 1 2
1.41606e+006 4 75
1.41643e+006 2 2
1.41656e+006 1 2
1.41656e+006 4 130
1.41694e+006 2 2
1.41706e+006 1 2
1.41706e+006 4 118
1.41743e+006 2 2
1.41756e+006 1 2
1.41756e+006 4 130
1.41791e+006 2 2
1.41807e+006 1 2
1.41807e+006 4 152
1.41847e+006 2 2
1.41857e+006 1 2
1.41857e+006 4 100
1.41895e+006 2 2
1.41907e+006 1 2
1.41907e+006 4 121
1.41943e+006 2 2
1.41957e+006 1 2
1.41957e+006 4 134
1.41997e+006 2 2
1.42007e+006 1 2
1.42007e+006 4 104
1.42045e+006 2 2
1.42057e+006 1 2
1.42057e+006 4 118
1.42096e+006 2 2
1.42107e+006 1 2
1.42107e+006 4 112
1.42147e+006 2 2
1.42157e+006 1 2
1.42157e+006 4 103
1.422e+006 2 2
1.42208e+006 1 2
1.42208e+006 4 76
1.42249e+006 2 2
1.42258e+006 1 2
1.42258e+006 4 88
1.42298e+006 2 2
1.42308e+006 1 2
1.42308e+006 4 101
1.42351e+006 2 2
1.42358e+006 1 2
1.42358e+006 4 70
1.42398e+006 2 2
1.42408e+006 1 2
1.42408e+006 4 95
1.42446e+006 2 2
1.42458e+006 1 2
1.42458e+006 4 118
1.42501e+006 2 2
1.42508e+006 1 2
1.42508e+006 4 75
1.42553e+006 2 2
1.42558e+006 1 2
1.42558e+006 4 50
1.42603e+006 2 2
1.42609e+006 1 2
1.42609e+006 4 57
1.42651e+006 2 2
1.42659e+006 1 2
1.42659e+006 4 77
1.42697e+006 2 2
1.42709e+006 1 2
1.42709e+006 4 119
1.42747e+006 2 2
1.42759e+006 1 2
1.42759e+006 4 118
1.42802e+006 2 2
1.42809e+006 1 2
1.42809e+006 4 75
1.42848e+006 2 2
1.42859e+006 1 2
1.42859e+006 4 115
1.42897e+006 2 2
1.42909e+006 1 2
1.42909e+006 4 124
1.42947e+006 2 2
1.42959e+006 1 2
1.42959e+006 4 121
1.42998e+006 2 2
1.43009e+006 1 2
1.43009e+006 4 115
1.43048e+006 2 2
1.4306e+006 1 2
1.4306e+006 4 119
1.43098e+006 2 2
1.43148e+006 2 2
1.43196e+006 2 2
1.43245e+006 2 2
1.43291e+006 2 2
1.43335e+006 2 2
1.43386e+006 2 2
1.43434e+006 2 2
1.43485e+006 2 2
1.43537e+006 2 2
1.43584e+006 2 2
1.43629e+006 2 2
1.43683e+006 2 2
1.43727e+006 2 2
1.43783e+006 2 2
1.43863e+006 2 2
1.43915e+006 2 2
1.43962e+006 2 2
1.44014e+006 2 2
1.44628e+006 1 1.5
1.44695e+006 1 1.5
1.44762e+006 1 1.5
1.44826e+006 2 1.5
1.44829e+006 1 1.5
1.44829e+006 4 25
1.44894e+006 2 1.5
1.44895e+006 1 1.5
1.44895e+006 4 17
1.44959e+006 2 1.5
1.44962e+006 1 1.5
1.44962e+006 4 32
1.45023e+006 2 1.5
1.45029e+006 1 1.5
1.45029e+006 4 57
1.45086e+006 2 1.5
1.45095e+006 1 1.5
1.45095e+006 4 93
1.4515e+006 2 1.5
1.45162e+006 1 1.5
1.45162e+006 4 125
1.45215e+006 2 1.5
1.45229e+006 1 1.5
1.45229e+006 4 134
1.45281e+006 2 1.5
1.45296e+006 1 1.5
1.45296e+006 4 143
1.45362e+006 1 1.5
1.45429e+006 1 1.5
1.45496e+006 1 1.5
1.45552e+006 2 1.5
1.45563e+006 1 1.5
1.45563e+006 4 106
1.4562e+006 2 1.5
1.45629e+006 1 1.5
1.45629e+006 4 95
1.45696e+006 1 1.5
1.45755e+006 2 1.5
1.45763e+006 1 1.5
1.45763e+006 4 80
1.45822e+006 2 1.5
1.45829e+006 1 1.5
1.45829e+006 4 74
1.45888e+006 2 1.5
1.45896e+006 1 1.5
1.45896e+006 4 77
1.45956e+006 2 1.5
1.45963e+006 1 1.5
1.45963e+006 4 72
1.46023e+006 2 1.5
1.4603e+006 1 1.5
1.4603e+006 4 63
1.46096e+006 1 1.5
1.46163e+006 1 1.5
1.4623e+006 1 1.5
1.46351e+006 2 1.5
1.46482e+006 2 1.5
1.46543e+006 2 1.5
1.46609e+006 2 1.5
1.4667e+006 2 1.5
1.46737e+006 2 1.5
1.46879e+006 2 1.5
1.46942e+006 2 1.5
1.47007e+006 2 1.5
1.47141e+006 2 1.5
1.47212e+006 2 1.5
1.47298e+006 2 1.5
1.47362e+006 2 1.5
1.47419e+006 2 1.5
1.47484e+006 2 1.5
1.47549e+006 2 1.5
1508516 3 1378
1.50852e+006 5 0
1.50872e+006 1 5
1.50892e+006 1 5
1.50906e+006 2 5
1.50912e+006 1 5
1.50912e+006 4 59
1.50924e+006 2 5
1.50932e+006 1 5
1.50932e+006 4 83
1.50947e+006 2 5
1.50952e+006 1 5
1.50952e+006 4 56
1.50971e+006 2 5
1.50973e+006 1 5
1.50973e+006 4 12
1.50993e+006 1 5
1.50994e+006 2 5
1.50993e+006 4 -14
1.51013e+006 1 5
1.51014e+006 2 5
1.51013e+006 4 -15
1.51033e+006 1 5
1.51034e+006 2 5
1.51033e+006 4 -13
1.51053e+006 1 5
1.51054e+006 2 5
1.51053e+006 4 -12
1.51073e+006 1 5
1.51073e+006 2 5
1.51073e+006 4 -1
1.51092e+006 2 5
1.51093e+006 1 5
1.51093e+006 4 16
1.51111e+006 2 5
1.51113e+006 1 5
1.51113e+006 4 20
1.51132e+006 2 5
1.51134e+006 1 5
1.51134e+006 4 19
1.51153e+006 2 5
1.51154e+006 1 5
1.51154e+006 4 7
1.51173e+006 2 5
1.51174e+006 1 5
1.51174e+006 4 12
1.51192e+006 2 5
1.51194e+006 1 5
1.51194e+006 4 17
1.51213e+006 2 5
1.51214e+006 1 5
1.51214e+006 4 8
1.51232e+006 2 5
1.51234e+006 1 5
1.51234e+006 4 23
1.5125e+006 2 5
1.51254e+006 1 5
1.51254e+006 4 39
1.5127e+006 2 5
1.51274e+006 1 5
1.51274e+006 4 41
1.51293e+006 2 5
1.51294e+006 1 5
1.51294e+006 4 19
1.5131e+006 2 5
1.51315e+006 1 5
1.51315e+006 4 43
1.51331e+006 2 5
1.51335e+006 1 5
1.51335e+006 4 35
1.51353e+006 2 5
1.51355e+006 1 5
1.51355e+006 4 22
1.51372e+006 2 5
1.51375e+006 1 5
1.51375e+006 4 30
1.51393e+006 2 5
1.51395e+006 1 5
1.51395e+006 4 21
1.51414e+006 2 5
1.51415e+006 1 5
1.51415e+006 4 14
1.51434e+006 2 5
1.51435e+006 1 5
1.51435e+006 4 10
1.51454e+006 2 5
1.51456e+006 1 5
1.51456e+006 4 12
1.51473e+006 2 5
1.51494e+006 2 5
1.51514e+006 2 5
1.51534e+006 2 5
1.51554e+006 2 5
1.51574e+006 2 5
1.51594e+006 2 5
1.51613e+006 2 5
1.51632e+006 2 5
1.51652e+006 2 5
1.51673e+006 2 5
1.51691e+006 2 5
1.51712e+006 2 5
1.51732e+006 2 5
1.51752e+006 2 5
1.51772e+006 2 5
1.5179e+006 2 5
1.5181e+006 2 5
1.51829e+006 2 5
1.51849e+006 2 5
1.52426e+006 1 1.5
1.52493e+006 1 1.5
1.52511e+006 2 1.5
1.52493e+006 4 -182
1.52552e+006 2 1.5
1.5256e+006 1 1.5
1.5256e+006 4 81
1.52617e+006 2 1.5
1.52626e+006 1 1.5
1.52626e+006 4 91
1.52682e+006 2 1.5
1.52693e+006 1 1.5
1.52693e+006 4 111
1.52752e+006 2 1.5
1.5276e+006 1 1.5
1.5276e+006 4 82
1.52813e+006 2 1.5
1.52827e+006 1 1.5
1.52827e+006 4 135
1.5288e+006 2 1.5
1.52893e+006 1 1.5
1.52893e+006 4 134
1.52949e+006 2 1.5
1.5296e+006 1 1.5
1.5296e+006 4 110
1.53014e+006 2 1.5
1.53027e+006 1 1.5
1.53027e+006 4 127
1.53083e+006 2 1.5
1.53094e+006 1 1.5
1.53094e+006 4 109
1.53148e+006 2 1.5
1.5316e+006 1 1.5
1.5316e+006 4 120
1.53215e+006 2 1.5
1.53227e+006 1 1.5
1.53227e+006 4 121
1.53284e+006 2 1.5
1.53294e+006 1 1.5
1.53294e+006 4 99
1.53348e+006 2 1.5
1.5336e+006 1 1.5
1.5336e+006 4 123
1.53413e+006 2 1.5
1.53427e+006 1 1.5
1.53427e+006 4 138
1.53483e+006 2 1.5
1.53494e+006 1 1.5
1.53494e+006 4 110
1.53546e+006 2 1.5
1.5356e+006 1 1.5
1.5356e+006 4 145
1.53616e+006 2 1.5
1.53627e+006 1 1.5
1.53627e+006 4 108
1.53681e+006 2 1.5
1.53694e+006 1 1.5
1.53694e+006 4 127
1.53749e+006 2 1.5
1.53761e+006 1 1.5
1.53761e+006 4 117
1.53813e+006 2 1.5
1.53827e+006 1 1.5
1.53827e+006 4 142
1.5388e+006 2 1.5
1.53894e+006 1 1.5
1.53894e+006 4 144
1.53947e+006 2 1.5
1.53961e+006 1 1.5
1.53961e+006 4 138
1.54011e+006 2 1.5
1.54027e+006 1 1.5
1.54027e+006 4 162
1.54084e+006 2 1.5
1.54094e+006 1 1.5
1.54094e+006 4 104
1.54146e+006 2 1.5
1.54161e+006 1 1.5
1.54161e+006 4 148
1.54214e+006 2 1.5
1.54228e+006 1 1.5
1.54228e+006 4 134
1.54276e+006 2 1.5
1.54295e+006 1 1.5
1.54295e+006 4 188
1.54343e+006 2 1.5
1.54361e+006 1 1.5
1.54361e+006 4 183
1.54413e+006 2 1.5
1.54428e+006 1 1.5
1.54428e+006 4 154
1.54481e+006 2 1.5
1.54495e+006 1 1.5
1.54495e+006 4 140
1.54545e+006 2 1.5
1.54562e+006 1 1.5
1.54562e+006 4 171
1.54631e+006 2 1.5
1.54695e+006 2 1.5
1.5476e+006 2 1.5
1.54825e+006 2 1.5
1.54889e+006 2 1.5
1.54951e+006 2 1.5
1.55023e+006 2 1.5
1.55086e+006 2 1.5
1.55146e+006 2 1.5
1.55208e+006 2 1.5
1.55268e+006 2 1.5
1.55333e+006 2 1.5
1.55395e+006 2 1.5
1.55451e+006 2 1.5
1.55521e+006 2 1.5
1.55579e+006 2 1.5
1.5564e+006 2 1.5
1.55699e+006 2 1.5
1.5576e+006 2 1.5
1.55829e+006 2 1.5
1.55886e+006 2 1.5
1.5644e+006 1 3
1.56473e+006 1 3
1.56478e+006 2 3
1.56473e+006 4 -47
1.56506e+006 1 3
1.56507e+006 2 3
1.56506e+006 4 -1
1.56538e+006 2 3
1.5654e+006 1 3
1.5654e+006 4 21
1.56569e+006 2 3
1.56573e+006 1 3
1.56573e+006 4 44
1.566e+006 2 3
1.56607e+006 1 3
1.56607e+006 4 65
1.56633e+006 2 3
1.5664e+006 1 3
1.5664e+006 4 70
1.5667e+006 2 3
1.56674e+006 1 3
1.56674e+006 4 36
1.56707e+006 1 3
1.56732e+006 2 3
1.5674e+006 1 3
1.5674e+006 4 85
1.56768e+006 2 3
1.56774e+006 1 3
1.56774e+006 4 59
1.56803e+006 2 3
1.56807e+006 1 3
1.56807e+006 4 47
1.56838e+006 2 3
1.56841e+006 1 3
1.56841e+006 4 30
1.56872e+006 2 3
1.56874e+006 1 3
1.56874e+006 4 22
1.56904e+006 2 3
1.56908e+006 1 3
1.56908e+006 4 34
1.56938e+006 2 3
1.56941e+006 1 3
1.56941e+006 4 25
1.56971e+006 2 3
1.56974e+006 1 3
1.56974e+006 4 35
1.57002e+006 2 3
1.57008e+006 1 3
1.57008e+006 4 55
1.57038e+006 2 3
1.57041e+006 1 3
1.57041e+006 4 36
1.57068e+006 2 3
1.57075e+006 1 3
1.57075e+006 4 65
1.57105e+006 2 3
1.57108e+006 1 3
1.57108e+006 4 34
1.57139e+006 2 3
1.57142e+006 1 3
1.57142e+006 4 24
1.57171e+006 2 3
1.57175e+006 1 3
1.57175e+006 4 40
1.57206e+006 2 3
1.57208e+006 1 3
1.57208e+006 4 27
1.57238e+006 2 3
1.57242e+006 1 3
1.57242e+006 4 40
1.57273e+006 2 3
1.57275e+006 1 3
1.57275e+006 4 29
1.57306e+006 2 3
1.57309e+006 1 3
1.57309e+006 4 28
1.57341e+006 2 3
1.57342e+006 1 3
1.57342e+006 4 8
1.57374e+006 2 3
1.57376e+006 1 3
1.57376e+006 4 14
1.57408e+006 2 3
1.57409e+006 1 3
1.57409e+006 4 9
1.57441e+006 2 3
1.57443e+006 1 3
1.57443e+006 4 17
1.57474e+006 2 3
1.57476e+006 1 3
1.57476e+006 4 17
1.57508e+006 2 3
1.57509e+006 1 3
1.57509e+006 4 11
1.57541e+006 2 3
1.57543e+006 1 3
1.57543e+006 4 19
1.57574e+006 2 3
1.57605e+006 2 3
1.57638e+006 2 3
1.57673e+006 2 3
1.57706e+006 2 3
1.57739e+006 2 3
1.57772e+006 2 3
1.57805e+006 2 3
1.57837e+006 2 3
1.57869e+006 2 3
1.57901e+006 2 3
1.57934e+006 2 3
1.57966e+006 2 3
1.58001e+006 2 3
1.58034e+006 2 3
1.5807e+006 2 3
1.58101e+006 2 3
1.58135e+006 2 3
1.58166e+006 2 3
1.582e+006 2 3
1.58911e+006 1 0.5
1.58942e+006 2 0.5
1.58911e+006 4 -305
1.59111e+006 1 0.5
1.5913e+006 2 0.5
1.59111e+006 4 -188
1.59309e+006 2 0.5
1.59311e+006 1 0.5
1.59311e+006 4 20
1.59511e+006 1 0.5
1.59511e+006 2 0.5
1.59511e+006 4 -0
1.59694e+006 2 0.5
1.59712e+006 1 0.5
1.59712e+006 4 177
1.5989e+006 2 0.5
1.59912e+006 1 0.5
1.59912e+006 4 217
1.60089e+006 2 0.5
1.60112e+006 1 0.5
1.60112e+006 4 223
1.60312e+006 1 0.5
1.60318e+006 2 0.5
1.60312e+006 4 -56
1.60505e+006 2 0.5
1.60512e+006 1 0.5
1.60512e+006 4 72
1.60704e+006 2 0.5
1.60712e+006 1 0.5
1.60712e+006 4 77
1.60912e+006 1 0.5
1.60929e+006 2 0.5
1.60912e+006 4 -168
1.61107e+006 2 0.5
1.61112e+006 1 0.5
1.61112e+006 4 51
1.61281e+006 2 0.5
1.61312e+006 1 0.5
1.61312e+006 4 313
1.61488e+006 2 0.5
1.61513e+006 1 0.5
1.61513e+006 4 249
1.61692e+006 2 0.5
1.61713e+006 1 0.5
1.61713e+006 4 206
1.61902e+006 2 0.5
1.61913e+006 1 0.5
1.61913e+006 4 113
1.62107e+006 2 0.5
1.62113e+006 1 0.5
1.62113e+006 4 56
1.62285e+006 2 0.5
1.62313e+006 1 0.5
1.62313e+006 4 283
1.62499e+006 2 0.5
1.62513e+006 1 0.5
1.62513e+006 4 143
1.62695e+006 2 0.5
1.62713e+006 1 0.5
1.62713e+006 4 183
1.62898e+006 2 0.5
1.62913e+006 1 0.5
1.62913e+006 4 150
1.63091e+006 2 0.5
1.63114e+006 1 0.5
1.63114e+006 4 226
1.63296e+006 2 0.5
1.63314e+006 1 0.5
1.63314e+006 4 179
1.6351e+006 2 0.5
1.63514e+006 1 0.5
1.63514e+006 4 42
1.63704e+006 2 0.5
1.63714e+006 1 0.5
1.63714e+006 4 103
1.63892e+006 2 0.5
1.63914e+006 1 0.5
1.63914e+006 4 218
1.64114e+006 2 0.5
1.643e+006 2 0.5
1.64475e+006 2 0.5
1.64657e+006 2 0.5
1.64826e+006 2 0.5
1.64988e+006 2 0.5
1.65163e+006 2 0.5
1.65319e+006 2 0.5
1.65507e+006 2 0.5
1.65684e+006 2 0.5
1.65863e+006 2 0.5
1.66025e+006 2 0.5
1.66177e+006 2 0.5
1.66332e+006 2 0.5
1.66497e+006 2 0.5
1.66663e+006 2 0.5
1.66825e+006 2 0.5
1.66999e+006 2 0.5
1.67161e+006 2 0.5
1.67359e+006 2 0.5
1.6753e+006 2 0.5
1.67731e+006 2 0.5
1.67901e+006 2 0.5
1.68477e+006 1 2
1.68527e+006 1 2
1.6857e+006 2 2
1.68577e+006 1 2
1.68577e+006 4 66
1.68615e+006 2 2
1.68627e+006 1 2
1.68627e+006 4 116
1.68666e+006 2 2
1.68677e+006 1 2
1.68677e+006 4 107
1.68719e+006 2 2
1.68727e+006 1 2
1.68727e+006 4 78
1.68773e+006 2 2
1.68777e+006 1 2
1.68777e+006 4 44
1.68824e+006 2 2
1.68827e+006 1 2
1.68827e+006 4 34
1.68872e+006 2 2
1.68878e+006 1 2
1.68878e+006 4 51
1.68923e+006 2 2
1.68928e+006 1 2
1.68928e+006 4 45
1.68972e+006 2 2
1.68978e+006 1 2
1.68978e+006 4 56
1.69021e+006 2 2
1.69028e+006 1 2
1.69028e+006 4 67
1.69072e+006 2 2
1.69078e+006 1 2
1.69078e+006 4 62
1.69122e+006 2 2
1.69128e+006 1 2
1.69128e+006 4 57
1.6917e+006 2 2
1.69178e+006 1 2
1.69178e+006 4 88
1.69215e+006 2 2
1.69228e+006 1 2
1.69228e+006 4 132
1.6927e+006 2 2
1.69279e+006 1 2
1.69279e+006 4 90
1.69319e+006 2 2
1.69329e+006 1 2
1.69329e+006 4 96
1.6937e+006 2 2
1.69379e+006 1 2
1.69379e+006 4 93
1.69419e+006 2 2
1.69429e+006 1 2
1.69429e+006 4 97
1.69468e+006 2 2
1.69479e+006 1 2
1.69479e+006 4 114
1.69515e+006 2 2
1.69529e+006 1 2
1.69529e+006 4 139
1.69566e+006 2 2
1.69579e+006 1 2
1.69579e+006 4 133
1.69619e+006 2 2
1.69629e+006 1 2
1.69629e+006 4 107
1.69667e+006 2 2
1.6968e+006 1 2
1.6968e+006 4 130
1.69715e+006 2 2
1.6973e+006 1 2
1.6973e+006 4 143
1.69768e+006 2 2
1.6978e+006 1 2
1.6978e+006 4 117
1.69818e+006 2 2
1.6983e+006 1 2
1.6983e+006 4 121
1.69869e+006 2 2
1.6988e+006 1 2
1.6988e+006 4 114
1.69919e+006 2 2
1.6993e+006 1 2
1.6993e+006 4 115
1.69967e+006 2 2
1.69981e+006 1 2
1.69981e+006 4 131
1.70017e+006 2 2
1.70031e+006 1 2
1.70031e+006 4 134
1.70066e+006 2 2
1.70118e+006 2 2
1.70167e+006 2 2
1.70214e+006 2 2
1.70264e+006 2 2
1.70312e+006 2 2
1.7036e+006 2 2
1.70411e+006 2 2
1.70461e+006 2 2
1.70509e+006 2 2
1.70555e+006 2 2
1.70604e+006 2 2
1.70646e+006 2 2
1.70699e+006 2 2
1.70747e+006 2 2
1.70794e+006 2 2
1.70844e+006 2 2
1.70893e+006 2 2
1.70939e+006 2 2
1.70985e+006 2 2
1.71633e+006 1 1
1.71673e+006 2 1
1.71633e+006 4 -394
1.71733e+006 1 1
1.71749e+006 2 1
1.71733e+006 4 -154
1.71833e+006 2 1
1.71833e+006 1 1
1.71833e+006 4 6
1.71928e+006 2 1
1.71933e+006 1 1
1.71933e+006 4 51
1.72014e+006 2 1
1.72034e+006 1 1
1.72034e+006 4 201
1.72126e+006 2 1
1.72134e+006 1 1
1.72134e+006 4 79
1.72227e+006 2 1
1.72234e+006 1 1
1.72234e+006 4 64
1.72327e+006 2 1
1.72334e+006 1 1
1.72334e+006 4 70
1.72434e+006 1 1
1.72437e+006 2 1
1.72434e+006 4 -33
1.72533e+006 2 1
1.72534e+006 1 1
1.72534e+006 4 11
1.72633e+006 2 1
1.72634e+006 1 1
1.72634e+006 4 16
1.7273e+006 2 1
1.72734e+006 1 1
1.72734e+006 4 47
1.72831e+006 2 1
1.72835e+006 1 1
1.72835e+006 4 33
1.72935e+006 1 1
1.72936e+006 2 1
1.72935e+006 4 -16
1.73033e+006 2 1
1.73035e+006 1 1
1.73035e+006 4 21
1.73135e+006 1 1
1.73228e+006 2 1
1.73235e+006 1 1
1.73235e+006 4 71
1.73328e+006 2 1
1.73335e+006 1 1
1.73335e+006 4 72
1.73424e+006 2 1
1.73435e+006 1 1
1.73435e+006 4 110
1.73523e+006 2 1
1.73536e+006 1 1
1.73536e+006 4 122
1.73636e+006 1 1
1.73636e+006 2 1
1.73636e+006 4 -6
1.73733e+006 2 1
1.73736e+006 1 1
1.73736e+006 4 25
1.73836e+006 1 1
1.73837e+006 2 1
1.73836e+006 4 -6
1.73931e+006 2 1
1.73936e+006 1 1
1.73936e+006 4 50
1.74036e+006 1 1
1.74136e+006 1 1
1.74138e+006 2 1
1.74136e+006 4 -16
1.74236e+006 1 1
1.74239e+006 2 1
1.74236e+006 4 -30
1.74336e+006 1 1
1.74346e+006 2 1
1.74336e+006 4 -99
1.74437e+006 1 1
1.74441e+006 2 1
1.74437e+006 4 -40
1.74537e+006 1 1
1.74542e+006 2 1
1.74537e+006 4 -49
1.74637e+006 1 1
1.7464e+006 2 1
1.74637e+006 4 -35
1.74737e+006 1 1
1.74738e+006 2 1
1.74737e+006 4 -8
1.74837e+006 1 1
1.74941e+006 2 1
1.75036e+006 2 1
1.75225e+006 2 1
1.75342e+006 2 1
1.75446e+006 2 1
1.75556e+006 2 1
1.75668e+006 2 1
1.75796e+006 2 1
1.75903e+006 2 1
1.76005e+006 2 1
1.76103e+006 2 1
1.76202e+006 2 1
1.76315e+006 2 1
1.7641e+006 2 1
1.76516e+006 2 1
1.76616e+006 2 1
1.7672e+006 2 1
1.76823e+006 2 1
1.77376e+006 1 4
1.77401e+006 1 4
1.77417e+006 2 4
1.77426e+006 1 4
1.77426e+006 4 86
1.77449e+006 2 4
1.77451e+006 1 4
1.77451e+006 4 27
1.77475e+006 2 4
1.77476e+006 1 4
1.77476e+006 4 9
1.77501e+006 2 4
1.77501e+006 1 4
1.77501e+006 4 7
1.77527e+006 1 4
1.77527e+006 2 4
1.77527e+006 4 -4
1.77551e+006 2 4
1.77552e+006 1 4
1.77552e+006 4 6
1.77576e+006 2 4
1.77577e+006 1 4
1.77577e+006 4 7
1.77601e+006 2 4
1.77602e+006 1 4
1.77602e+006 4 13
1.77626e+006 2 4
1.77627e+006 1 4
1.77627e+006 4 14
1.77651e+006 2 4
1.77652e+006 1 4
1.77652e+006 4 11
1.77676e+006 2 4
1.77677e+006 1 4
1.77677e+006 4 12
1.77701e+006 2 4
1.77703e+006 1 4
1.77703e+006 4 20
1.77726e+006 2 4
1.77728e+006 1 4
1.77728e+006 4 16
1.77751e+006 2 4
1.77753e+006 1 4
1.77753e+006 4 20
1.77777e+006 2 4
1.77778e+006 1 4
1.77778e+006 4 12
1.77801e+006 2 4
1.77803e+006 1 4
1.77803e+006 4 15
1.77826e+006 2 4
1.77828e+006 1 4
1.77828e+006 4 18
1.77851e+006 2 4
1.77853e+006 1 4
1.77853e+006 4 23
1.77877e+006 2 4
1.77878e+006 1 4
1.77878e+006 4 14
1.77899e+006 2 4
1.77903e+006 1 4
1.77903e+006 4 44
1.77926e+006 2 4
1.77928e+006 1 4
1.77928e+006 4 22
1.7795e+006 2 4
1.77954e+006 1 4
1.77954e+006 4 35
1.77977e+006 2 4
1.77979e+006 1 4
1.77979e+006 4 19
1.77999e+006 2 4
1.78004e+006 1 4
1.78004e+006 4 51
1.78027e+006 2 4
1.78052e+006 2 4
1.78076e+006 2 4
1.781e+006 2 4
1.78125e+006 2 4
1.7815e+006 2 4
1.78175e+006 2 4
1.78199e+006 2 4
1.78224e+006 2 4
1.78248e+006 2 4
1.78272e+006 2 4
1.78297e+006 2 4
1.78321e+006 2 4
1.78347e+006 2 4
1.78371e+006 2 4
1.78395e+006 2 4
1.78419e+006 2 4
1.78445e+006 2 4
1.78469e+006 2 4
1.78494e+006 2 4
1793306 3 1723
1.79331e+006 5 150
1.79397e+006 1 1.5
1.7943e+006 2 1.5
1.79397e+006 4 -330
1.79464e+006 1 1.5
1.79474e+006 2 1.5
1.79464e+006 4 -99
1.79528e+006 2 1.5
1.79531e+006 1 1.5
1.79531e+006 4 31
1.79597e+006 2 1.5
1.79598e+006 1 1.5
1.79598e+006 4 10
1.79659e+006 2 1.5
1.79664e+006 1 1.5
1.79664e+006 4 56
1.79728e+006 2 1.5
1.79731e+006 1 1.5
1.79731e+006 4 27
1.79798e+006 1 1.5
1.79801e+006 2 1.5
1.79798e+006 4 -30
1.79863e+006 2 1.5
1.79864e+006 1 1.5
1.79864e+006 4 13
1.79929e+006 2 1.5
1.79931e+006 1 1.5
1.79931e+006 4 23
1.79997e+006 2 1.5
1.79998e+006 1 1.5
1.79998e+006 4 12
1.80064e+006 2 1.5
1.80065e+006 1 1.5
1.80065e+006 4 4
1.80131e+006 2 1.5
1.80131e+006 1 1.5
1.80131e+006 4 4
1.80196e+006 2 1.5
1.80198e+006 1 1.5
1.80198e+006 4 23
1.80262e+006 2 1.5
1.80265e+006 1 1.5
1.80265e+006 4 28
1.80331e+006 1 1.5
1.80333e+006 2 1.5
1.80331e+006 4 -16
1.8039e+006 2 1.5
1.80398e+006 1 1.5
1.80398e+006 4 83
1.80456e+006 2 1.5
1.80465e+006 1 1.5
1.80465e+006 4 90
1.80526e+006 2 1.5
1.80532e+006 1 1.5
1.80532e+006 4 61
1.80592e+006 2 1.5
1.80598e+006 1 1.5
1.80598e+006 4 66
1.80662e+006 2 1.5
1.80665e+006 1 1.5
1.80665e+006 4 33
1.80726e+006 2 1.5
1.80732e+006 1 1.5
1.80732e+006 4 56
1.80794e+006 2 1.5
1.80799e+006 1 1.5
1.80799e+006 4 50
1.8086e+006 2 1.5
1.80865e+006 1 1.5
1.80865e+006 4 57
1.80925e+006 2 1.5
1.80932e+006 1 1.5
1.80932e+006 4 74
1.80992e+006 2 1.5
1.80999e+006 1 1.5
1.80999e+006 4 71
1.81064e+006 2 1.5
1.81066e+006 1 1.5
1.81066e+006 4 14
1.81132e+006 2 1.5
1.81132e+006 1 1.5
1.81132e+006 4 8
1.81197e+006 2 1.5
1.81199e+006 1 1.5
1.81199e+006 4 17
1.81259e+006 2 1.5
1.81324e+006 2 1.5
1.81395e+006 2 1.5
1.81464e+006 2 1.5
1.81542e+006 2 1.5
1.81624e+006 2 1.5
1.81703e+006 2 1.5
1.81786e+006 2 1.5
1.81868e+006 2 1.5
1.81949e+006 2 1.5
1.82032e+006 2 1.5
1.82111e+006 2 1.5
1.82189e+006 2 1.5
1.8227e+006 2 1.5
1.82342e+006 2 1.5
1.82422e+006 2 1.5
1.82503e+006 2 1.5
1.83064e+006 1 5
1.83084e+006 1 5
1.831e+006 2 5
1.83104e+006 1 5
1.83104e+006 4 39
1.83123e+006 2 5
1.83124e+006 1 5
1.83124e+006 4 8
1.83144e+006 1 5
1.83145e+006 2 5
1.83144e+006 4 -10
1.83164e+006 1 5
1.83165e+006 2 5
1.83164e+006 4 -6
1.83184e+006 1 5
1.83186e+006 2 5
1.83184e+006 4 -11
1.83205e+006 1 5
1.83206e+006 2 5
1.83205e+006 4 -12
1.83225e+006 1 5
1.83225e+006 2 5
1.83225e+006 4 -7
1.83244e+006 2 5
1.83245e+006 1 5
1.83245e+006 4 4
1.83264e+006 2 5
1.83265e+006 1 5
1.83265e+006 4 12
1.83283e+006 2 5
1.83285e+006 1 5
1.83285e+006 4 18
1.83304e+006 2 5
1.83305e+006 1 5
1.83305e+006 4 14
1.83325e+006 2 5
1.83325e+006 1 5
1.83325e+006 4 8
1.83345e+006 2 5
1.83345e+006 1 5
1.83345e+006 4 4
1.83364e+006 2 5
1.83366e+006 1 5
1.83366e+006 4 14
1.83384e+006 2 5
1.83386e+006 1 5
1.83386e+006 4 21
1.83404e+006 2 5
1.83406e+006 1 5
1.83406e+006 4 18
1.83425e+006 2 5
1.83426e+006 1 5
1.83426e+006 4 14
1.83446e+006 2 5
1.83446e+006 1 5
1.83446e+006 4 7
1.83466e+006 2 5
1.83466e+006 1 5
1.83466e+006 4 5
1.83486e+006 2 5
1.83486e+006 1 5
1.83486e+006 4 5
1.83505e+006 2 5
1.83507e+006 1 5
1.83507e+006 4 13
1.83525e+006 2 5
1.83527e+006 1 5
1.83527e+006 4 18
1.83544e+006 2 5
1.83547e+006 1 5
1.83547e+006 4 23
1.83564e+006 2 5
1.83567e+006 1 5
1.83567e+006 4 26
1.83584e+006 2 5
1.83587e+006 1 5
1.83587e+006 4 31
1.83604e+006 2 5
1.83607e+006 1 5
1.83607e+006 4 30
1.83625e+006 2 5
1.83627e+006 1 5
1.83627e+006 4 25
1.83647e+006 2 5
1.83647e+006 1 5
1.83647e+006 4 4
1.83667e+006 2 5
1.83668e+006 1 5
1.83668e+006 4 7
1.83687e+006 2 5
1.83688e+006 1 5
1.83688e+006 4 6
1.83707e+006 2 5
1.83726e+006 2 5
1.83746e+006 2 5
1.83767e+006 2 5
1.83787e+006 2 5
1.83807e+006 2 5
1.83826e+006 2 5
1.83845e+006 2 5
1.83865e+006 2 5
1.83885e+006 2 5
1.83904e+006 2 5
1.83924e+006 2 5
1.83944e+006 2 5
1.83964e+006 2 5
1.83983e+006 2 5
1.84003e+006 2 5
1.84022e+006 2 5
1.84042e+006 2 5
1.84061e+006 2 5
1.84081e+006 2 5
1.8479e+006 1 0.5
1.84826e+006 2 0.5
1.8479e+006 4 -360
1.8499e+006 1 0.5
1.85008e+006 2 0.5
1.8499e+006 4 -177
1.85185e+006 2 0.5
1.8519e+006 1 0.5
1.8519e+006 4 51
1.85369e+006 2 0.5
1.8539e+006 1 0.5
1.8539e+006 4 212
1.85569e+006 2 0.5
1.85591e+006 1 0.5
1.85591e+006 4 218
1.85748e+006 2 0.5
1.85791e+006 1 0.5
1.85791e+006 4 423
1.85958e+006 2 0.5
1.85991e+006 1 0.5
1.85991e+006 4 326
1.86166e+006 2 0.5
1.86191e+006 1 0.5
1.86191e+006 4 246
1.86368e+006 2 0.5
1.86391e+006 1 0.5
1.86391e+006 4 227
1.8656e+006 2 0.5
1.86591e+006 1 0.5
1.86591e+006 4 314
1.86757e+006 2 0.5
1.86791e+006 1 0.5
1.86791e+006 4 342
1.86944e+006 2 0.5
1.86992e+006 1 0.5
1.86992e+006 4 473
1.87141e+006 2 0.5
1.87192e+006 1 0.5
1.87192e+006 4 508
1.87388e+006 2 0.5
1.87392e+006 1 0.5
1.87392e+006 4 38
1.87586e+006 2 0.5
1.87592e+006 1 0.5
1.87592e+006 4 60
1.87792e+006 1 0.5
1.87813e+006 2 0.5
1.87792e+006 4 -210
1.8799e+006 2 0.5
1.87992e+006 1 0.5
1.87992e+006 4 25
1.88192e+006 1 0.5
1.882e+006 2 0.5
1.88192e+006 4 -74
1.88374e+006 2 0.5
1.88392e+006 1 0.5
1.88392e+006 4 182
1.88548e+006 2 0.5
1.88593e+006 1 0.5
1.88593e+006 4 444
1.88777e+006 2 0.5
1.88793e+006 1 0.5
1.88793e+006 4 153
1.88986e+006 2 0.5
1.88993e+006 1 0.5
1.88993e+006 4 66
1.89193e+006 1 0.5
1.89362e+006 2 0.5
1.89393e+006 1 0.5
1.89393e+006 4 310
1.89593e+006 1 0.5
1.89789e+006 2 0.5
1.90023e+006 2 0.5
1.90259e+006 2 0.5
1.9047e+006 2 0.5
1.90666e+006 2 0.5
1.90857e+006 2 0.5
1.91049e+006 2 0.5
1.91241e+006 2 0.5
1.91431e+006 2 0.5
1.91613e+006 2 0.5
1.91809e+006 2 0.5
1.92023e+006 2 0.5
1.9222e+006 2 0.5
1.92404e+006 2 0.5
1.92591e+006 2 0.5
1.92776e+006 2 0.5
1.92957e+006 2 0.5
1.93123e+006 2 0.5
1.93306e+006 2 0.5
1.93481e+006 2 0.5
1.94195e+006 1 1
1.94264e+006 2 1
1.94295e+006 1 1
1.94295e+006 4 311
1.9438e+006 2 1
1.94396e+006 1 1
1.94396e+006 4 158
1.94481e+006 2 1
1.94496e+006 1 1
1.94496e+006 4 147
1.94587e+006 2 1
1.94596e+006 1 1
1.94596e+006 4 91
1.94687e+006 2 1
1.94696e+006 1 1
1.94696e+006 4 90
1.94788e+006 2 1
1.94796e+006 1 1
1.94796e+006 4 79
1.94896e+006 1 1
1.94897e+006 2 1
1.94896e+006 4 -12
1.94987e+006 2 1
1.94996e+006 1 1
1.94996e+006 4 87
1.95089e+006 2 1
1.95096e+006 1 1
1.95096e+006 4 73
1.95188e+006 2 1
1.95196e+006 1 1
1.95196e+006 4 87
1.95281e+006 2 1
1.95297e+006 1 1
1.95297e+006 4 159
1.95379e+006 2 1
1.95397e+006 1 1
1.95397e+006 4 182
1.95483e+006 2 1
1.95497e+006 1 1
1.95497e+006 4 140
1.9558e+006 2 1
1.95597e+006 1 1
1.95597e+006 4 168
1.95687e+006 2 1
1.95697e+006 1 1
1.95697e+006 4 106
1.95787e+006 2 1
1.95797e+006 1 1
1.95797e+006 4 106
1.95889e+006 2 1
1.95897e+006 1 1
1.95897e+006 4 81
1.9599e+006 2 1
1.95998e+006 1 1
1.95998e+006 4 72
1.96098e+006 1 1
1.96099e+006 2 1
1.96098e+006 4 -17
1.96195e+006 2 1
1.96198e+006 1 1
1.96198e+006 4 30
1.96292e+006 2 1
1.96298e+006 1 1
1.96298e+006 4 55
1.96396e+006 2 1
1.96398e+006 1 1
1.96398e+006 4 20
1.96498e+006 1 1
1.965e+006 2 1
1.96498e+006 4 -15
1.96598e+006 2 1
1.96598e+006 1 1
1.96598e+006 4 7
1.96694e+006 2 1
1.96698e+006 1 1
1.96698e+006 4 48
1.96798e+006 2 1
1.96904e+006 2 1
1.97004e+006 2 1
1.97113e+006 2 1
1.97223e+006 2 1
1.97357e+006 2 1
1.97467e+006 2 1
1.97575e+006 2 1
1.97676e+006 2 1
1.97782e+006 2 1
1.97898e+006 2 1
1.98118e+006 2 1
1.99234e+006 1 3
1.99267e+006 1 3
1.99288e+006 2 3
1.99301e+006 1 3
1.99301e+006 4 131
1.99327e+006 2 3
1.99334e+006 1 3
1.99334e+006 4 71
1.99363e+006 2 3
1.99368e+006 1 3
1.99368e+006 4 44
1.994e+006 2 3
1.99401e+006 1 3
1.99401e+006 4 13
1.99432e+006 2 3
1.99435e+006 1 3
1.99435e+006 4 27
1.99462e+006 2 3
1.99468e+006 1 3
1.99468e+006 4 61
1.99496e+006 2 3
1.99501e+006 1 3
1.99501e+006 4 51
1.99531e+006 2 3
1.99535e+006 1 3
1.99535e+006 4 41
1.99567e+006 2 3
1.99568e+006 1 3
1.99568e+006 4 13
1.99602e+006 1 3
1.99604e+006 2 3
1.99602e+006 4 -26
1.99635e+006 1 3
1.99639e+006 2 3
1.99635e+006 4 -43
1.99668e+006 2 3
1.99669e+006 1 3
1.99669e+006 4 10
1.99697e+006 2 3
1.99702e+006 1 3
1.99702e+006 4 54
1.99733e+006 2 3
1.99735e+006 1 3
1.99735e+006 4 28
1.99769e+006 1 3
1.99769e+006 2 3
1.99769e+006 4 -1
1.99801e+006 2 3
1.99802e+006 1 3
1.99802e+006 4 17
1.99833e+006 2 3
1.99836e+006 1 3
1.99836e+006 4 28
1.99865e+006 2 3
1.99869e+006 1 3
1.99869e+006 4 45
1.999e+006 2 3
1.99902e+006 1 3
1.99902e+006 4 26
1.99928e+006 2 3
1.99936e+006 1 3
1.99936e+006 4 76
1.99963e+006 2 3
1.99969e+006 1 3
1.99969e+006 4 63
2e+006 2 3
2.00003e+006 1 3
2.00003e+006 4 32
2.00034e+006 2 3
2.00036e+006 1 3
2.00036e+006 4 17
2.00068e+006 2 3
2.0007e+006 1 3
2.0007e+006 4 20
2.00098e+006 2 3
2.00103e+006 1 3
2.00103e+006 4 49
2.00134e+006 2 3
2.00175e+006 2 3
2.00217e+006 2 3
2.00259e+006 2 3
2.00299e+006 2 3
2.00346e+006 2 3
2.0039e+006 2 3
2.00436e+006 2 3
2.00478e+006 2 3
2.0052e+006 2 3
2.00568e+006 2 3
2.00612e+006 2 3
2.00655e+006 2 3
2.00703e+006 2 3
2.00743e+006 2 3
2.01296e+006 1 4
2.01322e+006 1 4
2.01347e+006 1 4
2.01356e+006 2 4
2.01347e+006 4 -90
2.01372e+006 1 4
2.01378e+006 2 4
2.01372e+006 4 -64
2.01397e+006 1 4
2.01401e+006 2 4
2.01397e+006 4 -35
2.01422e+006 1 4
2.01423e+006 2 4
2.01422e+006 4 -11
2.01447e+006 1 4
2.01448e+006 2 4
2.01447e+006 4 -2
2.01472e+006 2 4
2.01473e+006 1 4
2.01473e+006 4 9
2.01498e+006 1 4
2.01498e+006 2 4
2.01498e+006 4 -2
2.01521e+006 2 4
2.01523e+006 1 4
2.01523e+006 4 17
2.01545e+006 2 4
2.01548e+006 1 4
2.01548e+006 4 27
2.01571e+006 2 4
2.01573e+006 1 4
2.01573e+006 4 21
2.01597e+006 2 4
2.01598e+006 1 4
2.01598e+006 4 11
2.01621e+006 2 4
2.01623e+006 1 4
2.01623e+006 4 24
2.01646e+006 2 4
2.01648e+006 1 4
2.01648e+006 4 22
2.01681e+006 1 4
2.01681e+006 2 4
2.01681e+006 4 -0
2.01706e+006 2 4
2.01706e+006 1 4
2.01706e+006 4 1
2.01731e+006 2 4
2.01732e+006 1 4
2.01732e+006 4 2
2.01756e+006 2 4
2.01757e+006 1 4
2.01757e+006 4 7
2.0178e+006 2 4
2.01782e+006 1 4
2.01782e+006 4 15
2.01805e+006 2 4
2.01807e+006 1 4
2.01807e+006 4 18
2.01829e+006 2 4
2.01832e+006 1 4
2.01832e+006 4 28
2.01855e+006 2 4
2.01857e+006 1 4
2.01857e+006 4 20
2.0188e+006 2 4
2.01882e+006 1 4
2.01882e+006 4 23
2.01903e+006 2 4
2.01908e+006 1 4
2.01908e+006 4 48
2.01931e+006 2 4
2.01933e+006 1 4
2.01933e+006 4 19
2.01956e+006 2 4
2.01958e+006 1 4
2.01958e+006 4 23
2.01983e+006 1 4
2.02008e+006 1 4
2.0201e+006 2 4
2.02008e+006 4 -18
2.02033e+006 1 4
2.02058e+006 1 4
2.02088e+006 2 4
2.02114e+006 2 4
2.0214e+006 2 4
2.02168e+006 2 4
2.02198e+006 2 4
2.02227e+006 2 4
2.02259e+006 2 4
2.02291e+006 2 4
2.02317e+006 2 4
2.02353e+006 2 4
2.0238e+006 2 4
2.02403e+006 2 4
2.02458e+006 2 4
2.02551e+006 2 4
2.03111e+006 1 2
2.0314e+006 2 2
2.03161e+006 1 2
2.03161e+006 4 212
2.03179e+006 2 2
2.03161e+006 4 -184
2.03207e+006 2 2
2.03211e+006 1 2
2.03211e+006 4 35
2.03254e+006 2 2
2.03261e+006 1 2
2.03261e+006 4 65
2.03302e+006 2 2
2.03311e+006 1 2
2.03311e+006 4 86
2.03353e+006 2 2
2.03361e+006 1 2
2.03361e+006 4 84
2.03406e+006 2 2
2.03411e+006 1 2
2.03411e+006 4 49
2.0346e+006 2 2
2.03461e+006 1 2
2.03461e+006 4 18
2.03508e+006 2 2
2.03512e+006 1 2
2.03512e+006 4 37
2.03556e+006 2 2
2.03562e+006 1 2
2.03562e+006 4 60
2.03604e+006 2 2
2.03612e+006 1 2
2.03612e+006 4 76
2.03657e+006 2 2
2.03662e+006 1 2
2.03662e+006 4 51
2.03711e+006 2 2
2.03712e+006 1 2
2.03712e+006 4 9
2.0376e+006 2 2
2.03762e+006 1 2
2.03762e+006 4 25
2.03812e+006 2 2
2.03812e+006 1 2
2.03812e+006 4 3
2.03861e+006 2 2
2.03862e+006 1 2
2.03862e+006 4 13
2.03913e+006 1 2
2.03913e+006 2 2
2.03913e+006 4 -6
2.03961e+006 2 2
2.03963e+006 1 2
2.03963e+006 4 18
2.04009e+006 2 2
2.04013e+006 1 2
2.04013e+006 4 42
2.04057e+006 2 2
2.04063e+006 1 2
2.04063e+006 4 59
2.04109e+006 2 2
2.04113e+006 1 2
2.04113e+006 4 46
2.0416e+006 2 2
2.04163e+006 1 2
2.04163e+006 4 37
2.04208e+006 2 2
2.04213e+006 1 2
2.04213e+006 4 52
2.04255e+006 2 2
2.04264e+006 1 2
2.04264e+006 4 90
2.04299e+006 2 2
2.04314e+006 1 2
2.04314e+006 4 146
2.04349e+006 2 2
2.04364e+006 1 2
2.04364e+006 4 153
2.04397e+006 2 2
2.04414e+006 1 2
2.04414e+006 4 171
2.04424e+006 2 2
2.04414e+006 4 -101
2.04457e+006 2 2
2.04464e+006 1 2
2.04464e+006 4 71
2.04502e+006 2 2
2.04514e+006 1 2
2.04514e+006 4 118
2.04556e+006 2 2
2.04564e+006 1 2
2.04564e+006 4 88
2.04601e+006 2 2
2.04615e+006 1 2
2.04615e+006 4 134
2.04658e+006 2 2
2.04665e+006 1 2
2.04665e+006 4 65
2.04709e+006 2 2
2.04801e+006 2 2
2.04826e+006 2 2
2.04882e+006 2 2
2.04974e+006 2 2
2.05065e+006 2 2
2.05154e+006 2 2
2.05269e+006 2 2
2.0556e+006 2 2
2064009 3 2021
2.06401e+006 5 150
