0 5 120
6007 5 120
7008 1 1
8009 1 1
9010 1 1
10012 1 1
11013 1 1
12014 1 1
13015 1 1
14017 1 1
15018 1 1
16019 1 1
17021 1 1
18022 1 1
19023 1 1
20024 1 1
21025 1 1
22027 1 1
23029 1 1
24030 1 1
34008 2 1
49719 1 1.5
50386 1 1.5
51053 1 1.5
51721 1 1.5
52388 1 1.5
53055 1 1.5
53722 1 1.5
54389 1 1.5
55057 1 1.5
55724 1 1.5
56391 1 1.5
57058 1 1.5
57725 1 1.5
58393 1 1.5
59060 1 1.5
59725 2 1.5
59727 4 2
59727 1 1.5
60329 2 1.5
60394 4 65
60394 1 1.5
60972 2 1.5
61061 4 89
61061 1 1.5
61650 2 1.5
61728 4 78
61728 1 1.5
62373 2 1.5
62395 4 22
62395 1 1.5
63030 2 1.5
63062 4 32
63062 1 1.5
63687 2 1.5
63729 4 42
63729 1 1.5
64320 2 1.5
64396 4 76
64396 1 1.5
64988 2 1.5
65063 4 75
65063 1 1.5
65645 2 1.5
65730 4 85
65730 1 1.5
66331 2 1.5
66398 4 67
66398 1 1.5
66987 2 1.5
67065 4 78
67065 1 1.5
67671 2 1.5
67732 4 61
67732 1 1.5
68312 2 1.5
68941 2 1.5
69620 2 1.5
70279 2 1.5
70964 2 1.5
71634 2 1.5
72322 2 1.5
72943 2 1.5
73629 2 1.5
74330 2 1.5
75071 2 1.5
75727 2 1.5
76364 2 1.5
77073 2 1.5
77759 2 1.5
78408 2 1.5
79080 2 1.5
79760 2 1.5
80424 2 1.5
86409 1 3
86729 2 3
86744 4 15
86744 1 3
87047 2 3
87078 4 31
87078 1 3
87376 2 3
87412 4 36
87412 1 3
87684 2 3
87746 4 62
87746 1 3
88038 2 3
88080 4 42
88080 1 3
88403 2 3
88414 4 11
88414 1 3
88742 2 3
88748 4 6
88748 1 3
89049 2 3
89083 4 34
89083 1 3
89376 2 3
89417 4 41
89417 1 3
89705 2 3
89751 4 46
89751 1 3
90034 2 3
90085 4 51
90085 1 3
90370 2 3
90419 4 49
90419 1 3
90708 2 3
90753 4 45
90753 1 3
91065 2 3
91087 4 22
91087 1 3
91398 2 3
91421 4 23
91421 1 3
91755 1 3
91755 4 -4
91759 2 3
92085 2 3
92089 4 4
92089 1 3
92412 2 3
92423 4 11
92423 1 3
92745 2 3
92757 4 12
92757 1 3
93088 2 3
93091 4 3
93091 1 3
93425 1 3
93425 4 -24
93449 2 3
93743 2 3
93759 4 16
93759 1 3
94093 1 3
94093 4 -2
94095 2 3
94398 2 3
94427 4 29
94427 1 3
94749 2 3
94761 4 12
94761 1 3
95066 2 3
95096 4 30
95096 1 3
95430 1 3
95430 4 -22
95452 2 3
95765 1 3
95765 4 -44
95809 2 3
96099 1 3
96099 4 -29
96128 2 3
96433 1 3
96433 4 -15
96448 2 3
96767 1 3
96767 4 -27
96794 2 3
97101 1 3
97448 2 3
98031 2 3
98614 2 3
99210 2 3
99809 2 3
100413 2 3
100972 2 3
101549 2 3
102161 2 3
102763 2 3
103348 2 3
108984 1 5
109185 1 5
109319 2 5
109386 4 67
109386 1 5
109567 2 5
109587 4 20
109587 1 5
109779 2 5
109788 4 9
109788 1 5
109983 2 5
109989 4 6
109989 1 5
110189 2 5
110191 4 2
110191 1 5
110392 1 5
110392 4 -4
110396 2 5
110593 1 5
110593 4 -21
110614 2 5
110794 1 5
110794 4 -30
110824 2 5
110995 1 5
110995 4 -26
111021 2 5
111196 1 5
111196 4 -25
111221 2 5
111398 1 5
111398 4 -38
111436 2 5
111599 1 5
111599 4 -32
111631 2 5
111800 1 5
111800 4 -26
111826 2 5
112001 1 5
112001 4 -2
112003 2 5
112199 2 5
112202 4 3
112202 1 5
112403 1 5
112403 4 -1
112404 2 5
112604 1 5
112604 4 -13
112617 2 5
112805 1 5
112805 4 -3
112808 2 5
113003 2 5
113007 4 4
113007 1 5
113208 1 5
113208 4 -6
113214 2 5
113409 1 5
113409 4 -25
113434 2 5
113611 1 5
113611 4 -19
113630 2 5
113811 2 5
113812 4 1
113812 1 5
114013 1 5
114013 4 -11
114024 2 5
114214 1 5
114420 2 5
114650 2 5
114682 2 5
115064 2 5
115458 2 5
115856 2 5
116318 2 5
116776 2 5
117270 2 5
117735 2 5
118192 2 5
123487 1 4
123738 1 4
123989 1 4
123989 4 -27
124016 2 4
124240 1 4
124240 4 -14
124254 2 4
124491 1 4
124491 4 -1
124492 2 4
124709 2 4
124742 4 33
124742 1 4
124950 2 4
124993 4 43
124993 1 4
125205 2 4
125244 4 39
125244 1 4
125463 2 4
125495 4 32
125495 1 4
125711 2 4
125746 4 35
125746 1 4
125982 2 4
125997 4 15
125997 1 4
126243 2 4
126248 4 5
126248 1 4
126489 2 4
126499 4 10
126499 1 4
126721 2 4
126750 4 29
126750 1 4
126955 2 4
127001 4 46
127001 1 4
127209 2 4
127252 4 43
127252 1 4
127479 2 4
127504 4 25
127504 1 4
127726 2 4
127756 4 30
127756 1 4
127969 2 4
128007 4 38
128007 1 4
128221 2 4
128258 4 37
128258 1 4
128507 2 4
128509 4 2
128509 1 4
128760 1 4
128760 4 -5
128765 2 4
128973 2 4
129011 4 38
129011 1 4
129217 2 4
129262 4 45
129262 1 4
129476 2 4
129513 4 37
129513 1 4
129728 2 4
129765 4 37
129765 1 4
129984 2 4
130016 4 32
130016 1 4
130252 2 4
130501 2 4
130864 2 4
131202 2 4
131576 2 4
131994 2 4
132423 2 4
132813 2 4
133253 2 4
133652 2 4
134117 2 4
134549 2 4
142040 1 0.5
142040 4 -260
142300 2 0.5
144041 1 0.5
144041 4 -213
144254 2 0.5
146043 1 0.5
146043 4 -174
146217 2 0.5
147943 2 0.5
148044 4 101
148044 1 0.5
149778 2 0.5
150045 4 267
150045 1 0.5
151781 2 0.5
152046 4 265
152046 1 0.5
153962 2 0.5
154047 4 85
154047 1 0.5
156006 2 0.5
156048 4 42
156048 1 0.5
158049 1 0.5
158049 4 -1
158050 2 0.5
159985 2 0.5
160050 4 65
160050 1 0.5
161905 2 0.5
162052 4 147
162052 1 0.5
163824 2 0.5
164054 4 230
164054 1 0.5
165900 2 0.5
166055 4 155
166055 1 0.5
167971 2 0.5
168056 4 85
168056 1 0.5
169947 2 0.5
170057 4 110
170057 1 0.5
171945 2 0.5
172058 4 113
172058 1 0.5
173859 2 0.5
174059 4 200
174059 1 0.5
175814 2 0.5
176060 4 246
176060 1 0.5
177880 2 0.5
178061 4 181
178061 1 0.5
179940 2 0.5
180062 4 122
180062 1 0.5
181978 2 0.5
182063 4 85
182063 1 0.5
183808 2 0.5
184064 4 256
184064 1 0.5
185956 2 0.5
186065 4 109
186065 1 0.5
187873 2 0.5
188066 4 193
188066 1 0.5
189728 2 0.5
190067 4 339
190067 1 0.5
191946 2 0.5
192068 4 122
192068 1 0.5
193965 2 0.5
194069 4 104
194069 1 0.5
196070 1 0.5
196070 4 -5
196075 2 0.5
197784 2 0.5
198071 4 287
198071 1 0.5
200037 2 0.5
200072 4 35
200072 1 0.5
202094 2 0.5
204329 2 0.5
206523 2 0.5
209175 2 0.5
211205 2 0.5
213165 2 0.5
215260 2 0.5
217574 2 0.5
219877 2 0.5
222291 2 0.5
224591 2 0.5
226869 2 0.5
229133 2 0.5
231368 2 0.5
233657 2 0.5
235705 2 0.5
237791 2 0.5
239790 2 0.5
245596 1 2
245986 2 2
246097 4 111
246097 1 2
246476 2 2
246598 4 122
246598 1 2
246948 2 2
247099 4 151
247099 1 2
247426 2 2
247600 4 174
247600 1 2
247943 2 2
248101 4 158
248101 1 2
248469 2 2
248602 4 133
248602 1 2
249001 2 2
249103 4 102
249103 1 2
249535 2 2
249604 4 69
249604 1 2
250062 2 2
250105 4 43
250105 1 2
250599 2 2
250606 4 7
250606 1 2
251086 2 2
251108 4 22
251108 1 2
251609 1 2
251609 4 -0
251609 2 2
252110 1 2
252110 4 -7
252117 2 2
252611 1 2
252611 4 -0
252611 2 2
253076 2 2
253112 4 36
253112 1 2
253577 2 2
253613 4 36
253613 1 2
254074 2 2
254114 4 40
254114 1 2
254577 2 2
254615 4 38
254615 1 2
255078 2 2
255116 4 38
255116 1 2
255578 2 2
255617 4 39
255617 1 2
256094 2 2
256118 4 24
256118 1 2
256576 2 2
256619 4 43
256619 1 2
257054 2 2
257120 4 66
257120 1 2
257526 2 2
257621 4 95
257621 1 2
258049 2 2
258122 4 73
258122 1 2
258569 2 2
258623 4 54
258623 1 2
259065 2 2
259124 4 59
259124 1 2
259590 2 2
259626 4 36
259626 1 2
260037 2 2
260127 4 90
260127 1 2
260531 2 2
260628 4 97
260628 1 2
261088 2 2
261651 2 2
262218 2 2
262801 2 2
263437 2 2
264099 2 2
264783 2 2
265490 2 2
266187 2 2
266877 2 2
267623 2 2
268508 2 2
269460 2 2
270482 2 2
260628 5 30
275984 1 3
276318 1 3
276597 2 3
276653 4 56
276653 1 3
276937 2 3
276987 4 50
276987 1 3
277301 2 3
277321 4 20
277321 1 3
277650 2 3
277655 4 5
277655 1 3
277985 2 3
277990 4 5
277990 1 3
278324 1 3
278324 4 -7
278331 2 3
278658 1 3
278658 4 -21
278679 2 3
278992 1 3
278992 4 -14
279006 2 3
279326 1 3
279326 4 -21
279347 2 3
279660 1 3
279660 4 -16
279676 2 3
279994 1 3
279994 4 -15
280009 2 3
280317 2 3
280329 4 12
280329 1 3
280663 1 3
280663 4 -30
280693 2 3
280997 1 3
280997 4 -26
281023 2 3
281331 1 3
281331 4 -19
281350 2 3
281665 1 3
281665 4 -13
281678 2 3
281999 1 3
281999 4 -3
282002 2 3
282333 1 3
282333 4 -36
282369 2 3
282667 1 3
282667 4 -34
282701 2 3
283002 1 3
283002 4 -21
283023 2 3
283336 1 3
283336 4 -4
283340 2 3
283670 1 3
283670 4 -7
283677 2 3
284000 2 3
284004 4 4
284004 1 3
284322 2 3
284686 2 3
285054 2 3
285418 2 3
285799 2 3
286168 2 3
286542 2 3
286976 2 3
287374 2 3
287849 2 3
288355 2 3
288926 2 3
289506 2 3
290098 2 3
295887 1 5
296088 1 5
296231 2 5
296289 4 58
296289 1 5
296480 2 5
296490 4 10
296490 1 5
296680 2 5
296691 4 11
296691 1 5
296871 2 5
296892 4 21
296892 1 5
297083 2 5
297093 4 10
297093 1 5
297294 1 5
297294 4 -2
297296 2 5
297495 1 5
297495 4 -37
297532 2 5
297697 1 5
297697 4 -48
297745 2 5
297898 1 5
297898 4 -36
297934 2 5
298099 1 5
298099 4 -6
298105 2 5
298291 2 5
298300 4 9
298300 1 5
298488 2 5
298501 4 13
298501 1 5
298702 1 5
298702 4 -10
298712 2 5
298903 1 5
298903 4 -27
298930 2 5
299104 1 5
299104 4 -42
299146 2 5
299305 1 5
299305 4 -36
299341 2 5
299506 1 5
299506 4 -31
299537 2 5
299707 1 5
299707 4 -32
299739 2 5
299909 1 5
299909 4 -30
299939 2 5
300110 1 5
300110 4 -26
300136 2 5
300311 1 5
300311 4 -18
300329 2 5
300512 1 5
300512 4 -31
300543 2 5
300713 1 5
300713 4 -67
300780 2 5
300914 1 5
300914 4 -84
300998 2 5
301115 1 5
301115 4 -84
301199 2 5
301316 1 5
301316 4 -73
301389 2 5
301517 1 5
301517 4 -76
301593 2 5
301718 1 5
301718 4 -76
301794 2 5
301919 1 5
302192 2 5
302410 2 5
302765 2 5
303197 2 5
303658 2 5
304132 2 5
304649 2 5
305161 2 5
305676 2 5
312943 1 0.5
312943 4 -216
313159 2 0.5
314945 1 0.5
314945 4 -258
315203 2 0.5
316824 2 0.5
316946 4 122
316946 1 0.5
318740 2 0.5
318947 4 207
318947 1 0.5
320782 2 0.5
320948 4 166
320948 1 0.5
322716 2 0.5
322949 4 233
322949 1 0.5
324814 2 0.5
324951 4 137
324951 1 0.5
326734 2 0.5
326953 4 219
326953 1 0.5
328570 2 0.5
328954 4 384
328954 1 0.5
330794 2 0.5
330955 4 161
330955 1 0.5
332811 2 0.5
332957 4 146
332957 1 0.5
334919 2 0.5
334958 4 39
334958 1 0.5
336824 2 0.5
336959 4 135
336959 1 0.5
338710 2 0.5
338960 4 250
338960 1 0.5
340787 2 0.5
340961 4 174
340961 1 0.5
342658 2 0.5
342962 4 304
342962 1 0.5
344842 2 0.5
344964 4 122
344964 1 0.5
346797 2 0.5
346966 4 169
346966 1 0.5
348787 2 0.5
348967 4 180
348967 1 0.5
350804 2 0.5
350968 4 164
350968 1 0.5
352853 2 0.5
352969 4 116
352969 1 0.5
354840 2 0.5
354971 4 131
354971 1 0.5
356677 2 0.5
356972 4 295
356972 1 0.5
358647 2 0.5
358974 4 327
358974 1 0.5
360975 1 0.5
360975 4 -64
361039 2 0.5
362671 2 0.5
362976 4 305
362976 1 0.5
364978 1 0.5
364978 4 -39
365017 2 0.5
366785 2 0.5
366979 4 194
366979 1 0.5
368824 2 0.5
368980 4 156
368980 1 0.5
370851 2 0.5
370982 4 131
370982 1 0.5
372850 2 0.5
372983 4 133
372983 1 0.5
374961 2 0.5
374985 4 24
374985 1 0.5
376986 1 0.5
376986 4 -90
377076 2 0.5
378939 2 0.5
378987 4 48
378987 1 0.5
380856 2 0.5
382679 2 0.5
384600 2 0.5
386520 2 0.5
388358 2 0.5
390390 2 0.5
392128 2 0.5
393890 2 0.5
395512 2 0.5
397042 2 0.5
398340 2 0.5
399569 2 0.5
400805 2 0.5
402089 2 0.5
403436 2 0.5
404651 2 0.5
405848 2 0.5
407036 2 0.5
408215 2 0.5
409388 2 0.5
410567 2 0.5
411727 2 0.5
412903 2 0.5
414099 2 0.5
415301 2 0.5
416466 2 0.5
417691 2 0.5
418888 2 0.5
425011 1 1
425011 4 -180
425191 2 1
426013 1 1
426013 4 -167
426180 2 1
426991 2 1
427014 4 23
427014 1 1
427988 2 1
428015 4 27
428015 1 1
428953 2 1
429016 4 63
429016 1 1
429944 2 1
430017 4 73
430017 1 1
430870 2 1
431018 4 148
431018 1 1
431883 2 1
432019 4 136
432019 1 1
432862 2 1
433020 4 158
433020 1 1
433896 2 1
434021 4 125
434021 1 1
434876 2 1
435023 4 147
435023 1 1
435928 2 1
436024 4 96
436024 1 1
437008 2 1
437025 4 17
437025 1 1
437876 2 1
438026 4 150
438026 1 1
438878 2 1
439027 4 149
439027 1 1
439855 2 1
440028 4 173
440028 1 1
440896 2 1
441030 4 134
441030 1 1
441840 2 1
442031 4 191
442031 1 1
442872 2 1
443032 4 160
443032 1 1
443898 2 1
444033 4 135
444033 1 1
445014 2 1
445034 4 20
445034 1 1
445905 2 1
446035 4 130
446035 1 1
446896 2 1
447036 4 140
447036 1 1
447866 2 1
448037 4 171
448037 1 1
448909 2 1
449038 4 129
449038 1 1
449912 2 1
450039 4 127
450039 1 1
450796 2 1
451040 4 244
451040 1 1
451897 2 1
452680 2 1
453323 2 1
453853 2 1
454343 2 1
454851 2 1
455351 2 1
455844 2 1
456314 2 1
456805 2 1
457248 2 1
457688 2 1
458121 2 1
458549 2 1
458987 2 1
459402 2 1
459857 2 1
460273 2 1
460693 2 1
461123 2 1
461546 2 1
461958 2 1
462359 2 1
462742 2 1
463132 2 1
463549 2 1
463958 2 1
464370 2 1
464811 2 1
465247 2 1
465694 2 1
466130 2 1
466585 2 1
467031 2 1
467486 2 1
467936 2 1
468386 2 1
468832 2 1
469247 2 1
469695 2 1
470132 2 1
470552 2 1
471046 2 1
476562 1 2
476839 2 2
477063 4 224
477063 1 2
477063 4 -185
477248 2 2
477524 2 2
477564 4 40
477564 1 2
477980 2 2
478065 4 85
478065 1 2
478507 2 2
478566 4 59
478566 1 2
479015 2 2
479068 4 53
479068 1 2
479485 2 2
479569 4 84
479569 1 2
480049 2 2
480070 4 21
480070 1 2
480539 2 2
480571 4 32
480571 1 2
481018 2 2
481073 4 55
481073 1 2
481527 2 2
481575 4 48
481575 1 2
482007 2 2
482076 4 69
482076 1 2
482479 2 2
482577 4 98
482577 1 2
482960 2 2
483078 4 118
483078 1 2
483505 2 2
483579 4 74
483579 1 2
483984 2 2
484080 4 96
484080 1 2
484520 2 2
484581 4 61
484581 1 2
485004 2 2
485082 4 78
485082 1 2
485513 2 2
485583 4 70
485583 1 2
486013 2 2
486085 4 72
486085 1 2
486481 2 2
486586 4 105
486586 1 2
486993 2 2
487087 4 94
487087 1 2
487496 2 2
487588 4 92
487588 1 2
488007 2 2
488089 4 82
488089 1 2
488506 2 2
488590 4 84
488590 1 2
488966 2 2
489091 4 125
489091 1 2
489479 2 2
489593 4 114
489593 1 2
490027 2 2
490094 4 67
490094 1 2
490464 2 2
491014 2 2
491467 2 2
491934 2 2
492366 2 2
492782 2 2
493162 2 2
493557 2 2
493939 2 2
494290 2 2
494647 2 2
495050 2 2
495444 2 2
495781 2 2
496140 2 2
496492 2 2
496841 2 2
497209 2 2
497578 2 2
497946 2 2
498320 2 2
498696 2 2
499050 2 2
499440 2 2
499807 2 2
505367 1 4
505618 1 4
505618 4 -45
505663 2 4
505869 1 4
505869 4 -38
505907 2 4
506120 1 4
506120 4 -5
506125 2 4
506340 2 4
506371 4 31
506371 1 4
506575 2 4
506622 4 47
506622 1 4
506827 2 4
506873 4 46
506873 1 4
507108 2 4
507124 4 16
507124 1 4
507363 2 4
507375 4 12
507375 1 4
507618 2 4
507626 4 8
507626 1 4
507857 2 4
507877 4 20
507877 1 4
508115 2 4
508128 4 13
508128 1 4
508374 2 4
508379 4 5
508379 1 4
508629 2 4
508631 4 2
508631 1 4
508874 2 4
508882 4 8
508882 1 4
509123 2 4
509134 4 11
509134 1 4
509383 2 4
509386 4 3
509386 1 4
509637 1 4
509637 4 -7
509644 2 4
509883 2 4
509888 4 5
509888 1 4
510120 2 4
510139 4 19
510139 1 4
510390 1 4
510390 4 -3
510393 2 4
510641 1 4
510641 4 -21
510662 2 4
510892 1 4
510892 4 -5
510897 2 4
511136 2 4
511143 4 7
511143 1 4
511366 2 4
511394 4 28
511394 1 4
511621 2 4
511645 4 24
511645 1 4
511897 2 4
512162 2 4
512469 2 4
512831 2 4
513246 2 4
513719 2 4
514288 2 4
514911 2 4
515586 2 4
516290 2 4
522334 1 1.5
522334 4 -141
522475 2 1.5
522793 2 1.5
523001 4 208
523001 1 1.5
523568 2 1.5
523668 4 100
523668 1 1.5
524276 2 1.5
524335 4 59
524335 1 1.5
524938 2 1.5
525002 4 64
525002 1 1.5
525585 2 1.5
525669 4 84
525669 1 1.5
526249 2 1.5
526336 4 87
526336 1 1.5
526924 2 1.5
527003 4 79
527003 1 1.5
527554 2 1.5
527670 4 116
527670 1 1.5
528249 2 1.5
528337 4 88
528337 1 1.5
528951 2 1.5
529004 4 53
529004 1 1.5
529543 2 1.5
529671 4 128
529671 1 1.5
530193 2 1.5
530338 4 145
530338 1 1.5
530852 2 1.5
531005 4 153
531005 1 1.5
531519 2 1.5
531672 4 153
531672 1 1.5
532187 2 1.5
532339 4 152
532339 1 1.5
532781 2 1.5
533006 4 225
533006 1 1.5
533424 2 1.5
533673 4 249
533673 1 1.5
534167 2 1.5
534340 4 173
534340 1 1.5
534805 2 1.5
535007 4 202
535007 1 1.5
535492 2 1.5
535674 4 182
535674 1 1.5
536166 2 1.5
536341 4 175
536341 1 1.5
536811 2 1.5
537008 4 197
537008 1 1.5
537534 2 1.5
537675 4 141
537675 1 1.5
538113 2 1.5
538343 4 230
538343 1 1.5
538863 2 1.5
539010 4 147
539010 1 1.5
539528 2 1.5
539677 4 149
539677 1 1.5
540262 2 1.5
540804 2 1.5
541284 2 1.5
541701 2 1.5
542088 2 1.5
542469 2 1.5
542838 2 1.5
543179 2 1.5
543549 2 1.5
543913 2 1.5
544286 2 1.5
544665 2 1.5
545006 2 1.5
545364 2 1.5
545735 2 1.5
546081 2 1.5
546422 2 1.5
546808 2 1.5
547160 2 1.5
547536 2 1.5
547935 2 1.5
548312 2 1.5
548732 2 1.5
549180 2 1.5
549649 2 1.5
550162 2 1.5
550730 2 1.5
551309 2 1.5
551935 2 1.5
552542 2 1.5
539677 5 90
558521 1 2
558521 4 -224
558745 2 2
559022 1 2
559022 4 -152
559174 2 2
559518 2 2
559523 4 5
559523 1 2
559987 2 2
560024 4 37
560024 1 2
560482 2 2
560525 4 43
560525 1 2
560922 2 2
561026 4 104
561026 1 2
561423 2 2
561527 4 104
561527 1 2
561898 2 2
562028 4 130
562028 1 2
562413 2 2
562530 4 117
562530 1 2
562920 2 2
563032 4 112
563032 1 2
563405 2 2
563533 4 128
563533 1 2
563855 2 2
564034 4 179
564034 1 2
564345 2 2
564535 4 190
564535 1 2
564872 2 2
565036 4 164
565036 1 2
565303 2 2
565537 4 234
565537 1 2
565814 2 2
566038 4 224
566038 1 2
566324 2 2
566539 4 215
566539 1 2
566840 2 2
567040 4 200
567040 1 2
567373 2 2
567541 4 168
567541 1 2
567828 2 2
568042 4 214
568042 1 2
568383 2 2
568543 4 160
568543 1 2
568902 2 2
569044 4 142
569044 1 2
569401 2 2
569545 4 144
569545 1 2
569887 2 2
570046 4 159
570046 1 2
570346 2 2
570547 4 201
570547 1 2
570885 2 2
571048 4 163
571048 1 2
571410 2 2
571550 4 140
571550 1 2
571901 2 2
572051 4 150
572051 1 2
572360 2 2
572552 4 192
572552 1 2
572852 2 2
573053 4 201
573053 1 2
573352 2 2
573554 4 202
573554 1 2
573864 2 2
574055 4 191
574055 1 2
574356 2 2
574556 4 200
574556 1 2
574881 2 2
575293 2 2
575665 2 2
576048 2 2
576448 2 2
576811 2 2
577185 2 2
577587 2 2
577979 2 2
578357 2 2
578760 2 2
579147 2 2
579593 2 2
579971 2 2
580344 2 2
580762 2 2
581114 2 2
581505 2 2
581901 2 2
582285 2 2
582667 2 2
583079 2 2
583488 2 2
583930 2 2
584337 2 2
591578 1 0.5
591578 4 -531
592109 2 0.5
593579 1 0.5
593579 4 -185
593764 2 0.5
595438 2 0.5
595580 4 142
595580 1 0.5
597581 1 0.5
597581 4 -69
597650 2 0.5
599284 2 0.5
599582 4 298
599582 1 0.5
601373 2 0.5
601583 4 210
601583 1 0.5
603463 2 0.5
603584 4 121
603584 1 0.5
605585 1 0.5
605585 4 -41
605626 2 0.5
607419 2 0.5
607586 4 167
607586 1 0.5
609392 2 0.5
609587 4 195
609587 1 0.5
611295 2 0.5
611589 4 294
611589 1 0.5
613440 2 0.5
613590 4 150
613590 1 0.5
615314 2 0.5
615592 4 278
615592 1 0.5
617348 2 0.5
617593 4 245
617593 1 0.5
619394 2 0.5
619594 4 200
619594 1 0.5
621405 2 0.5
621595 4 190
621595 1 0.5
623415 2 0.5
623596 4 181
623596 1 0.5
625312 2 0.5
625597 4 285
625597 1 0.5
627529 2 0.5
627599 4 70
627599 1 0.5
629411 2 0.5
629600 4 189
629600 1 0.5
631319 2 0.5
631601 4 282
631601 1 0.5
633309 2 0.5
633602 4 293
633602 1 0.5
635428 2 0.5
635603 4 175
635603 1 0.5
637446 2 0.5
637604 4 158
637604 1 0.5
639396 2 0.5
639606 4 210
639606 1 0.5
641444 2 0.5
641607 4 163
641607 1 0.5
643608 1 0.5
645383 2 0.5
645609 4 226
645609 1 0.5
647427 2 0.5
647611 4 184
647611 1 0.5
649520 2 0.5
649613 4 93
649613 1 0.5
651287 2 0.5
651614 4 327
651614 1 0.5
653327 2 0.5
653615 4 288
653615 1 0.5
655386 2 0.5
655616 4 230
655616 1 0.5
657492 2 0.5
659599 2 0.5
661630 2 0.5
663434 2 0.5
665169 2 0.5
667045 2 0.5
668987 2 0.5
670905 2 0.5
672969 2 0.5
674957 2 0.5
676891 2 0.5
678605 2 0.5
680282 2 0.5
682073 2 0.5
683718 2 0.5
685427 2 0.5
687038 2 0.5
688687 2 0.5
690379 2 0.5
692030 2 0.5
693584 2 0.5
695173 2 0.5
700839 1 5
701041 1 5
701190 2 5
701242 4 52
701242 1 5
701443 1 5
701443 4 -16
701459 2 5
701644 1 5
701644 4 -9
701653 2 5
701845 1 5
701845 4 -1
701846 2 5
702037 2 5
702046 4 9
702046 1 5
702220 2 5
702247 4 27
702247 1 5
702409 2 5
702448 4 39
702448 1 5
702588 2 5
702649 4 61
702649 1 5
702786 2 5
702850 4 64
702850 1 5
702988 2 5
703051 4 63
703051 1 5
703206 2 5
703252 4 46
703252 1 5
703453 1 5
703453 4 -1
703454 2 5
703654 1 5
703654 4 -16
703670 2 5
703855 1 5
703855 4 -16
703871 2 5
704056 1 5
704056 4 -18
704074 2 5
704257 1 5
704257 4 -9
704266 2 5
704459 1 5
704459 4 -6
704465 2 5
704660 1 5
704660 4 -1
704661 2 5
704861 1 5
704861 4 -1
704862 2 5
705063 1 5
705063 4 -0
705063 2 5
705264 1 5
705264 4 -16
705280 2 5
705465 1 5
705465 4 -10
705475 2 5
705662 2 5
705666 4 4
705666 1 5
705858 2 5
705867 4 9
705867 1 5
706059 2 5
706068 4 9
706068 1 5
706260 2 5
706269 4 9
706269 1 5
706466 2 5
706470 4 4
706470 1 5
706671 1 5
706671 4 -13
706684 2 5
706872 1 5
707091 2 5
707281 2 5
707646 2 5
708124 2 5
708691 2 5
709308 2 5
709978 2 5
710664 2 5
716560 1 1.5
716560 4 -205
716765 2 1.5
717227 1 1.5
717227 4 -143
717370 2 1.5
717836 2 1.5
717894 4 58
717894 1 1.5
718437 2 1.5
718561 4 124
718561 1 1.5
719143 2 1.5
719228 4 85
719228 1 1.5
719790 2 1.5
719895 4 105
719895 1 1.5
720456 2 1.5
720562 4 106
720562 1 1.5
721138 2 1.5
721229 4 91
721229 1 1.5
721764 2 1.5
721896 4 132
721896 1 1.5
722433 2 1.5
722563 4 130
722563 1 1.5
723098 2 1.5
723230 4 132
723230 1 1.5
723753 2 1.5
723897 4 144
723897 1 1.5
724454 2 1.5
724564 4 110
724564 1 1.5
725231 1 1.5
725231 4 -45
725276 2 1.5
725818 2 1.5
725898 4 80
725898 1 1.5
726465 2 1.5
726566 4 101
726566 1 1.5
727127 2 1.5
727233 4 106
727233 1 1.5
727784 2 1.5
727900 4 116
727900 1 1.5
728407 2 1.5
728567 4 160
728567 1 1.5
729099 2 1.5
729235 4 136
729235 1 1.5
729796 2 1.5
729906 4 110
729906 1 1.5
730483 2 1.5
730573 4 90
730573 1 1.5
731147 2 1.5
731240 4 93
731240 1 1.5
731784 2 1.5
731907 4 123
731907 1 1.5
732474 2 1.5
732574 4 100
732574 1 1.5
733160 2 1.5
733813 2 1.5
734461 2 1.5
735131 2 1.5
735797 2 1.5
736475 2 1.5
737071 2 1.5
737662 2 1.5
738301 2 1.5
738907 2 1.5
739524 2 1.5
740114 2 1.5
740718 2 1.5
741366 2 1.5
741997 2 1.5
742607 2 1.5
743217 2 1.5
743827 2 1.5
744447 2 1.5
745020 2 1.5
745671 2 1.5
751167 1 4
751418 1 4
751418 4 -51
751469 2 4
751669 1 4
751669 4 -72
751741 2 4
751920 1 4
751920 4 -48
751968 2 4
752171 1 4
752171 4 -7
752178 2 4
752409 2 4
752422 4 13
752422 1 4
752664 2 4
752673 4 9
752673 1 4
752920 2 4
752924 4 4
752924 1 4
753169 2 4
753175 4 6
753175 1 4
753425 2 4
753426 4 1
753426 1 4
753668 2 4
753677 4 9
753677 1 4
753915 2 4
753929 4 14
753929 1 4
754154 2 4
754180 4 26
754180 1 4
754431 1 4
754431 4 -4
754435 2 4
754682 1 4
754682 4 -7
754689 2 4
754920 2 4
754933 4 13
754933 1 4
755163 2 4
755184 4 21
755184 1 4
755428 2 4
755435 4 7
755435 1 4
755687 1 4
755687 4 -15
755702 2 4
755926 2 4
755938 4 12
755938 1 4
756155 2 4
756189 4 34
756189 1 4
756407 2 4
756440 4 33
756440 1 4
756675 2 4
756691 4 16
756691 1 4
756929 2 4
756942 4 13
756942 1 4
757192 2 4
757193 4 1
757193 1 4
757435 2 4
757677 2 4
758106 2 4
758784 2 4
759594 2 4
760362 2 4
761124 2 4
761997 2 4
767550 1 3
767791 2 3
767884 4 93
767884 1 3
768133 2 3
768218 4 85
768218 1 3
768485 2 3
768552 4 67
768552 1 3
768815 2 3
768886 4 71
768886 1 3
769180 2 3
769220 4 40
769220 1 3
769524 2 3
769555 4 31
769555 1 3
769863 2 3
769889 4 26
769889 1 3
770202 2 3
770223 4 21
770223 1 3
770501 2 3
770557 4 56
770557 1 3
770843 2 3
770891 4 48
770891 1 3
771182 2 3
771226 4 44
771226 1 3
771539 2 3
771560 4 21
771560 1 3
771876 2 3
771894 4 18
771894 1 3
772195 2 3
772228 4 33
772228 1 3
772542 2 3
772562 4 20
772562 1 3
772849 2 3
772896 4 47
772896 1 3
773211 2 3
773230 4 19
773230 1 3
773564 1 3
773564 4 -15
773579 2 3
773898 1 3
773898 4 -1
773899 2 3
774198 2 3
774232 4 34
774232 1 3
774523 2 3
774566 4 43
774566 1 3
774883 2 3
774900 4 17
774900 1 3
775234 1 3
775234 4 -4
775238 2 3
775552 2 3
775569 4 17
775569 1 3
775836 2 3
775903 4 67
775903 1 3
776190 2 3
776237 4 47
776237 1 3
776554 2 3
777237 2 3
778088 2 3
779026 2 3
780042 2 3
781013 2 3
781974 2 3
788920 1 1
788920 4 -239
789159 2 1
789862 2 1
789922 4 60
789922 1 1
790886 2 1
790923 4 37
790923 1 1
791840 2 1
791925 4 85
791925 1 1
792787 2 1
792926 4 139
792926 1 1
793869 2 1
793927 4 58
793927 1 1
794887 2 1
794928 4 41
794928 1 1
794928 4 -238
795166 2 1
795740 2 1
795929 4 189
795929 1 1
796818 2 1
796930 4 112
796930 1 1
797862 2 1
797931 4 69
797931 1 1
797931 4 -215
798146 2 1
798780 2 1
798932 4 152
798932 1 1
798932 4 -136
799068 2 1
799844 2 1
799933 4 89
799933 1 1
800802 2 1
800934 4 132
800934 1 1
801788 2 1
801935 4 147
801935 1 1
802808 2 1
802937 4 129
802937 1 1
803666 2 1
803938 4 272
803938 1 1
803938 4 -78
804016 2 1
804652 2 1
804940 4 288
804940 1 1
805630 2 1
805941 4 311
805941 1 1
806844 2 1
806943 4 99
806943 1 1
807841 2 1
807944 4 103
807944 1 1
808894 2 1
808945 4 51
808945 1 1
809727 2 1
809946 4 219
809946 1 1
810778 2 1
810947 4 169
810947 1 1
811833 2 1
811948 4 115
811948 1 1
812724 2 1
812949 4 225
812949 1 1
813748 2 1
813950 4 202
813950 1 1
814801 2 1
814951 4 150
814951 1 1
815633 2 1
815952 4 319
815952 1 1
816738 2 1
816953 4 215
816953 1 1
817731 2 1
817954 4 223
817954 1 1
818737 2 1
818955 4 218
818955 1 1
819732 2 1
819956 4 224
819956 1 1
820792 2 1
820957 4 165
820957 1 1
821771 2 1
822678 2 1
823359 2 1
823987 2 1
824633 2 1
825282 2 1
825974 2 1
826689 2 1
827418 2 1
828104 2 1
828771 2 1
829422 2 1
830057 2 1
830676 2 1
831273 2 1
831840 2 1
832403 2 1
832976 2 1
833614 2 1
834228 2 1
834822 2 1
835405 2 1
835989 2 1
836553 2 1
837210 2 1
837842 2 1
838418 2 1
839024 2 1
839573 2 1
840185 2 1
840760 2 1
820957 5 60
846230 1 4
846481 1 4
846481 4 -24
846505 2 4
846732 1 4
846732 4 -12
846744 2 4
846982 2 4
846983 4 1
846983 1 4
847218 2 4
847234 4 16
847234 1 4
847461 2 4
847485 4 24
847485 1 4
847722 2 4
847736 4 14
847736 1 4
847970 2 4
847987 4 17
847987 1 4
848233 2 4
848238 4 5
848238 1 4
848473 2 4
848489 4 16
848489 1 4
848732 2 4
848740 4 8
848740 1 4
848980 2 4
848991 4 11
848991 1 4
849226 2 4
849242 4 16
849242 1 4
849473 2 4
849493 4 20
849493 1 4
849733 2 4
849744 4 11
849744 1 4
849995 1 4
849995 4 -3
849998 2 4
850244 2 4
850246 4 2
850246 1 4
850477 2 4
850497 4 20
850497 1 4
850743 2 4
850748 4 5
850748 1 4
850999 1 4
850999 4 -5
851004 2 4
851250 1 4
851250 4 -7
851257 2 4
851501 1 4
851501 4 -31
851532 2 4
851752 1 4
851752 4 -14
851766 2 4
852003 1 4
852003 4 -20
852023 2 4
852227 2 4
852254 4 27
852254 1 4
852505 1 4
852505 4 -1
852506 2 4
852756 1 4
852756 4 -10
852766 2 4
853007 1 4
853007 4 -23
853030 2 4
853258 1 4
853258 4 -7
853265 2 4
853487 2 4
853509 4 22
853509 1 4
853760 1 4
853760 4 -4
853764 2 4
854011 1 4
854011 4 -19
854030 2 4
854263 1 4
854263 4 -40
854303 2 4
854514 1 4
854763 2 4
855028 2 4
855430 2 4
855972 2 4
856609 2 4
857236 2 4
857949 2 4
858348 2 4
859468 2 4
865537 1 1
865537 4 -159
865696 2 1
866286 2 1
866538 4 252
866538 1 1
867413 2 1
867540 4 127
867540 1 1
868302 2 1
868541 4 239
868541 1 1
868541 4 -67
868608 2 1
869241 2 1
869542 4 301
869542 1 1
870270 2 1
870544 4 274
870544 1 1
871546 1 1
872308 2 1
872547 4 239
872547 1 1
873344 2 1
873549 4 205
873549 1 1
874264 2 1
874550 4 286
874550 1 1
875294 2 1
875551 4 257
875551 1 1
876222 2 1
876552 4 330
876552 1 1
877351 2 1
877554 4 203
877554 1 1
878321 2 1
878556 4 235
878556 1 1
879445 2 1
879557 4 112
879557 1 1
880422 2 1
880558 4 136
880558 1 1
881406 2 1
881559 4 153
881559 1 1
882349 2 1
882560 4 211
882560 1 1
883362 2 1
883561 4 199
883561 1 1
884343 2 1
884563 4 220
884563 1 1
885439 2 1
885564 4 125
885564 1 1
886367 2 1
886565 4 198
886565 1 1
887271 2 1
887566 4 295
887566 1 1
888418 2 1
888568 4 150
888568 1 1
889317 2 1
889569 4 252
889569 1 1
890381 2 1
890570 4 189
890570 1 1
891380 2 1
891571 4 191
891571 1 1
892321 2 1
892572 4 251
892572 1 1
893420 2 1
893573 4 153
893573 1 1
894387 2 1
895061 2 1
895670 2 1
896245 2 1
896820 2 1
897405 2 1
897957 2 1
898527 2 1
899071 2 1
899641 2 1
900241 2 1
900849 2 1
901379 2 1
901979 2 1
902417 2 1
902917 2 1
903342 2 1
903792 2 1
904212 2 1
904701 2 1
905177 2 1
905705 2 1
906167 2 1
906667 2 1
907135 2 1
907663 2 1
908235 2 1
908736 2 1
909005 2 1
910241 2 1
911516 2 1
912780 2 1
918930 1 3
919228 2 3
919265 4 37
919265 1 3
919506 2 3
919599 4 93
919599 1 3
919839 2 3
919933 4 94
919933 1 3
920172 2 3
920267 4 95
920267 1 3
920520 2 3
920601 4 81
920601 1 3
920866 2 3
920935 4 69
920935 1 3
921223 2 3
921270 4 47
921270 1 3
921563 2 3
921604 4 41
921604 1 3
921917 2 3
921938 4 21
921938 1 3
922237 2 3
922272 4 35
922272 1 3
922574 2 3
922606 4 32
922606 1 3
922913 2 3
922940 4 27
922940 1 3
923252 2 3
923275 4 23
923275 1 3
923591 2 3
923609 4 18
923609 1 3
923940 2 3
923943 4 3
923943 1 3
924260 2 3
924278 4 18
924278 1 3
924601 2 3
924612 4 11
924612 1 3
924904 2 3
924946 4 42
924946 1 3
925271 2 3
925280 4 9
925280 1 3
925576 2 3
925614 4 38
925614 1 3
925942 2 3
925948 4 6
925948 1 3
926278 2 3
926282 4 4
926282 1 3
926602 2 3
926616 4 14
926616 1 3
926900 2 3
926950 4 50
926950 1 3
927252 2 3
927284 4 32
927284 1 3
927615 2 3
927618 4 3
927618 1 3
927952 1 3
928283 2 3
928651 2 3
929040 2 3
929475 2 3
929946 2 3
930482 2 3
930882 2 3
931307 2 3
931769 2 3
932164 2 3
932586 2 3
932972 2 3
933371 2 3
933791 2 3
934148 2 3
934566 2 3
939634 4 -799
940433 2 0.5
941635 1 0.5
941635 4 -207
941842 2 0.5
943034 2 0.5
943636 4 602
943636 1 0.5
943636 4 -212
943848 2 0.5
945637 1 0.5
945637 4 -131
945768 2 0.5
947638 1 0.5
947638 4 -49
947687 2 0.5
949501 2 0.5
949639 4 138
949639 1 0.5
951508 2 0.5
951641 4 133
951641 1 0.5
953292 2 0.5
953643 4 351
953643 1 0.5
955485 2 0.5
955644 4 159
955644 1 0.5
957646 1 0.5
957646 4 -107
957753 2 0.5
959457 2 0.5
959647 4 190
959647 1 0.5
961512 2 0.5
961648 4 136
961648 1 0.5
963474 2 0.5
963649 4 175
963649 1 0.5
965499 2 0.5
965651 4 152
965651 1 0.5
967532 2 0.5
967652 4 120
967652 1 0.5
969485 2 0.5
969653 4 168
969653 1 0.5
971287 2 0.5
971654 4 367
971654 1 0.5
973340 2 0.5
973655 4 315
973655 1 0.5
975452 2 0.5
975656 4 204
975656 1 0.5
977446 2 0.5
977658 4 212
977658 1 0.5
979456 2 0.5
979659 4 203
979659 1 0.5
981520 2 0.5
981660 4 140
981660 1 0.5
983604 2 0.5
983662 4 58
983662 1 0.5
985505 2 0.5
985663 4 158
985663 1 0.5
987525 2 0.5
987664 4 139
987664 1 0.5
989464 2 0.5
989666 4 202
989666 1 0.5
991539 2 0.5
991667 4 128
991667 1 0.5
993668 1 0.5
995425 2 0.5
997212 2 0.5
998896 2 0.5
1.0005e+006 2 0.5
1.00197e+006 2 0.5
1.00366e+006 2 0.5
1.00528e+006 2 0.5
1.00687e+006 2 0.5
1.00852e+006 2 0.5
1.01022e+006 2 0.5
1.01199e+006 2 0.5
1.01379e+006 2 0.5
1.01558e+006 2 0.5
1.01744e+006 2 0.5
1.01911e+006 2 0.5
1.02088e+006 2 0.5
1.02251e+006 2 0.5
1.02424e+006 2 0.5
1.02598e+006 2 0.5
1.02758e+006 2 0.5
1.02918e+006 2 0.5
1.03069e+006 2 0.5
1.03224e+006 2 0.5
1.03368e+006 2 0.5
1.03936e+006 1 1.5
1.03936e+006 4 -210
1.03957e+006 2 1.5
1.04002e+006 1 1.5
1.04002e+006 4 -162
1.04019e+006 2 1.5
1.04065e+006 2 1.5
1.04069e+006 4 42
1.04069e+006 1 1.5
1.04128e+006 2 1.5
1.04136e+006 4 81
1.04136e+006 1 1.5
1.04194e+006 2 1.5
1.04203e+006 4 82
1.04203e+006 1 1.5
1.04256e+006 2 1.5
1.04269e+006 4 129
1.04269e+006 1 1.5
1.04328e+006 2 1.5
1.04336e+006 4 78
1.04336e+006 1 1.5
1.04395e+006 2 1.5
1.04403e+006 4 76
1.04403e+006 1 1.5
1.04462e+006 2 1.5
1.04469e+006 4 75
1.04469e+006 1 1.5
1.04527e+006 2 1.5
1.04536e+006 4 87
1.04536e+006 1 1.5
1.04592e+006 2 1.5
1.04603e+006 4 104
1.04603e+006 1 1.5
1.04659e+006 2 1.5
1.0467e+006 4 110
1.0467e+006 1 1.5
1.0472e+006 2 1.5
1.04736e+006 4 160
1.04736e+006 1 1.5
1.04785e+006 2 1.5
1.04803e+006 4 181
1.04803e+006 1 1.5
1.04857e+006 2 1.5
1.0487e+006 4 126
1.0487e+006 1 1.5
1.04923e+006 2 1.5
1.04936e+006 4 133
1.04936e+006 1 1.5
1.04986e+006 2 1.5
1.05003e+006 4 170
1.05003e+006 1 1.5
1.05003e+006 4 -119
1.05015e+006 2 1.5
1.05055e+006 2 1.5
1.0507e+006 4 145
1.0507e+006 1 1.5
1.05126e+006 2 1.5
1.05137e+006 4 107
1.05137e+006 1 1.5
1.05201e+006 2 1.5
1.05203e+006 4 28
1.05203e+006 1 1.5
1.05264e+006 2 1.5
1.0527e+006 4 59
1.0527e+006 1 1.5
1.0532e+006 2 1.5
1.05337e+006 4 170
1.05337e+006 1 1.5
1.05386e+006 2 1.5
1.05403e+006 4 170
1.05403e+006 1 1.5
1.05462e+006 2 1.5
1.0547e+006 4 87
1.0547e+006 1 1.5
1.0552e+006 2 1.5
1.05537e+006 4 170
1.05537e+006 1 1.5
1.05587e+006 2 1.5
1.05604e+006 4 165
1.05604e+006 1 1.5
1.05655e+006 2 1.5
1.0567e+006 4 150
1.0567e+006 1 1.5
1.05714e+006 2 1.5
1.05737e+006 4 230
1.05737e+006 1 1.5
1.05784e+006 2 1.5
1.05804e+006 4 197
1.05804e+006 1 1.5
1.05851e+006 2 1.5
1.05871e+006 4 199
1.05871e+006 1 1.5
1.05917e+006 2 1.5
1.05937e+006 4 198
1.05937e+006 1 1.5
1.05989e+006 2 1.5
1.06004e+006 4 146
1.06004e+006 1 1.5
1.06063e+006 2 1.5
1.06071e+006 4 75
1.06071e+006 1 1.5
1.06125e+006 2 1.5
1.06137e+006 4 123
1.06137e+006 1 1.5
1.06179e+006 2 1.5
1.06228e+006 2 1.5
1.06276e+006 2 1.5
1.0632e+006 2 1.5
1.06362e+006 2 1.5
1.06406e+006 2 1.5
1.0645e+006 2 1.5
1.06495e+006 2 1.5
1.06535e+006 2 1.5
1.06575e+006 2 1.5
1.06613e+006 2 1.5
1.06652e+006 2 1.5
1.06691e+006 2 1.5
1.06729e+006 2 1.5
1.06767e+006 2 1.5
1.06804e+006 2 1.5
1.06841e+006 2 1.5
1.06875e+006 2 1.5
1.06913e+006 2 1.5
1.06948e+006 2 1.5
1.06983e+006 2 1.5
1.07016e+006 2 1.5
1.0705e+006 2 1.5
1.07084e+006 2 1.5
1.07121e+006 2 1.5
1.07155e+006 2 1.5
1.07191e+006 2 1.5
1.07229e+006 2 1.5
1.07266e+006 2 1.5
1.07307e+006 2 1.5
1.07352e+006 2 1.5
1.07393e+006 2 1.5
1.07437e+006 2 1.5
1.08022e+006 1 2
1.08072e+006 1 2
1.08072e+006 4 -17
1.08073e+006 2 2
1.08114e+006 2 2
1.08122e+006 4 82
1.08122e+006 1 2
1.0816e+006 2 2
1.08172e+006 4 123
1.08172e+006 1 2
1.08208e+006 2 2
1.08222e+006 4 145
1.08222e+006 1 2
1.0826e+006 2 2
1.08272e+006 4 119
1.08272e+006 1 2
1.08309e+006 2 2
1.08322e+006 4 134
1.08322e+006 1 2
1.08357e+006 2 2
1.08372e+006 4 156
1.08372e+006 1 2
1.08422e+006 1 2
1.08473e+006 1 2
1.08523e+006 1 2
1.08561e+006 2 2
1.08573e+006 4 115
1.08573e+006 1 2
1.08606e+006 2 2
1.08623e+006 4 172
1.08623e+006 1 2
1.0866e+006 2 2
1.08673e+006 4 127
1.08673e+006 1 2
1.08712e+006 2 2
1.08723e+006 4 114
1.08723e+006 1 2
1.08761e+006 2 2
1.08773e+006 4 126
1.08773e+006 1 2
1.08809e+006 2 2
1.08823e+006 4 139
1.08823e+006 1 2
1.08861e+006 2 2
1.08874e+006 4 128
1.08874e+006 1 2
1.0891e+006 2 2
1.08924e+006 4 132
1.08924e+006 1 2
1.08961e+006 2 2
1.08974e+006 4 127
1.08974e+006 1 2
1.09011e+006 2 2
1.09024e+006 4 128
1.09024e+006 1 2
1.09067e+006 2 2
1.09074e+006 4 72
1.09074e+006 1 2
1.09108e+006 2 2
1.09124e+006 4 159
1.09124e+006 1 2
1.09161e+006 2 2
1.09174e+006 4 130
1.09174e+006 1 2
1.09214e+006 2 2
1.09224e+006 4 99
1.09224e+006 1 2
1.09265e+006 2 2
1.09274e+006 4 95
1.09274e+006 1 2
1.09316e+006 2 2
1.09325e+006 4 89
1.09325e+006 1 2
1.09366e+006 2 2
1.09375e+006 4 88
1.09375e+006 1 2
1.0942e+006 2 2
1.09425e+006 4 43
1.09425e+006 1 2
1.09466e+006 2 2
1.09475e+006 4 84
1.09475e+006 1 2
1.09521e+006 2 2
1.09525e+006 4 39
1.09525e+006 1 2
1.09567e+006 2 2
1.09575e+006 4 85
1.09575e+006 1 2
1.09614e+006 2 2
1.09664e+006 2 2
1.09715e+006 2 2
1.09762e+006 2 2
1.09808e+006 2 2
1.09859e+006 2 2
1.09908e+006 2 2
1.09958e+006 2 2
1.10007e+006 2 2
1.10047e+006 2 2
1.10094e+006 2 2
1.10138e+006 2 2
1.10185e+006 2 2
1.10232e+006 2 2
1.10281e+006 2 2
1.10328e+006 2 2
1.1037e+006 2 2
1.10418e+006 2 2
1.10469e+006 2 2
1.10518e+006 2 2
1.10566e+006 2 2
1.11097e+006 1 5
1.11118e+006 1 5
1.11118e+006 4 -37
1.11121e+006 2 5
1.11138e+006 1 5
1.11138e+006 4 -87
1.11146e+006 2 5
1.11158e+006 1 5
1.11158e+006 4 -64
1.11164e+006 2 5
1.11178e+006 1 5
1.11178e+006 4 -40
1.11182e+006 2 5
1.11198e+006 1 5
1.11198e+006 4 -16
1.112e+006 2 5
1.11217e+006 2 5
1.11218e+006 4 10
1.11218e+006 1 5
1.11235e+006 2 5
1.11238e+006 4 31
1.11238e+006 1 5
1.11254e+006 2 5
1.11258e+006 4 48
1.11258e+006 1 5
1.11272e+006 2 5
1.11279e+006 4 66
1.11279e+006 1 5
1.11293e+006 2 5
1.11299e+006 4 58
1.11299e+006 1 5
1.11315e+006 2 5
1.11319e+006 4 38
1.11319e+006 1 5
1.11337e+006 2 5
1.11339e+006 4 18
1.11339e+006 1 5
1.11358e+006 2 5
1.11359e+006 4 15
1.11359e+006 1 5
1.11377e+006 2 5
1.11379e+006 4 20
1.11379e+006 1 5
1.11395e+006 2 5
1.11399e+006 4 38
1.11399e+006 1 5
1.11417e+006 2 5
1.11419e+006 4 28
1.11419e+006 1 5
1.11437e+006 2 5
1.11439e+006 4 25
1.11439e+006 1 5
1.11458e+006 2 5
1.1146e+006 4 19
1.1146e+006 1 5
1.11478e+006 2 5
1.1148e+006 4 15
1.1148e+006 1 5
1.115e+006 2 5
1.115e+006 4 1
1.115e+006 1 5
1.1152e+006 1 5
1.1152e+006 4 -12
1.11521e+006 2 5
1.1154e+006 1 5
1.1154e+006 4 -39
1.11544e+006 2 5
1.1156e+006 1 5
1.1156e+006 4 -40
1.11564e+006 2 5
1.1158e+006 1 5
1.1158e+006 4 -33
1.11583e+006 2 5
1.116e+006 1 5
1.116e+006 4 -18
1.11602e+006 2 5
1.1162e+006 1 5
1.1162e+006 4 -5
1.11621e+006 2 5
1.1164e+006 2 5
1.1164e+006 4 5
1.1164e+006 1 5
1.11659e+006 2 5
1.11661e+006 4 20
1.11661e+006 1 5
1.11677e+006 2 5
1.11681e+006 4 37
1.11681e+006 1 5
1.11697e+006 2 5
1.11701e+006 4 33
1.11701e+006 1 5
1.11719e+006 2 5
1.11741e+006 2 5
1.11774e+006 2 5
1.11817e+006 2 5
1.11874e+006 2 5
1.1194e+006 2 5
1.12005e+006 2 5
1.12069e+006 2 5
1.11701e+006 5 0
1.12803e+006 1 0.5
1.12803e+006 4 -342
1.12837e+006 2 0.5
1.13003e+006 1 0.5
1.13003e+006 4 -211
1.13024e+006 2 0.5
1.13194e+006 2 0.5
1.13203e+006 4 92
1.13203e+006 1 0.5
1.13377e+006 2 0.5
1.13403e+006 4 268
1.13403e+006 1 0.5
1.13585e+006 2 0.5
1.13604e+006 4 184
1.13604e+006 1 0.5
1.13788e+006 2 0.5
1.13804e+006 4 159
1.13804e+006 1 0.5
1.13993e+006 2 0.5
1.14004e+006 4 105
1.14004e+006 1 0.5
1.14182e+006 2 0.5
1.14204e+006 4 221
1.14204e+006 1 0.5
1.14381e+006 2 0.5
1.14404e+006 4 228
1.14404e+006 1 0.5
1.14588e+006 2 0.5
1.14604e+006 4 163
1.14604e+006 1 0.5
1.14782e+006 2 0.5
1.14804e+006 4 223
1.14804e+006 1 0.5
1.14982e+006 2 0.5
1.15004e+006 4 224
1.15004e+006 1 0.5
1.1519e+006 2 0.5
1.15205e+006 4 148
1.15205e+006 1 0.5
1.15383e+006 2 0.5
1.15405e+006 4 218
1.15405e+006 1 0.5
1.15583e+006 2 0.5
1.15605e+006 4 221
1.15605e+006 1 0.5
1.15787e+006 2 0.5
1.15805e+006 4 184
1.15805e+006 1 0.5
1.15978e+006 2 0.5
1.16005e+006 4 269
1.16005e+006 1 0.5
1.16184e+006 2 0.5
1.16205e+006 4 215
1.16205e+006 1 0.5
1.16385e+006 2 0.5
1.16405e+006 4 203
1.16405e+006 1 0.5
1.16584e+006 2 0.5
1.16605e+006 4 211
1.16605e+006 1 0.5
1.16789e+006 2 0.5
1.16805e+006 4 160
1.16805e+006 1 0.5
1.16996e+006 2 0.5
1.17006e+006 4 91
1.17006e+006 1 0.5
1.1718e+006 2 0.5
1.17206e+006 4 258
1.17206e+006 1 0.5
1.17393e+006 2 0.5
1.17406e+006 4 127
1.17406e+006 1 0.5
1.17589e+006 2 0.5
1.17606e+006 4 165
1.17606e+006 1 0.5
1.17795e+006 2 0.5
1.17806e+006 4 113
1.17806e+006 1 0.5
1.17806e+006 4 -811
1.17887e+006 2 0.5
1.17986e+006 2 0.5
1.18006e+006 4 206
1.18006e+006 1 0.5
1.18006e+006 4 -19
1.18008e+006 2 0.5
1.18177e+006 2 0.5
1.18206e+006 4 295
1.18206e+006 1 0.5
1.18372e+006 2 0.5
1.18407e+006 4 342
1.18407e+006 1 0.5
1.18584e+006 2 0.5
1.18713e+006 2 0.5
1.18863e+006 2 0.5
1.1899e+006 2 0.5
1.1911e+006 2 0.5
1.19217e+006 2 0.5
1.19317e+006 2 0.5
1.19411e+006 2 0.5
1.1949e+006 2 0.5
1.19569e+006 2 0.5
1.19639e+006 2 0.5
1.19697e+006 2 0.5
1.19746e+006 2 0.5
1.19793e+006 2 0.5
1.19838e+006 2 0.5
1.19881e+006 2 0.5
1.19927e+006 2 0.5
1.19972e+006 2 0.5
1.20016e+006 2 0.5
1.2006e+006 2 0.5
1.20101e+006 2 0.5
1.20143e+006 2 0.5
1.20185e+006 2 0.5
1.20229e+006 2 0.5
1.20267e+006 2 0.5
1.20309e+006 2 0.5
1.20352e+006 2 0.5
1.20394e+006 2 0.5
1.20437e+006 2 0.5
1.20478e+006 2 0.5
1.20517e+006 2 0.5
1.20557e+006 2 0.5
1.20601e+006 2 0.5
1.20641e+006 2 0.5
1.20682e+006 2 0.5
1.20727e+006 2 0.5
1.20767e+006 2 0.5
1.20809e+006 2 0.5
1.20854e+006 2 0.5
1.20892e+006 2 0.5
1.20933e+006 2 0.5
1.20974e+006 2 0.5
1.21013e+006 2 0.5
1.21054e+006 2 0.5
1.21094e+006 2 0.5
1.21133e+006 2 0.5
1.21175e+006 2 0.5
1.21216e+006 2 0.5
1.21254e+006 2 0.5
1.21295e+006 2 0.5
1.21339e+006 2 0.5
1.21392e+006 2 0.5
1.21451e+006 2 0.5
1.21528e+006 2 0.5
1.21602e+006 2 0.5
1.2167e+006 2 0.5
1.21736e+006 2 0.5
1.21803e+006 2 0.5
1.21866e+006 2 0.5
1.21931e+006 2 0.5
1.21993e+006 2 0.5
1.22062e+006 2 0.5
1.22125e+006 2 0.5
1.22188e+006 2 0.5
1.22252e+006 2 0.5
1.22309e+006 2 0.5
1.22959e+006 1 2
1.23009e+006 1 2
1.23059e+006 1 2
1.23109e+006 2 2
1.23109e+006 4 3
1.23109e+006 1 2
1.23157e+006 2 2
1.23159e+006 4 28
1.23159e+006 1 2
1.23207e+006 2 2
1.23209e+006 4 28
1.23209e+006 1 2
1.23254e+006 2 2
1.2326e+006 4 51
1.2326e+006 1 2
1.23304e+006 2 2
1.2331e+006 4 52
1.2331e+006 1 2
1.23352e+006 2 2
1.2336e+006 4 77
1.2336e+006 1 2
1.23403e+006 2 2
1.2341e+006 4 68
1.2341e+006 1 2
1.23457e+006 2 2
1.2346e+006 4 33
1.2346e+006 1 2
1.23502e+006 2 2
1.2351e+006 4 83
1.2351e+006 1 2
1.2356e+006 2 2
1.2356e+006 4 5
1.2356e+006 1 2
1.23607e+006 2 2
1.2361e+006 4 29
1.2361e+006 1 2
1.23652e+006 2 2
1.2366e+006 4 88
1.2366e+006 1 2
1.23703e+006 2 2
1.2371e+006 4 76
1.2371e+006 1 2
1.23755e+006 2 2
1.23761e+006 4 58
1.23761e+006 1 2
1.23802e+006 2 2
1.23811e+006 4 90
1.23811e+006 1 2
1.23852e+006 2 2
1.23861e+006 4 92
1.23861e+006 1 2
1.23906e+006 2 2
1.23911e+006 4 53
1.23911e+006 1 2
1.23955e+006 2 2
1.23961e+006 4 67
1.23961e+006 1 2
1.24004e+006 2 2
1.24011e+006 4 74
1.24011e+006 1 2
1.24059e+006 2 2
1.24061e+006 4 20
1.24061e+006 1 2
1.24103e+006 2 2
1.24112e+006 4 85
1.24112e+006 1 2
1.24152e+006 2 2
1.24162e+006 4 92
1.24162e+006 1 2
1.24204e+006 2 2
1.24212e+006 4 73
1.24212e+006 1 2
1.24257e+006 2 2
1.24301e+006 2 2
1.24356e+006 2 2
1.24405e+006 2 2
1.2445e+006 2 2
1.24499e+006 2 2
1.24545e+006 2 2
1.24591e+006 2 2
1.24641e+006 2 2
1.24689e+006 2 2
1.24736e+006 2 2
1.24802e+006 2 2
1.24863e+006 2 2
1.24917e+006 2 2
1.24967e+006 2 2
1.25016e+006 2 2
1.25062e+006 2 2
1.25109e+006 2 2
1.25157e+006 2 2
1.25205e+006 2 2
1.25781e+006 1 1.5
1.25826e+006 2 1.5
1.25847e+006 4 214
1.25847e+006 1 1.5
1.25891e+006 2 1.5
1.25914e+006 4 233
1.25914e+006 1 1.5
1.25966e+006 2 1.5
1.25981e+006 4 153
1.25981e+006 1 1.5
1.26032e+006 2 1.5
1.26048e+006 4 153
1.26048e+006 1 1.5
1.26102e+006 2 1.5
1.26114e+006 4 128
1.26114e+006 1 1.5
1.26169e+006 2 1.5
1.26181e+006 4 118
1.26181e+006 1 1.5
1.26235e+006 2 1.5
1.26248e+006 4 132
1.26248e+006 1 1.5
1.26305e+006 2 1.5
1.26314e+006 4 99
1.26314e+006 1 1.5
1.26366e+006 2 1.5
1.26381e+006 4 147
1.26381e+006 1 1.5
1.26436e+006 2 1.5
1.26448e+006 4 115
1.26448e+006 1 1.5
1.26504e+006 2 1.5
1.26515e+006 4 106
1.26515e+006 1 1.5
1.26569e+006 2 1.5
1.26581e+006 4 124
1.26581e+006 1 1.5
1.26641e+006 2 1.5
1.26648e+006 4 75
1.26648e+006 1 1.5
1.26705e+006 2 1.5
1.26715e+006 4 99
1.26715e+006 1 1.5
1.26769e+006 2 1.5
1.26782e+006 4 123
1.26782e+006 1 1.5
1.26839e+006 2 1.5
1.26848e+006 4 97
1.26848e+006 1 1.5
1.26909e+006 2 1.5
1.26915e+006 4 66
1.26915e+006 1 1.5
1.26973e+006 2 1.5
1.26982e+006 4 91
1.26982e+006 1 1.5
1.27039e+006 2 1.5
1.27049e+006 4 100
1.27049e+006 1 1.5
1.27106e+006 2 1.5
1.27115e+006 4 89
1.27115e+006 1 1.5
1.27173e+006 2 1.5
1.27182e+006 4 90
1.27182e+006 1 1.5
1.27234e+006 2 1.5
1.27249e+006 4 143
1.27249e+006 1 1.5
1.27306e+006 2 1.5
1.27315e+006 4 93
1.27315e+006 1 1.5
1.27372e+006 2 1.5
1.27382e+006 4 106
1.27382e+006 1 1.5
1.27438e+006 2 1.5
1.27449e+006 4 110
1.27449e+006 1 1.5
1.27503e+006 2 1.5
1.27516e+006 4 121
1.27516e+006 1 1.5
1.27572e+006 2 1.5
1.27582e+006 4 100
1.27582e+006 1 1.5
1.27639e+006 2 1.5
1.27649e+006 4 97
1.27649e+006 1 1.5
1.27704e+006 2 1.5
1.27716e+006 4 116
1.27716e+006 1 1.5
1.27774e+006 2 1.5
1.2783e+006 2 1.5
1.27892e+006 2 1.5
1.27956e+006 2 1.5
1.28021e+006 2 1.5
1.28086e+006 2 1.5
1.28145e+006 2 1.5
1.28212e+006 2 1.5
1.28282e+006 2 1.5
1.28345e+006 2 1.5
1.2841e+006 2 1.5
1.28474e+006 2 1.5
1.28534e+006 2 1.5
1.28595e+006 2 1.5
1.2866e+006 2 1.5
1.28721e+006 2 1.5
1.28785e+006 2 1.5
1.28845e+006 2 1.5
1.28904e+006 2 1.5
1.28965e+006 2 1.5
1.29023e+006 2 1.5
1.29583e+006 1 3
1.29604e+006 2 3
1.29617e+006 4 130
1.29617e+006 1 3
1.29638e+006 2 3
1.2965e+006 4 117
1.2965e+006 1 3
1.29676e+006 2 3
1.29684e+006 4 78
1.29684e+006 1 3
1.29713e+006 2 3
1.29717e+006 4 37
1.29717e+006 1 3
1.29747e+006 2 3
1.2975e+006 4 31
1.2975e+006 1 3
1.29782e+006 2 3
1.29784e+006 4 16
1.29784e+006 1 3
1.29815e+006 2 3
1.29817e+006 4 21
1.29817e+006 1 3
1.29848e+006 2 3
1.29851e+006 4 29
1.29851e+006 1 3
1.29881e+006 2 3
1.29884e+006 4 28
1.29884e+006 1 3
1.29914e+006 2 3
1.29918e+006 4 35
1.29918e+006 1 3
1.29951e+006 1 3
1.29951e+006 4 -3
1.29951e+006 2 3
1.29984e+006 1 3
1.29984e+006 4 -27
1.29987e+006 2 3
1.30016e+006 2 3
1.30018e+006 4 14
1.30018e+006 1 3
1.30047e+006 2 3
1.30051e+006 4 37
1.30051e+006 1 3
1.30085e+006 1 3
1.30085e+006 4 -0
1.30085e+006 2 3
1.30118e+006 1 3
1.30118e+006 4 -12
1.30119e+006 2 3
1.30152e+006 1 3
1.30152e+006 4 -8
1.30152e+006 2 3
1.30182e+006 2 3
1.30185e+006 4 31
1.30185e+006 1 3
1.30218e+006 1 3
1.30218e+006 4 -6
1.30219e+006 2 3
1.30252e+006 1 3
1.30252e+006 4 -44
1.30256e+006 2 3
1.30285e+006 1 3
1.30285e+006 4 -1
1.30285e+006 2 3
1.30319e+006 1 3
1.30319e+006 4 -7
1.30319e+006 2 3
1.3035e+006 2 3
1.30352e+006 4 18
1.30352e+006 1 3
1.30386e+006 1 3
1.30386e+006 4 -36
1.30389e+006 2 3
1.30419e+006 1 3
1.30419e+006 4 -13
1.3042e+006 2 3
1.30452e+006 1 3
1.30452e+006 4 -28
1.30455e+006 2 3
1.30486e+006 2 3
1.30486e+006 4 2
1.30486e+006 1 3
1.30519e+006 1 3
1.30552e+006 2 3
1.30586e+006 2 3
1.30618e+006 2 3
1.30651e+006 2 3
1.30689e+006 2 3
1.30723e+006 2 3
1.30764e+006 2 3
1.308e+006 2 3
1.30835e+006 2 3
1.30872e+006 2 3
1.30909e+006 2 3
1.30947e+006 2 3
1.3098e+006 2 3
1.31021e+006 2 3
1.31058e+006 2 3
1.31098e+006 2 3
1.31138e+006 2 3
1.31176e+006 2 3
1.31712e+006 1 4
1.31735e+006 2 4
1.31738e+006 4 29
1.31738e+006 1 4
1.31763e+006 1 4
1.31763e+006 4 -27
1.31765e+006 2 4
1.31788e+006 1 4
1.31788e+006 4 -18
1.3179e+006 2 4
1.31813e+006 1 4
1.31813e+006 4 -5
1.31813e+006 2 4
1.31837e+006 2 4
1.31838e+006 4 10
1.31838e+006 1 4
1.31863e+006 2 4
1.31863e+006 4 2
1.31863e+006 1 4
1.31888e+006 1 4
1.31888e+006 4 -4
1.31889e+006 2 4
1.31913e+006 2 4
1.31913e+006 4 4
1.31913e+006 1 4
1.31938e+006 2 4
1.31939e+006 4 9
1.31939e+006 1 4
1.31964e+006 1 4
1.31964e+006 4 -16
1.31965e+006 2 4
1.31989e+006 1 4
1.31989e+006 4 -6
1.31989e+006 2 4
1.32014e+006 1 4
1.32014e+006 4 -36
1.32017e+006 2 4
1.32039e+006 1 4
1.32039e+006 4 -43
1.32043e+006 2 4
1.32064e+006 1 4
1.32064e+006 4 -33
1.32067e+006 2 4
1.32089e+006 1 4
1.32089e+006 4 -44
1.32094e+006 2 4
1.32114e+006 1 4
1.32114e+006 4 -23
1.32117e+006 2 4
1.32138e+006 2 4
1.32139e+006 4 19
1.32139e+006 1 4
1.32164e+006 2 4
1.32165e+006 4 4
1.32165e+006 1 4
1.32189e+006 2 4
1.3219e+006 4 7
1.3219e+006 1 4
1.32215e+006 1 4
1.32215e+006 4 -8
1.32216e+006 2 4
1.3224e+006 1 4
1.3224e+006 4 -24
1.32242e+006 2 4
1.32265e+006 1 4
1.32265e+006 4 -52
1.3227e+006 2 4
1.3229e+006 1 4
1.3229e+006 4 -3
1.3229e+006 2 4
1.32313e+006 2 4
1.32315e+006 4 19
1.32315e+006 1 4
1.3234e+006 2 4
1.3234e+006 4 1
1.3234e+006 1 4
1.32365e+006 2 4
1.32365e+006 4 4
1.32365e+006 1 4
1.3239e+006 1 4
1.3239e+006 4 -19
1.32392e+006 2 4
1.32416e+006 1 4
1.32416e+006 4 -18
1.32417e+006 2 4
1.32441e+006 1 4
1.32441e+006 4 -15
1.32442e+006 2 4
1.32466e+006 1 4
1.32466e+006 4 -35
1.32469e+006 2 4
1.32491e+006 1 4
1.32518e+006 2 4
1.32543e+006 2 4
1.32569e+006 2 4
1.32597e+006 2 4
1.32624e+006 2 4
1.32649e+006 2 4
1.32677e+006 2 4
1.32704e+006 2 4
1.32732e+006 2 4
1.32761e+006 2 4
1.32786e+006 2 4
1.32815e+006 2 4
1.32843e+006 2 4
1.32871e+006 2 4
1.32899e+006 2 4
1.32929e+006 2 4
1.32957e+006 2 4
1.32985e+006 2 4
1.33513e+006 1 5
1.33533e+006 1 5
1.33546e+006 2 5
1.33554e+006 4 71
1.33554e+006 1 5
1.3357e+006 2 5
1.33574e+006 4 38
1.33574e+006 1 5
1.33591e+006 2 5
1.33594e+006 4 31
1.33594e+006 1 5
1.33611e+006 2 5
1.33614e+006 4 31
1.33614e+006 1 5
1.33633e+006 2 5
1.33634e+006 4 13
1.33634e+006 1 5
1.33654e+006 1 5
1.33654e+006 4 -2
1.33654e+006 2 5
1.33674e+006 1 5
1.33674e+006 4 -13
1.33676e+006 2 5
1.33694e+006 1 5
1.33694e+006 4 -37
1.33698e+006 2 5
1.33714e+006 1 5
1.33714e+006 4 -32
1.33718e+006 2 5
1.33735e+006 1 5
1.33735e+006 4 -33
1.33738e+006 2 5
1.33755e+006 1 5
1.33755e+006 4 -19
1.33757e+006 2 5
1.33774e+006 2 5
1.33775e+006 4 11
1.33775e+006 1 5
1.33793e+006 2 5
1.33795e+006 4 20
1.33795e+006 1 5
1.33813e+006 2 5
1.33815e+006 4 16
1.33815e+006 1 5
1.33832e+006 2 5
1.33835e+006 4 27
1.33835e+006 1 5
1.33855e+006 1 5
1.33855e+006 4 -10
1.33856e+006 2 5
1.33875e+006 1 5
1.33875e+006 4 -7
1.33876e+006 2 5
1.33895e+006 1 5
1.33895e+006 4 -22
1.33898e+006 2 5
1.33916e+006 1 5
1.33916e+006 4 -30
1.33919e+006 2 5
1.33936e+006 1 5
1.33936e+006 4 -46
1.3394e+006 2 5
1.33956e+006 1 5
1.33956e+006 4 -58
1.33962e+006 2 5
1.33976e+006 1 5
1.33976e+006 4 -68
1.33983e+006 2 5
1.33996e+006 1 5
1.33996e+006 4 -67
1.34003e+006 2 5
1.34016e+006 1 5
1.34016e+006 4 -76
1.34024e+006 2 5
1.34036e+006 1 5
1.34036e+006 4 -83
1.34044e+006 2 5
1.34056e+006 1 5
1.34056e+006 4 -80
1.34064e+006 2 5
1.34076e+006 1 5
1.34104e+006 2 5
1.34125e+006 2 5
1.34149e+006 2 5
1.34172e+006 2 5
1.34193e+006 2 5
1.34217e+006 2 5
1.34238e+006 2 5
1.34261e+006 2 5
1.34283e+006 2 5
1.34305e+006 2 5
1.34326e+006 2 5
1.34349e+006 2 5
1.34372e+006 2 5
1.34395e+006 2 5
1.34419e+006 2 5
1.34439e+006 2 5
1.34463e+006 2 5
1.35079e+006 1 1
1.35163e+006 2 1
1.35179e+006 4 161
1.35179e+006 1 1
1.35247e+006 2 1
1.35279e+006 4 321
1.35279e+006 1 1
1.35362e+006 2 1
1.35379e+006 4 170
1.35379e+006 1 1
1.35463e+006 2 1
1.35479e+006 4 166
1.35479e+006 1 1
1.3556e+006 2 1
1.35579e+006 4 195
1.35579e+006 1 1
1.35659e+006 2 1
1.35679e+006 4 206
1.35679e+006 1 1
1.3576e+006 2 1
1.3578e+006 4 200
1.3578e+006 1 1
1.35864e+006 2 1
1.3588e+006 4 156
1.3588e+006 1 1
1.35965e+006 2 1
1.3598e+006 4 145
1.3598e+006 1 1
1.36065e+006 2 1
1.3608e+006 4 153
1.3608e+006 1 1
1.36165e+006 2 1
1.3618e+006 4 146
1.3618e+006 1 1
1.36264e+006 2 1
1.3628e+006 4 159
1.3628e+006 1 1
1.36357e+006 2 1
1.3638e+006 4 230
1.3638e+006 1 1
1.36457e+006 2 1
1.3648e+006 4 238
1.3648e+006 1 1
1.36562e+006 2 1
1.36581e+006 4 186
1.36581e+006 1 1
1.36663e+006 2 1
1.36681e+006 4 178
1.36681e+006 1 1
1.36762e+006 2 1
1.36781e+006 4 191
1.36781e+006 1 1
1.36862e+006 2 1
1.36881e+006 4 191
1.36881e+006 1 1
1.36962e+006 2 1
1.36981e+006 4 189
1.36981e+006 1 1
1.37057e+006 2 1
1.37081e+006 4 245
1.37081e+006 1 1
1.37147e+006 2 1
1.37181e+006 4 345
1.37181e+006 1 1
1.37259e+006 2 1
1.37281e+006 4 220
1.37281e+006 1 1
1.37362e+006 2 1
1.37382e+006 4 196
1.37382e+006 1 1
1.37462e+006 2 1
1.37482e+006 4 197
1.37482e+006 1 1
1.37569e+006 2 1
1.37649e+006 2 1
1.37727e+006 2 1
1.37801e+006 2 1
1.37876e+006 2 1
1.3794e+006 2 1
1.38e+006 2 1
1.3807e+006 2 1
1.3814e+006 2 1
1.38208e+006 2 1
1.38273e+006 2 1
1.38333e+006 2 1
1.38393e+006 2 1
1.38448e+006 2 1
1.385e+006 2 1
1.38545e+006 2 1
1.38598e+006 2 1
1.38656e+006 2 1
1.38719e+006 2 1
1.3878e+006 2 1
1.38839e+006 2 1
1.38899e+006 2 1
1.38955e+006 2 1
1.39017e+006 2 1
1.39073e+006 2 1
1.39135e+006 2 1
1.39192e+006 2 1
1.3926e+006 2 1
1.39327e+006 2 1
1.39395e+006 2 1
1.39456e+006 2 1
1.37482e+006 5 150
1.40009e+006 1 4
1.40031e+006 2 4
1.40034e+006 4 32
1.40034e+006 1 4
1.40059e+006 2 4
1.40059e+006 4 6
1.40059e+006 1 4
1.40082e+006 2 4
1.40084e+006 4 28
1.40084e+006 1 4
1.40109e+006 2 4
1.40109e+006 4 6
1.40109e+006 1 4
1.40134e+006 2 4
1.40135e+006 4 8
1.40135e+006 1 4
1.4016e+006 1 4
1.4016e+006 4 -9
1.40161e+006 2 4
1.40185e+006 1 4
1.40185e+006 4 -1
1.40185e+006 2 4
1.4021e+006 1 4
1.4021e+006 4 -24
1.40212e+006 2 4
1.40235e+006 1 4
1.40235e+006 4 -33
1.40238e+006 2 4
1.4026e+006 1 4
1.4026e+006 4 -14
1.40261e+006 2 4
1.40284e+006 2 4
1.40285e+006 4 15
1.40285e+006 1 4
1.40307e+006 2 4
1.4031e+006 4 33
1.4031e+006 1 4
1.40335e+006 1 4
1.40335e+006 4 -4
1.40336e+006 2 4
1.4036e+006 2 4
1.4036e+006 4 4
1.4036e+006 1 4
1.40384e+006 2 4
1.40386e+006 4 21
1.40386e+006 1 4
1.40411e+006 1 4
1.40411e+006 4 -9
1.40412e+006 2 4
1.40436e+006 1 4
1.40436e+006 4 -11
1.40437e+006 2 4
1.40461e+006 2 4
1.40461e+006 4 2
1.40461e+006 1 4
1.40486e+006 1 4
1.40486e+006 4 -15
1.40488e+006 2 4
1.40511e+006 1 4
1.40511e+006 4 -32
1.40515e+006 2 4
1.40536e+006 1 4
1.40536e+006 4 -18
1.40538e+006 2 4
1.40561e+006 2 4
1.40562e+006 4 2
1.40562e+006 1 4
1.40586e+006 2 4
1.40587e+006 4 10
1.40587e+006 1 4
1.40612e+006 1 4
1.40612e+006 4 -5
1.40612e+006 2 4
1.40637e+006 2 4
1.40637e+006 4 2
1.40637e+006 1 4
1.40662e+006 1 4
1.40662e+006 4 -10
1.40663e+006 2 4
1.40687e+006 1 4
1.40687e+006 4 -8
1.40688e+006 2 4
1.40712e+006 1 4
1.40712e+006 4 -7
1.40713e+006 2 4
1.40737e+006 1 4
1.40737e+006 4 -4
1.40738e+006 2 4
1.40762e+006 2 4
1.40762e+006 4 2
1.40762e+006 1 4
1.40788e+006 2 4
1.40815e+006 2 4
1.40848e+006 2 4
1.4088e+006 2 4
1.40912e+006 2 4
1.40952e+006 2 4
1.40986e+006 2 4
1.41026e+006 2 4
1.41068e+006 2 4
1.4111e+006 2 4
1.41148e+006 2 4
1.4119e+006 2 4
1.41236e+006 2 4
1.41785e+006 1 5
1.41805e+006 1 5
1.41805e+006 4 -2
1.41805e+006 2 5
1.41825e+006 1 5
1.41825e+006 4 -51
1.4183e+006 2 5
1.41845e+006 1 5
1.41845e+006 4 -46
1.4185e+006 2 5
1.41865e+006 1 5
1.41865e+006 4 -15
1.41867e+006 2 5
1.41885e+006 1 5
1.41885e+006 4 -9
1.41886e+006 2 5
1.41904e+006 2 5
1.41905e+006 4 13
1.41905e+006 1 5
1.41923e+006 2 5
1.41926e+006 4 25
1.41926e+006 1 5
1.41942e+006 2 5
1.41946e+006 4 35
1.41946e+006 1 5
1.41961e+006 2 5
1.41966e+006 4 50
1.41966e+006 1 5
1.41983e+006 2 5
1.41986e+006 4 33
1.41986e+006 1 5
1.42003e+006 2 5
1.42006e+006 4 34
1.42006e+006 1 5
1.42022e+006 2 5
1.42026e+006 4 40
1.42026e+006 1 5
1.42041e+006 2 5
1.42046e+006 4 53
1.42046e+006 1 5
1.42062e+006 2 5
1.42066e+006 4 44
1.42066e+006 1 5
1.42082e+006 2 5
1.42086e+006 4 42
1.42086e+006 1 5
1.42102e+006 2 5
1.42107e+006 4 44
1.42107e+006 1 5
1.42124e+006 2 5
1.42127e+006 4 31
1.42127e+006 1 5
1.42144e+006 2 5
1.42147e+006 4 26
1.42147e+006 1 5
1.42164e+006 2 5
1.42167e+006 4 30
1.42167e+006 1 5
1.42186e+006 2 5
1.42187e+006 4 9
1.42187e+006 1 5
1.42206e+006 2 5
1.42207e+006 4 6
1.42207e+006 1 5
1.42226e+006 2 5
1.42227e+006 4 14
1.42227e+006 1 5
1.42246e+006 2 5
1.42247e+006 4 15
1.42247e+006 1 5
1.42264e+006 2 5
1.42267e+006 4 30
1.42267e+006 1 5
1.42285e+006 2 5
1.42288e+006 4 30
1.42288e+006 1 5
1.42305e+006 2 5
1.42308e+006 4 25
1.42308e+006 1 5
1.42326e+006 2 5
1.42346e+006 2 5
1.4237e+006 2 5
1.42392e+006 2 5
1.42411e+006 2 5
1.4243e+006 2 5
1.4245e+006 2 5
1.42469e+006 2 5
1.42488e+006 2 5
1.42508e+006 2 5
1.42528e+006 2 5
1.42548e+006 2 5
1.42567e+006 2 5
1.42588e+006 2 5
1.42607e+006 2 5
1.42627e+006 2 5
1.42647e+006 2 5
1.42668e+006 2 5
1.42693e+006 2 5
1.4331e+006 1 1
1.4331e+006 4 -233
1.43333e+006 2 1
1.4341e+006 1 1
1.4341e+006 4 -105
1.43421e+006 2 1
1.43501e+006 2 1
1.4351e+006 4 93
1.4351e+006 1 1
1.43591e+006 2 1
1.4361e+006 4 191
1.4361e+006 1 1
1.4369e+006 2 1
1.4371e+006 4 204
1.4371e+006 1 1
1.43788e+006 2 1
1.43811e+006 4 221
1.43811e+006 1 1
1.43875e+006 2 1
1.43911e+006 4 357
1.43911e+006 1 1
1.43991e+006 2 1
1.44011e+006 4 200
1.44011e+006 1 1
1.44092e+006 2 1
1.44111e+006 4 189
1.44111e+006 1 1
1.44195e+006 2 1
1.44211e+006 4 161
1.44211e+006 1 1
1.44288e+006 2 1
1.44311e+006 4 230
1.44311e+006 1 1
1.44395e+006 2 1
1.44411e+006 4 166
1.44411e+006 1 1
1.44498e+006 2 1
1.44511e+006 4 135
1.44511e+006 1 1
1.44587e+006 2 1
1.44612e+006 4 243
1.44612e+006 1 1
1.44686e+006 2 1
1.44712e+006 4 257
1.44712e+006 1 1
1.44785e+006 2 1
1.44812e+006 4 265
1.44812e+006 1 1
1.44882e+006 2 1
1.44912e+006 4 298
1.44912e+006 1 1
1.44989e+006 2 1
1.45012e+006 4 230
1.45012e+006 1 1
1.45093e+006 2 1
1.45112e+006 4 191
1.45112e+006 1 1
1.45189e+006 2 1
1.45212e+006 4 230
1.45212e+006 1 1
1.45291e+006 2 1
1.45312e+006 4 217
1.45312e+006 1 1
1.45384e+006 2 1
1.45412e+006 4 283
1.45412e+006 1 1
1.45412e+006 4 -136
1.45426e+006 2 1
1.45482e+006 2 1
1.45512e+006 4 301
1.45512e+006 1 1
1.45512e+006 4 -429
1.45555e+006 2 1
1.45613e+006 1 1
1.45686e+006 2 1
1.45713e+006 4 269
1.45713e+006 1 1
1.458e+006 2 1
1.45813e+006 4 125
1.45813e+006 1 1
1.459e+006 2 1
1.45913e+006 4 126
1.45913e+006 1 1
1.45994e+006 2 1
1.46013e+006 4 188
1.46013e+006 1 1
1.46099e+006 2 1
1.46113e+006 4 143
1.46113e+006 1 1
1.46196e+006 2 1
1.46213e+006 4 172
1.46213e+006 1 1
1.46295e+006 2 1
1.46313e+006 4 187
1.46313e+006 1 1
1.46393e+006 2 1
1.46414e+006 4 203
1.46414e+006 1 1
1.46497e+006 2 1
1.46595e+006 2 1
1.46695e+006 2 1
1.46794e+006 2 1
1.46894e+006 2 1
1.46991e+006 2 1
1.47088e+006 2 1
1.4718e+006 2 1
1.4728e+006 2 1
1.47386e+006 2 1
1.47477e+006 2 1
1.47571e+006 2 1
1.47674e+006 2 1
1.47762e+006 2 1
1.47864e+006 2 1
1.47965e+006 2 1
1.48062e+006 2 1
1.4816e+006 2 1
1.48263e+006 2 1
1.48354e+006 2 1
1.49116e+006 1 0.5
1.49116e+006 4 -280
1.49144e+006 2 0.5
1.49116e+006 4 -853
1.49201e+006 2 0.5
1.49316e+006 2 0.5
1.49316e+006 4 2
1.49316e+006 1 0.5
1.49494e+006 2 0.5
1.49516e+006 4 225
1.49516e+006 1 0.5
1.49688e+006 2 0.5
1.49717e+006 4 288
1.49717e+006 1 0.5
1.49904e+006 2 0.5
1.49917e+006 4 131
1.49917e+006 1 0.5
1.50097e+006 2 0.5
1.50117e+006 4 196
1.50117e+006 1 0.5
1.50305e+006 2 0.5
1.50317e+006 4 117
1.50317e+006 1 0.5
1.50492e+006 2 0.5
1.50517e+006 4 246
1.50517e+006 1 0.5
1.50689e+006 2 0.5
1.50717e+006 4 283
1.50717e+006 1 0.5
1.50889e+006 2 0.5
1.50917e+006 4 282
1.50917e+006 1 0.5
1.51079e+006 2 0.5
1.51117e+006 4 385
1.51117e+006 1 0.5
1.51279e+006 2 0.5
1.51317e+006 4 381
1.51317e+006 1 0.5
1.51491e+006 2 0.5
1.51518e+006 4 266
1.51518e+006 1 0.5
1.51685e+006 2 0.5
1.51718e+006 4 329
1.51718e+006 1 0.5
1.51901e+006 2 0.5
1.51918e+006 4 171
1.51918e+006 1 0.5
1.52084e+006 2 0.5
1.52115e+006 2 0.5
1.52118e+006 4 27
1.52118e+006 1 0.5
1.52275e+006 2 0.5
1.52318e+006 4 430
1.52318e+006 1 0.5
1.52495e+006 2 0.5
1.52518e+006 4 232
1.52518e+006 1 0.5
1.52703e+006 2 0.5
1.52718e+006 4 156
1.52718e+006 1 0.5
1.52904e+006 2 0.5
1.52918e+006 4 142
1.52918e+006 1 0.5
1.53102e+006 2 0.5
1.53118e+006 4 165
1.53118e+006 1 0.5
1.5331e+006 2 0.5
1.53319e+006 4 88
1.53319e+006 1 0.5
1.53508e+006 2 0.5
1.53519e+006 4 104
1.53519e+006 1 0.5
1.53706e+006 2 0.5
1.53719e+006 4 124
1.53719e+006 1 0.5
1.53915e+006 2 0.5
1.53919e+006 4 43
1.53919e+006 1 0.5
1.54095e+006 2 0.5
1.54119e+006 4 240
1.54119e+006 1 0.5
1.54295e+006 2 0.5
1.54319e+006 4 237
1.54319e+006 1 0.5
1.54495e+006 2 0.5
1.54696e+006 2 0.5
1.54926e+006 2 0.5
1.55133e+006 2 0.5
1.55349e+006 2 0.5
1.55541e+006 2 0.5
1.55744e+006 2 0.5
1.5595e+006 2 0.5
1.56153e+006 2 0.5
1.56363e+006 2 0.5
1.56566e+006 2 0.5
1.56755e+006 2 0.5
1.56947e+006 2 0.5
1.57134e+006 2 0.5
1.57331e+006 2 0.5
1.57518e+006 2 0.5
1.57709e+006 2 0.5
1.57959e+006 2 0.5
1.5816e+006 2 0.5
1.58871e+006 1 2
1.58899e+006 2 2
1.58922e+006 4 229
1.58922e+006 1 2
1.58922e+006 4 -166
1.58938e+006 2 2
1.58971e+006 2 2
1.58972e+006 4 10
1.58972e+006 1 2
1.59013e+006 2 2
1.59022e+006 4 89
1.59022e+006 1 2
1.59066e+006 2 2
1.59072e+006 4 59
1.59072e+006 1 2
1.59115e+006 2 2
1.59122e+006 4 68
1.59122e+006 1 2
1.59164e+006 2 2
1.59172e+006 4 80
1.59172e+006 1 2
1.59216e+006 2 2
1.59222e+006 4 64
1.59222e+006 1 2
1.59267e+006 2 2
1.59272e+006 4 57
1.59272e+006 1 2
1.59316e+006 2 2
1.59322e+006 4 69
1.59322e+006 1 2
1.59363e+006 2 2
1.59373e+006 4 98
1.59373e+006 1 2
1.59418e+006 2 2
1.59423e+006 4 42
1.59423e+006 1 2
1.5947e+006 2 2
1.59473e+006 4 28
1.59473e+006 1 2
1.59518e+006 2 2
1.59523e+006 4 49
1.59523e+006 1 2
1.59566e+006 2 2
1.59573e+006 4 66
1.59573e+006 1 2
1.59616e+006 2 2
1.59623e+006 4 76
1.59623e+006 1 2
1.59666e+006 2 2
1.59673e+006 4 76
1.59673e+006 1 2
1.59717e+006 2 2
1.59723e+006 4 62
1.59723e+006 1 2
1.59766e+006 2 2
1.59774e+006 4 80
1.59774e+006 1 2
1.59817e+006 2 2
1.59824e+006 4 63
1.59824e+006 1 2
1.59868e+006 2 2
1.59874e+006 4 56
1.59874e+006 1 2
1.59915e+006 2 2
1.59924e+006 4 93
1.59924e+006 1 2
1.5997e+006 2 2
1.59974e+006 4 37
1.59974e+006 1 2
1.60017e+006 2 2
1.60024e+006 4 74
1.60024e+006 1 2
1.60065e+006 2 2
1.60074e+006 4 91
1.60074e+006 1 2
1.60117e+006 2 2
1.60124e+006 4 71
1.60124e+006 1 2
1.60166e+006 2 2
1.60174e+006 4 79
1.60174e+006 1 2
1.60215e+006 2 2
1.60224e+006 4 98
1.60224e+006 1 2
1.60264e+006 2 2
1.60315e+006 2 2
1.60368e+006 2 2
1.60424e+006 2 2
1.60477e+006 2 2
1.60521e+006 2 2
1.60575e+006 2 2
1.60628e+006 2 2
1.60676e+006 2 2
1.60732e+006 2 2
1.60785e+006 2 2
1.60838e+006 2 2
1.60896e+006 2 2
1.60947e+006 2 2
1.60996e+006 2 2
1.61051e+006 2 2
1.61101e+006 2 2
1.61152e+006 2 2
1.61198e+006 2 2
1.61793e+006 1 1.5
1.61793e+006 4 -207
1.61814e+006 2 1.5
1.6186e+006 1 1.5
1.6186e+006 4 -172
1.61877e+006 2 1.5
1.61925e+006 2 1.5
1.61927e+006 4 17
1.61927e+006 1 1.5
1.61988e+006 2 1.5
1.61993e+006 4 55
1.61993e+006 1 1.5
1.62051e+006 2 1.5
1.6206e+006 4 87
1.6206e+006 1 1.5
1.62121e+006 2 1.5
1.62127e+006 4 59
1.62127e+006 1 1.5
1.62193e+006 2 1.5
1.62194e+006 4 8
1.62194e+006 1 1.5
1.62255e+006 2 1.5
1.6226e+006 4 49
1.6226e+006 1 1.5
1.6232e+006 2 1.5
1.62327e+006 4 66
1.62327e+006 1 1.5
1.62392e+006 2 1.5
1.62394e+006 4 22
1.62394e+006 1 1.5
1.62456e+006 2 1.5
1.6246e+006 2 1.5
1.6246e+006 4 6
1.6246e+006 1 1.5
1.62519e+006 2 1.5
1.62527e+006 4 82
1.62527e+006 1 1.5
1.62579e+006 2 1.5
1.62594e+006 4 144
1.62594e+006 1 1.5
1.62652e+006 2 1.5
1.62661e+006 4 88
1.62661e+006 1 1.5
1.62713e+006 2 1.5
1.62727e+006 4 139
1.62727e+006 1 1.5
1.62781e+006 2 1.5
1.62794e+006 4 127
1.62794e+006 1 1.5
1.62853e+006 2 1.5
1.62861e+006 4 78
1.62861e+006 1 1.5
1.62913e+006 2 1.5
1.62927e+006 4 144
1.62927e+006 1 1.5
1.62981e+006 2 1.5
1.62994e+006 4 136
1.62994e+006 1 1.5
1.63044e+006 2 1.5
1.63061e+006 4 168
1.63061e+006 1 1.5
1.63108e+006 2 1.5
1.63128e+006 4 193
1.63128e+006 1 1.5
1.63177e+006 2 1.5
1.63194e+006 4 176
1.63194e+006 1 1.5
1.6324e+006 2 1.5
1.63261e+006 4 214
1.63261e+006 1 1.5
1.63309e+006 2 1.5
1.63328e+006 4 188
1.63328e+006 1 1.5
1.63377e+006 2 1.5
1.63394e+006 4 171
1.63394e+006 1 1.5
1.63438e+006 2 1.5
1.63461e+006 4 235
1.63461e+006 1 1.5
1.63501e+006 2 1.5
1.63528e+006 4 264
1.63528e+006 1 1.5
1.63575e+006 2 1.5
1.63595e+006 4 198
1.63595e+006 1 1.5
1.63647e+006 2 1.5
1.63661e+006 4 146
1.63661e+006 1 1.5
1.6371e+006 2 1.5
1.63728e+006 4 177
1.63728e+006 1 1.5
1.63785e+006 2 1.5
1.63795e+006 4 98
1.63795e+006 1 1.5
1.63838e+006 2 1.5
1.63861e+006 4 235
1.63861e+006 1 1.5
1.63912e+006 2 1.5
1.63928e+006 4 159
1.63928e+006 1 1.5
1.63976e+006 2 1.5
1.63995e+006 4 184
1.63995e+006 1 1.5
1.6405e+006 2 1.5
1.64114e+006 2 1.5
1.64185e+006 2 1.5
1.64251e+006 2 1.5
1.64325e+006 2 1.5
1.64392e+006 2 1.5
1.64461e+006 2 1.5
1.64521e+006 2 1.5
1.64587e+006 2 1.5
1.64654e+006 2 1.5
1.64719e+006 2 1.5
1.64783e+006 2 1.5
1.64854e+006 2 1.5
1.64919e+006 2 1.5
1.64985e+006 2 1.5
1.65044e+006 2 1.5
1.6511e+006 2 1.5
1.65177e+006 2 1.5
1.65246e+006 2 1.5
1.65301e+006 2 1.5
1.65862e+006 1 3
1.65889e+006 2 3
1.65896e+006 4 65
1.65896e+006 1 3
1.65922e+006 2 3
1.65929e+006 4 73
1.65929e+006 1 3
1.65956e+006 2 3
1.65963e+006 4 63
1.65963e+006 1 3
1.65992e+006 2 3
1.65996e+006 4 41
1.65996e+006 1 3
1.66025e+006 2 3
1.66029e+006 4 43
1.66029e+006 1 3
1.66061e+006 2 3
1.66063e+006 4 17
1.66063e+006 1 3
1.66096e+006 1 3
1.66096e+006 4 -10
1.66097e+006 2 3
1.66128e+006 2 3
1.6613e+006 4 18
1.6613e+006 1 3
1.66163e+006 1 3
1.66163e+006 4 -3
1.66163e+006 2 3
1.66197e+006 1 3
1.66197e+006 4 -12
1.66198e+006 2 3
1.66225e+006 2 3
1.6623e+006 4 45
1.6623e+006 1 3
1.66263e+006 2 3
1.66263e+006 4 1
1.66263e+006 1 3
1.66297e+006 1 3
1.66297e+006 4 -4
1.66297e+006 2 3
1.6633e+006 1 3
1.6633e+006 4 -11
1.66331e+006 2 3
1.66364e+006 1 3
1.66364e+006 4 -20
1.66366e+006 2 3
1.66397e+006 1 3
1.66397e+006 4 -0
1.66397e+006 2 3
1.66429e+006 2 3
1.66431e+006 4 16
1.66431e+006 1 3
1.66461e+006 2 3
1.66464e+006 4 25
1.66464e+006 1 3
1.66497e+006 1 3
1.66497e+006 4 -1
1.66497e+006 2 3
1.66529e+006 2 3
1.66531e+006 4 16
1.66531e+006 1 3
1.66562e+006 2 3
1.66564e+006 4 26
1.66564e+006 1 3
1.66595e+006 2 3
1.66598e+006 4 26
1.66598e+006 1 3
1.66628e+006 2 3
1.66631e+006 4 36
1.66631e+006 1 3
1.66662e+006 2 3
1.66665e+006 4 28
1.66665e+006 1 3
1.66695e+006 2 3
1.66698e+006 4 34
1.66698e+006 1 3
1.66725e+006 2 3
1.66731e+006 4 60
1.66731e+006 1 3
1.66761e+006 2 3
1.66765e+006 4 36
1.66765e+006 1 3
1.66796e+006 2 3
1.66852e+006 2 3
1.6691e+006 2 3
1.66973e+006 2 3
1.67043e+006 2 3
1.67113e+006 2 3
1.67175e+006 2 3
1.6724e+006 2 3
1.67302e+006 2 3
1.67367e+006 2 3
1.66765e+006 5 0
1.68133e+006 1 0.5
1.68333e+006 1 0.5
1.68333e+006 4 -236
1.68357e+006 2 0.5
1.6851e+006 2 0.5
1.68533e+006 4 230
1.68533e+006 1 0.5
1.68694e+006 2 0.5
1.68734e+006 4 395
1.68734e+006 1 0.5
1.6889e+006 2 0.5
1.68934e+006 4 434
1.68934e+006 1 0.5
1.69098e+006 2 0.5
1.69134e+006 4 361
1.69134e+006 1 0.5
1.69309e+006 2 0.5
1.69334e+006 4 245
1.69334e+006 1 0.5
1.69522e+006 2 0.5
1.69534e+006 4 120
1.69534e+006 1 0.5
1.69713e+006 2 0.5
1.69734e+006 4 213
1.69734e+006 1 0.5
1.69893e+006 2 0.5
1.69934e+006 4 416
1.69934e+006 1 0.5
1.70109e+006 2 0.5
1.70135e+006 4 257
1.70135e+006 1 0.5
1.70306e+006 2 0.5
1.70335e+006 4 283
1.70335e+006 1 0.5
1.7049e+006 2 0.5
1.70535e+006 4 446
1.70535e+006 1 0.5
1.70691e+006 2 0.5
1.70735e+006 4 437
1.70735e+006 1 0.5
1.70899e+006 2 0.5
1.70935e+006 4 357
1.70935e+006 1 0.5
1.71107e+006 2 0.5
1.71135e+006 4 283
1.71135e+006 1 0.5
1.71311e+006 2 0.5
1.71335e+006 4 247
1.71335e+006 1 0.5
1.71502e+006 2 0.5
1.71535e+006 4 332
1.71535e+006 1 0.5
1.71699e+006 2 0.5
1.71736e+006 4 370
1.71736e+006 1 0.5
1.71896e+006 2 0.5
1.71936e+006 4 401
1.71936e+006 1 0.5
1.72087e+006 2 0.5
1.72136e+006 4 489
1.72136e+006 1 0.5
1.72298e+006 2 0.5
1.72336e+006 4 375
1.72336e+006 1 0.5
1.72481e+006 2 0.5
1.72536e+006 4 554
1.72536e+006 1 0.5
1.72694e+006 2 0.5
1.72736e+006 4 423
1.72736e+006 1 0.5
1.72918e+006 2 0.5
1.72936e+006 4 187
1.72936e+006 1 0.5
1.7311e+006 2 0.5
1.73136e+006 4 267
1.73136e+006 1 0.5
1.73319e+006 2 0.5
1.73337e+006 4 172
1.73337e+006 1 0.5
1.73508e+006 2 0.5
1.73537e+006 4 289
1.73537e+006 1 0.5
1.73698e+006 2 0.5
1.73737e+006 4 391
1.73737e+006 1 0.5
1.73919e+006 2 0.5
1.73937e+006 4 177
1.73937e+006 1 0.5
1.74107e+006 2 0.5
1.74137e+006 4 304
1.74137e+006 1 0.5
1.7431e+006 2 0.5
1.74337e+006 4 275
1.74337e+006 1 0.5
1.7452e+006 2 0.5
1.74537e+006 4 175
1.74537e+006 1 0.5
1.7471e+006 2 0.5
1.7488e+006 2 0.5
1.75034e+006 2 0.5
1.75192e+006 2 0.5
1.75358e+006 2 0.5
1.7551e+006 2 0.5
1.7566e+006 2 0.5
1.75813e+006 2 0.5
1.75967e+006 2 0.5
1.76111e+006 2 0.5
1.7623e+006 2 0.5
1.76334e+006 2 0.5
1.76442e+006 2 0.5
1.76548e+006 2 0.5
1.76648e+006 2 0.5
1.76752e+006 2 0.5
1.76855e+006 2 0.5
1.76955e+006 2 0.5
1.77056e+006 2 0.5
1.7715e+006 2 0.5
1.77247e+006 2 0.5
1.77344e+006 2 0.5
1.77439e+006 2 0.5
1.77536e+006 2 0.5
1.77633e+006 2 0.5
1.7773e+006 2 0.5
1.77821e+006 2 0.5
1.77919e+006 2 0.5
1.78019e+006 2 0.5
1.78108e+006 2 0.5
1.78202e+006 2 0.5
1.78296e+006 2 0.5
1.78407e+006 2 0.5
1.78499e+006 2 0.5
1.79106e+006 1 1.5
1.79173e+006 1 1.5
1.7924e+006 1 1.5
1.79306e+006 1 1.5
1.7937e+006 2 1.5
1.79373e+006 4 32
1.79373e+006 1 1.5
1.7944e+006 1 1.5
1.7944e+006 4 -131
1.79453e+006 2 1.5
1.79507e+006 1 1.5
1.79507e+006 4 -46
1.79511e+006 2 1.5
1.79573e+006 2 1.5
1.79573e+006 4 4
1.79573e+006 1 1.5
1.79636e+006 2 1.5
1.7964e+006 4 40
1.7964e+006 1 1.5
1.79707e+006 1 1.5
1.79773e+006 1 1.5
1.7984e+006 1 1.5
1.79907e+006 1 1.5
1.79907e+006 4 -109
1.79918e+006 2 1.5
1.79974e+006 1 1.5
1.79974e+006 4 -126
1.79986e+006 2 1.5
1.8004e+006 1 1.5
1.8004e+006 4 -90
1.80049e+006 2 1.5
1.80097e+006 2 1.5
1.80107e+006 4 96
1.80107e+006 1 1.5
1.80167e+006 2 1.5
1.80174e+006 4 69
1.80174e+006 1 1.5
1.80227e+006 2 1.5
1.8024e+006 4 130
1.8024e+006 1 1.5
1.80307e+006 2 1.5
1.80307e+006 4 1
1.80307e+006 1 1.5
1.8037e+006 2 1.5
1.80374e+006 4 38
1.80374e+006 1 1.5
1.80426e+006 2 1.5
1.80441e+006 4 150
1.80441e+006 1 1.5
1.80491e+006 2 1.5
1.80507e+006 4 160
1.80507e+006 1 1.5
1.80557e+006 2 1.5
1.80574e+006 4 173
1.80574e+006 1 1.5
1.80627e+006 2 1.5
1.80641e+006 4 139
1.80641e+006 1 1.5
1.80693e+006 2 1.5
1.80707e+006 4 144
1.80707e+006 1 1.5
1.80759e+006 2 1.5
1.80774e+006 4 148
1.80774e+006 1 1.5
1.80827e+006 2 1.5
1.80841e+006 4 140
1.80841e+006 1 1.5
1.80892e+006 2 1.5
1.80908e+006 4 152
1.80908e+006 1 1.5
1.80964e+006 2 1.5
1.81016e+006 2 1.5
1.8106e+006 2 1.5
1.81097e+006 2 1.5
1.81132e+006 2 1.5
1.81167e+006 2 1.5
1.81201e+006 2 1.5
1.81234e+006 2 1.5
1.81265e+006 2 1.5
1.81297e+006 2 1.5
1.81327e+006 2 1.5
1.81359e+006 2 1.5
1.81392e+006 2 1.5
1.81423e+006 2 1.5
1.81455e+006 2 1.5
1.8149e+006 2 1.5
1.81523e+006 2 1.5
1.81558e+006 2 1.5
1.81596e+006 2 1.5
1.81642e+006 2 1.5
1.81692e+006 2 1.5
1.81739e+006 2 1.5
1.81786e+006 2 1.5
1.81833e+006 2 1.5
1.81884e+006 2 1.5
1.81936e+006 2 1.5
1.81991e+006 2 1.5
1.8204e+006 2 1.5
1.82095e+006 2 1.5
1.82147e+006 2 1.5
1.82199e+006 2 1.5
1.82762e+006 1 5
1.82782e+006 1 5
1.82796e+006 2 5
1.82802e+006 4 61
1.82802e+006 1 5
1.82818e+006 2 5
1.82822e+006 4 44
1.82822e+006 1 5
1.82838e+006 2 5
1.82843e+006 4 50
1.82843e+006 1 5
1.82857e+006 2 5
1.82863e+006 4 59
1.82863e+006 1 5
1.82879e+006 2 5
1.82883e+006 4 41
1.82883e+006 1 5
1.82901e+006 2 5
1.82903e+006 4 22
1.82903e+006 1 5
1.82922e+006 2 5
1.82923e+006 4 10
1.82923e+006 1 5
1.82942e+006 2 5
1.82943e+006 4 8
1.82943e+006 1 5
1.82961e+006 2 5
1.82963e+006 4 19
1.82963e+006 1 5
1.82982e+006 2 5
1.82983e+006 4 14
1.82983e+006 1 5
1.83003e+006 2 5
1.83003e+006 4 9
1.83003e+006 1 5
1.83022e+006 2 5
1.83024e+006 4 14
1.83024e+006 1 5
1.83041e+006 2 5
1.83044e+006 4 25
1.83044e+006 1 5
1.83063e+006 2 5
1.83064e+006 4 9
1.83064e+006 1 5
1.83084e+006 1 5
1.83084e+006 4 -6
1.83084e+006 2 5
1.83104e+006 1 5
1.83104e+006 4 -19
1.83106e+006 2 5
1.83124e+006 1 5
1.83124e+006 4 -6
1.83125e+006 2 5
1.83143e+006 2 5
1.83144e+006 4 9
1.83144e+006 1 5
1.83163e+006 2 5
1.83164e+006 4 8
1.83164e+006 1 5
1.83184e+006 1 5
1.83184e+006 4 -0
1.83184e+006 2 5
1.83205e+006 1 5
1.83205e+006 4 -9
1.83205e+006 2 5
1.83225e+006 1 5
1.83225e+006 4 -0
1.83225e+006 2 5
1.83245e+006 1 5
1.83265e+006 2 5
1.83283e+006 2 5
1.83303e+006 2 5
1.83324e+006 2 5
1.83343e+006 2 5
1.83363e+006 2 5
1.83382e+006 2 5
1.83401e+006 2 5
1.83421e+006 2 5
1.83443e+006 2 5
1.83463e+006 2 5
1.83482e+006 2 5
1.83502e+006 2 5
1.83522e+006 2 5
1.83548e+006 2 5
1.83565e+006 2 5
1.83588e+006 2 5
1.8361e+006 2 5
1.83632e+006 2 5
1.84247e+006 1 1
1.84247e+006 4 -306
1.84278e+006 2 1
1.84347e+006 1 1
1.84347e+006 4 -151
1.84362e+006 2 1
1.84436e+006 2 1
1.84447e+006 4 115
1.84447e+006 1 1
1.84536e+006 2 1
1.84548e+006 4 119
1.84548e+006 1 1
1.84624e+006 2 1
1.84648e+006 4 237
1.84648e+006 1 1
1.84732e+006 2 1
1.84748e+006 4 158
1.84748e+006 1 1
1.84835e+006 2 1
1.84848e+006 4 130
1.84848e+006 1 1
1.84928e+006 2 1
1.84948e+006 4 203
1.84948e+006 1 1
1.8503e+006 2 1
1.85048e+006 4 180
1.85048e+006 1 1
1.85125e+006 2 1
1.85148e+006 4 228
1.85148e+006 1 1
1.85216e+006 2 1
1.85248e+006 4 323
1.85248e+006 1 1
1.85312e+006 2 1
1.85349e+006 4 369
1.85349e+006 1 1
1.85417e+006 2 1
1.85449e+006 4 321
1.85449e+006 1 1
1.85516e+006 2 1
1.85549e+006 4 326
1.85549e+006 1 1
1.85627e+006 2 1
1.85649e+006 4 225
1.85649e+006 1 1
1.85732e+006 2 1
1.85749e+006 4 170
1.85749e+006 1 1
1.85833e+006 2 1
1.85849e+006 4 160
1.85849e+006 1 1
1.8592e+006 2 1
1.85949e+006 4 291
1.85949e+006 1 1
1.86024e+006 2 1
1.8605e+006 4 261
1.8605e+006 1 1
1.86121e+006 2 1
1.8615e+006 4 283
1.8615e+006 1 1
1.86214e+006 2 1
1.8625e+006 4 355
1.8625e+006 1 1
1.86304e+006 2 1
1.8635e+006 4 460
1.8635e+006 1 1
1.8645e+006 1 1
1.8645e+006 4 -185
1.86469e+006 2 1
1.86531e+006 2 1
1.8655e+006 4 191
1.8655e+006 1 1
1.86632e+006 2 1
1.8665e+006 4 181
1.8665e+006 1 1
1.86732e+006 2 1
1.8675e+006 4 182
1.8675e+006 1 1
1.86833e+006 2 1
1.86851e+006 4 175
1.86851e+006 1 1
1.86939e+006 2 1
1.86951e+006 4 121
1.86951e+006 1 1
1.87031e+006 2 1
1.87051e+006 4 200
1.87051e+006 1 1
1.87128e+006 2 1
1.87151e+006 4 224
1.87151e+006 1 1
1.87251e+006 1 1
1.87324e+006 2 1
1.87348e+006 2 1
1.87351e+006 4 30
1.87351e+006 1 1
1.87435e+006 2 1
1.87512e+006 2 1
1.87599e+006 2 1
1.87681e+006 2 1
1.87765e+006 2 1
1.87842e+006 2 1
1.87912e+006 2 1
1.87987e+006 2 1
1.8806e+006 2 1
1.88134e+006 2 1
1.88207e+006 2 1
1.8828e+006 2 1
1.88358e+006 2 1
1.88432e+006 2 1
1.88503e+006 2 1
1.88567e+006 2 1
1.88642e+006 2 1
1.88716e+006 2 1
1.88783e+006 2 1
1.88843e+006 2 1
1.88914e+006 2 1
1.88987e+006 2 1
1.89059e+006 2 1
1.89129e+006 2 1
1.89196e+006 2 1
1.89265e+006 2 1
1.89334e+006 2 1
1.89887e+006 1 3
1.8992e+006 1 3
1.8992e+006 4 -73
1.89927e+006 2 3
1.89954e+006 1 3
1.89954e+006 4 -39
1.89957e+006 2 3
1.89987e+006 2 3
1.89987e+006 4 3
1.89987e+006 1 3
1.9002e+006 1 3
1.9002e+006 4 -2
1.90021e+006 2 3
1.90053e+006 2 3
1.90054e+006 4 12
1.90054e+006 1 3
1.90086e+006 2 3
1.90087e+006 4 16
1.90087e+006 1 3
1.90118e+006 2 3
1.90121e+006 4 25
1.90121e+006 1 3
1.90154e+006 2 3
1.90154e+006 4 5
1.90154e+006 1 3
1.90188e+006 1 3
1.90188e+006 4 -3
1.90188e+006 2 3
1.90221e+006 1 3
1.90221e+006 4 -37
1.90225e+006 2 3
1.90254e+006 1 3
1.90254e+006 4 -15
1.90256e+006 2 3
1.90288e+006 1 3
1.90288e+006 4 -10
1.90289e+006 2 3
1.90321e+006 1 3
1.90321e+006 4 -32
1.90324e+006 2 3
1.90352e+006 2 3
1.90355e+006 4 30
1.90355e+006 1 3
1.90385e+006 2 3
1.90388e+006 4 32
1.90388e+006 1 3
1.90417e+006 2 3
1.90421e+006 4 43
1.90421e+006 1 3
1.90455e+006 2 3
1.90455e+006 4 2
1.90455e+006 1 3
1.90487e+006 2 3
1.90488e+006 4 14
1.90488e+006 1 3
1.90522e+006 1 3
1.90522e+006 4 -22
1.90524e+006 2 3
1.90556e+006 1 3
1.90556e+006 4 -6
1.90557e+006 2 3
1.90589e+006 2 3
1.9059e+006 4 4
1.9059e+006 1 3
1.90621e+006 2 3
1.90623e+006 4 20
1.90623e+006 1 3
1.90656e+006 2 3
1.90657e+006 4 4
1.90657e+006 1 3
1.90687e+006 2 3
1.9069e+006 4 29
1.9069e+006 1 3
1.90724e+006 1 3
1.90724e+006 4 -2
1.90724e+006 2 3
1.90755e+006 2 3
1.90757e+006 4 20
1.90757e+006 1 3
1.90791e+006 1 3
1.90791e+006 4 -43
1.90795e+006 2 3
1.90824e+006 1 3
1.90824e+006 4 -13
1.90825e+006 2 3
1.90856e+006 2 3
1.90858e+006 4 15
1.90858e+006 1 3
1.90889e+006 2 3
1.90891e+006 4 16
1.90891e+006 1 3
1.90921e+006 2 3
1.90924e+006 4 29
1.90924e+006 1 3
1.90957e+006 2 3
1.90958e+006 4 4
1.90958e+006 1 3
1.90991e+006 1 3
1.91026e+006 2 3
1.9106e+006 2 3
1.91094e+006 2 3
1.91128e+006 2 3
1.91162e+006 2 3
1.91196e+006 2 3
1.91228e+006 2 3
1.91265e+006 2 3
1.913e+006 2 3
1.91335e+006 2 3
1.9137e+006 2 3
1.91488e+006 2 3
1.91523e+006 2 3
1.9156e+006 2 3
1.91597e+006 2 3
1.91631e+006 2 3
1.9221e+006 1 2
1.9221e+006 4 -139
1.92223e+006 2 2
1.92249e+006 2 2
1.9226e+006 4 102
1.9226e+006 1 2
1.92298e+006 2 2
1.9231e+006 4 114
1.9231e+006 1 2
1.92348e+006 2 2
1.9236e+006 4 118
1.9236e+006 1 2
1.92396e+006 2 2
1.9241e+006 4 136
1.9241e+006 1 2
1.92449e+006 2 2
1.9246e+006 4 113
1.9246e+006 1 2
1.925e+006 2 2
1.9251e+006 4 99
1.9251e+006 1 2
1.92552e+006 2 2
1.9256e+006 4 84
1.9256e+006 1 2
1.92602e+006 2 2
1.9261e+006 4 87
1.9261e+006 1 2
1.92655e+006 2 2
1.9266e+006 4 54
1.9266e+006 1 2
1.92704e+006 2 2
1.92711e+006 4 62
1.92711e+006 1 2
1.92752e+006 2 2
1.92761e+006 4 85
1.92761e+006 1 2
1.92803e+006 2 2
1.92811e+006 4 82
1.92811e+006 1 2
1.9285e+006 2 2
1.92861e+006 4 104
1.92861e+006 1 2
1.92906e+006 2 2
1.92911e+006 4 49
1.92911e+006 1 2
1.92956e+006 2 2
1.92961e+006 4 52
1.92961e+006 1 2
1.93002e+006 2 2
1.93011e+006 4 88
1.93011e+006 1 2
1.93049e+006 2 2
1.93061e+006 4 118
1.93061e+006 1 2
1.931e+006 2 2
1.93111e+006 4 112
1.93111e+006 1 2
1.93152e+006 2 2
1.93162e+006 4 91
1.93162e+006 1 2
1.93205e+006 2 2
1.93212e+006 4 67
1.93212e+006 1 2
1.93255e+006 2 2
1.93262e+006 4 64
1.93262e+006 1 2
1.93306e+006 2 2
1.93312e+006 4 59
1.93312e+006 1 2
1.93351e+006 2 2
1.93362e+006 4 115
1.93362e+006 1 2
1.93396e+006 2 2
1.93412e+006 4 159
1.93412e+006 1 2
1.93451e+006 2 2
1.93462e+006 4 113
1.93462e+006 1 2
1.93497e+006 2 2
1.93512e+006 4 155
1.93512e+006 1 2
1.93548e+006 2 2
1.93562e+006 4 147
1.93562e+006 1 2
1.93599e+006 2 2
1.93613e+006 4 139
1.93613e+006 1 2
1.93648e+006 2 2
1.93663e+006 4 147
1.93663e+006 1 2
1.93702e+006 2 2
1.93713e+006 4 105
1.93713e+006 1 2
1.93753e+006 2 2
1.93763e+006 4 102
1.93763e+006 1 2
1.93803e+006 2 2
1.93844e+006 2 2
1.93891e+006 2 2
1.93945e+006 2 2
1.93995e+006 2 2
1.94048e+006 2 2
1.94103e+006 2 2
1.94158e+006 2 2
1.94211e+006 2 2
1.94268e+006 2 2
1.94322e+006 2 2
1.94379e+006 2 2
1.9443e+006 2 2
1.94481e+006 2 2
1.94531e+006 2 2
1.9458e+006 2 2
1.9463e+006 2 2
1.94677e+006 2 2
1.94728e+006 2 2
1.9529e+006 1 4
1.95315e+006 1 4
1.95315e+006 4 -101
1.95325e+006 2 4
1.9534e+006 1 4
1.9534e+006 4 -88
1.95349e+006 2 4
1.95366e+006 1 4
1.95366e+006 4 -69
1.95372e+006 2 4
1.95391e+006 1 4
1.95391e+006 4 -59
1.95397e+006 2 4
1.95416e+006 1 4
1.95416e+006 4 -47
1.95421e+006 2 4
1.95441e+006 1 4
1.95441e+006 4 -40
1.95445e+006 2 4
1.95466e+006 1 4
1.95466e+006 4 -49
1.95471e+006 2 4
1.95491e+006 1 4
1.95491e+006 4 -44
1.95496e+006 2 4
1.95516e+006 1 4
1.95516e+006 4 -35
1.9552e+006 2 4
1.95541e+006 1 4
1.95541e+006 4 -23
1.95544e+006 2 4
1.95566e+006 1 4
1.95566e+006 4 -26
1.95569e+006 2 4
1.95592e+006 1 4
1.95592e+006 4 -14
1.95593e+006 2 4
1.95617e+006 1 4
1.95617e+006 4 -3
1.95617e+006 2 4
1.95642e+006 1 4
1.95642e+006 4 -20
1.95644e+006 2 4
1.95667e+006 1 4
1.95667e+006 4 -27
1.9567e+006 2 4
1.95692e+006 1 4
1.95692e+006 4 -22
1.95694e+006 2 4
1.95717e+006 1 4
1.95717e+006 4 -38
1.95721e+006 2 4
1.95742e+006 2 4
1.95742e+006 4 1
1.95742e+006 1 4
1.95767e+006 2 4
1.95767e+006 4 5
1.95767e+006 1 4
1.95793e+006 1 4
1.95793e+006 4 -5
1.95793e+006 2 4
1.95818e+006 1 4
1.95818e+006 4 -35
1.95821e+006 2 4
1.95843e+006 1 4
1.95843e+006 4 -65
1.95849e+006 2 4
1.95868e+006 1 4
1.95868e+006 4 -44
1.95872e+006 2 4
1.95893e+006 1 4
1.95916e+006 2 4
1.95946e+006 2 4
1.9597e+006 2 4
1.95998e+006 2 4
1.96026e+006 2 4
1.96051e+006 2 4
1.96079e+006 2 4
1.96105e+006 2 4
1.96133e+006 2 4
1.96158e+006 2 4
1.96185e+006 2 4
1.96212e+006 2 4
1.96238e+006 2 4
1.96267e+006 2 4
1.96294e+006 2 4
1.96318e+006 2 4
1.96345e+006 2 4
1.96374e+006 2 4
1.95893e+006 5 30
1.97095e+006 1 0.5
1.97095e+006 4 -227
1.97118e+006 2 0.5
1.97296e+006 1 0.5
1.97296e+006 4 -215
1.97317e+006 2 0.5
1.97477e+006 2 0.5
1.97496e+006 4 182
1.97496e+006 1 0.5
1.97658e+006 2 0.5
1.97696e+006 4 383
1.97696e+006 1 0.5
1.97863e+006 2 0.5
1.97896e+006 4 333
1.97896e+006 1 0.5
1.9806e+006 2 0.5
1.98096e+006 4 358
1.98096e+006 1 0.5
1.98276e+006 2 0.5
1.98296e+006 4 200
1.98296e+006 1 0.5
1.98496e+006 1 0.5
1.98669e+006 2 0.5
1.98696e+006 4 275
1.98696e+006 1 0.5
1.98862e+006 2 0.5
1.98897e+006 4 348
1.98897e+006 1 0.5
1.99059e+006 2 0.5
1.99097e+006 4 381
1.99097e+006 1 0.5
1.99279e+006 2 0.5
1.99297e+006 4 176
1.99297e+006 1 0.5
1.99465e+006 2 0.5
1.99497e+006 4 322
1.99497e+006 1 0.5
1.9966e+006 2 0.5
1.99697e+006 4 375
1.99697e+006 1 0.5
1.99862e+006 2 0.5
1.99897e+006 4 355
1.99897e+006 1 0.5
2.00056e+006 2 0.5
2.00097e+006 4 409
2.00097e+006 1 0.5
2.00243e+006 2 0.5
2.00298e+006 4 550
2.00298e+006 1 0.5
2.00493e+006 2 0.5
2.00498e+006 4 45
2.00498e+006 1 0.5
2.00678e+006 2 0.5
2.00698e+006 4 201
2.00698e+006 1 0.5
2.00873e+006 2 0.5
2.00898e+006 4 252
2.00898e+006 1 0.5
2.01098e+006 1 0.5
2.01283e+006 2 0.5
2.01298e+006 4 154
2.01298e+006 1 0.5
2.01475e+006 2 0.5
2.01498e+006 4 231
2.01498e+006 1 0.5
2.01668e+006 2 0.5
2.01698e+006 4 303
2.01698e+006 1 0.5
2.01861e+006 2 0.5
2.01898e+006 4 376
2.01898e+006 1 0.5
2.02058e+006 2 0.5
2.02098e+006 4 409
2.02098e+006 1 0.5
2.02264e+006 2 0.5
2.02299e+006 4 346
2.02299e+006 1 0.5
2.02467e+006 2 0.5
2.02499e+006 4 322
2.02499e+006 1 0.5
2.02683e+006 2 0.5
2.02699e+006 4 161
2.02699e+006 1 0.5
2.02876e+006 2 0.5
2.02899e+006 4 225
2.02899e+006 1 0.5
2.03073e+006 2 0.5
2.03099e+006 4 264
2.03099e+006 1 0.5
2.0327e+006 2 0.5
2.03299e+006 4 296
2.03299e+006 1 0.5
2.03471e+006 2 0.5
2.03499e+006 4 281
2.03499e+006 1 0.5
2.03686e+006 2 0.5
2.037e+006 4 132
2.037e+006 1 0.5
2.03871e+006 2 0.5
2.04059e+006 2 0.5
2.04236e+006 2 0.5
2.04417e+006 2 0.5
2.04583e+006 2 0.5
2.04761e+006 2 0.5
2.04914e+006 2 0.5
2.05073e+006 2 0.5
2.05217e+006 2 0.5
2.0536e+006 2 0.5
2.05517e+006 2 0.5
2.05658e+006 2 0.5
2.05819e+006 2 0.5
2.05982e+006 2 0.5
2.06129e+006 2 0.5
2.06271e+006 2 0.5
2.0642e+006 2 0.5
2.06541e+006 2 0.5
2.06679e+006 2 0.5
2.06831e+006 2 0.5
2.06965e+006 2 0.5
2.07105e+006 2 0.5
2.07244e+006 2 0.5
2.07383e+006 2 0.5
2.0753e+006 2 0.5
2.0767e+006 2 0.5
