1840532 5 120
1842534 1 0.5
1842857 2 0.5
1842534 4 -323
1843523 2 0.5
1842534 4 -989
1844535 1 0.5
1844722 2 0.5
1844535 4 -187
1846479 2 0.5
1846537 1 0.5
1846537 4 58
1848279 2 0.5
1848539 1 0.5
1848539 4 260
1850541 1 0.5
1850646 2 0.5
1850541 4 -105
1852542 1 0.5
1852547 2 0.5
1852542 4 -5
1854543 1 0.5
1854690 2 0.5
1854543 4 -147
1856460 2 0.5
1856545 1 0.5
1856545 4 85
1858546 1 0.5
1858753 2 0.5
1858546 4 -207
1860354 2 0.5
1860547 1 0.5
1860547 4 193
1862548 1 0.5
1862597 2 0.5
1862548 4 -49
1864465 2 0.5
1864549 1 0.5
1864549 4 84
1866550 1 0.5
1866695 2 0.5
1866550 4 -145
1868551 1 0.5
1868703 2 0.5
1868551 4 -152
1870552 1 0.5
1870689 2 0.5
1870552 4 -137
1872553 1 0.5
1872697 2 0.5
1872553 4 -144
1874486 2 0.5
1874554 1 0.5
1874554 4 68
1876555 1 0.5
1876787 2 0.5
1876555 4 -232
1878552 2 0.5
1878556 1 0.5
1878556 4 4
1880557 1 0.5
1880707 2 0.5
1880557 4 -150
1882558 1 0.5
1882706 2 0.5
1882558 4 -148
1884559 1 0.5
1886805 2 0.5
1929813 1 5
1930014 1 5
1930042 2 5
1930014 4 -28
1930216 1 5
1930417 1 5
1930618 1 5
1930763 2 5
1930819 1 5
1930819 4 56
1930952 2 5
1931020 1 5
1931020 4 68
1931126 2 5
1931221 1 5
1931221 4 95
1931320 2 5
1931221 4 -99
1931423 1 5
1931494 2 5
1931423 4 -71
1931624 1 5
1931693 2 5
1931624 4 -69
1931825 1 5
1931869 2 5
1931825 4 -44
1932027 1 5
1932038 2 5
1932027 4 -11
1932228 1 5
1932262 2 5
1932228 4 -34
1932429 1 5
1932452 2 5
1932429 4 -23
1932630 1 5
1932633 2 5
1932630 4 -3
1932825 2 5
1932832 1 5
1932832 4 7
1933007 2 5
1933033 1 5
1933033 4 26
1933184 2 5
1933234 1 5
1933234 4 50
1933370 2 5
1933436 1 5
1933436 4 66
1933551 2 5
1933638 1 5
1933638 4 87
1933724 2 5
1933638 4 -86
1933839 1 5
1933926 2 5
1933839 4 -87
1934040 1 5
1934113 2 5
1934040 4 -73
1934241 1 5
1934300 2 5
1934241 4 -59
1934442 1 5
1934496 2 5
1934442 4 -54
1934643 1 5
1934701 2 5
1934643 4 -58
1934844 1 5
1934909 2 5
1934844 4 -65
1935045 1 5
1935091 2 5
1935045 4 -46
1935246 1 5
1935502 2 5
1935709 2 5
1935939 2 5
1936113 2 5
1936313 2 5
1936506 2 5
1936687 2 5
1936874 2 5
1937053 2 5
1937242 2 5
1937424 2 5
1937591 2 5
1937767 2 5
1937949 2 5
1938119 2 5
1938299 2 5
1938474 2 5
1938638 2 5
1938826 2 5
1939001 2 5
1939171 2 5
1944935 1 1.5
1945561 2 1.5
1945602 1 1.5
1945602 4 41
1946270 1 1.5
1946301 2 1.5
1946270 4 -31
1946893 2 1.5
1946937 1 1.5
1946937 4 44
1947568 2 1.5
1947604 1 1.5
1947604 4 36
1948191 2 1.5
1948271 1 1.5
1948271 4 80
1948865 2 1.5
1948987 1 1.5
1948987 4 122
1949543 2 1.5
1949654 1 1.5
1949654 4 111
1950234 2 1.5
1950321 1 1.5
1950321 4 87
1950914 2 1.5
1950988 1 1.5
1950988 4 74
1951624 2 1.5
1951656 1 1.5
1951656 4 32
1952311 2 1.5
1952323 1 1.5
1952323 4 12
1952906 2 1.5
1952990 1 1.5
1952990 4 84
1953594 2 1.5
1953657 1 1.5
1953657 4 63
1954296 2 1.5
1954325 1 1.5
1954325 4 29
1954946 2 1.5
1954992 1 1.5
1954992 4 46
1955632 2 1.5
1955659 1 1.5
1955659 4 27
1956249 2 1.5
1956326 1 1.5
1956326 4 77
1956936 2 1.5
1956994 1 1.5
1956994 4 58
1957613 2 1.5
1957661 1 1.5
1957661 4 48
1958286 2 1.5
1958329 1 1.5
1958329 4 43
1958889 2 1.5
1958996 1 1.5
1958996 4 107
1959558 2 1.5
1959664 1 1.5
1959664 4 106
1960228 2 1.5
1960331 1 1.5
1960331 4 103
1960924 2 1.5
1960998 1 1.5
1960998 4 74
1961612 2 1.5
1961665 1 1.5
1961665 4 53
1962197 2 1.5
1962332 1 1.5
1962332 4 135
1962962 2 1.5
1962999 1 1.5
1962999 4 37
1963579 2 1.5
1963667 1 1.5
1963667 4 88
1964275 2 1.5
1964334 1 1.5
1964334 4 59
1964941 2 1.5
1965571 2 1.5
1966220 2 1.5
1966916 2 1.5
1967520 2 1.5
1968171 2 1.5
1968972 2 1.5
1969621 2 1.5
1970337 2 1.5
1971111 2 1.5
1971972 2 1.5
1972988 2 1.5
1973989 2 1.5
1975049 2 1.5
1976077 2 1.5
1977103 2 1.5
1983035 1 4
1983286 1 4
1983466 2 4
1983538 1 4
1983538 4 72
1983759 2 4
1983790 1 4
1983790 4 31
1984028 2 4
1984042 1 4
1984042 4 14
1984286 2 4
1984293 1 4
1984293 4 7
1984525 2 4
1984544 1 4
1984544 4 19
1984772 2 4
1984795 1 4
1984795 4 23
1985032 2 4
1985046 1 4
1985046 4 14
1985280 2 4
1985297 1 4
1985297 4 17
1985500 2 4
1985549 1 4
1985549 4 49
1985736 2 4
1985800 1 4
1985800 4 64
1985975 2 4
1986051 1 4
1986051 4 76
1986242 2 4
1986303 1 4
1986303 4 61
1986494 2 4
1986554 1 4
1986554 4 60
1986734 2 4
1986805 1 4
1986805 4 71
1986978 2 4
1987057 1 4
1987057 4 79
1987223 2 4
1987309 1 4
1987309 4 86
1987444 2 4
1987560 1 4
1987560 4 116
1987654 2 4
1987560 4 -94
1987811 1 4
1987886 2 4
1987811 4 -75
1988063 1 4
1988161 2 4
1988063 4 -98
1988315 1 4
1988420 2 4
1988315 4 -105
1988566 1 4
1988752 2 4
1988817 1 4
1988817 4 65
1989012 2 4
1989068 1 4
1989068 4 56
1989269 2 4
1989320 1 4
1989320 4 51
1989501 2 4
1989571 1 4
1989571 4 70
1989731 2 4
1989823 1 4
1989823 4 92
1989978 2 4
1990074 1 4
1990074 4 96
1990228 2 4
1990325 1 4
1990325 4 97
1990471 2 4
1990577 1 4
1990577 4 106
1990800 2 4
1990828 1 4
1990828 4 28
1991042 2 4
1991458 2 4
1991850 2 4
1992249 2 4
1992677 2 4
1993130 2 4
1993673 2 4
1994245 2 4
1994906 2 4
1995603 2 4
2001454 1 2
2001649 2 2
2001454 4 -195
2001955 1 2
2002136 2 2
2001955 4 -181
2002457 1 2
2002469 2 2
2002457 4 -12
2002956 2 2
2002959 1 2
2002959 4 3
2003431 2 2
2003460 1 2
2003460 4 29
2003880 2 2
2003962 1 2
2003962 4 82
2004388 2 2
2004463 1 2
2004463 4 75
2004896 2 2
2004965 1 2
2004965 4 69
2005377 2 2
2005466 1 2
2005466 4 89
2005874 2 2
2005967 1 2
2005967 4 93
2006404 2 2
2006468 1 2
2006468 4 64
2006938 2 2
2006970 1 2
2006970 4 32
2007411 2 2
2007471 1 2
2007471 4 60
2007907 2 2
2007973 1 2
2007973 4 66
2008407 2 2
2008474 1 2
2008474 4 67
2008886 2 2
2008975 1 2
2008975 4 89
2009394 2 2
2009476 1 2
2009476 4 82
2009919 2 2
2009978 1 2
2009978 4 59
2010373 2 2
2010480 1 2
2010480 4 107
2010911 2 2
2010981 1 2
2010981 4 70
2011406 2 2
2011483 1 2
2011483 4 77
2011904 2 2
2011984 1 2
2011984 4 80
2012409 2 2
2012485 1 2
2012485 4 76
2012917 2 2
2012986 1 2
2012986 4 69
2013363 2 2
2013488 1 2
2013488 4 125
2013888 2 2
2013990 1 2
2013990 4 102
2014491 1 2
2014491 2 2
2014491 4 -0
2014826 2 2
2014992 1 2
2014992 4 166
2015316 2 2
2015493 1 2
2015493 4 177
2015788 2 2
2016194 2 2
2016579 2 2
2016944 2 2
2017329 2 2
2017703 2 2
2018099 2 2
2018545 2 2
2018968 2 2
2019388 2 2
2019812 2 2
2020245 2 2
2020725 2 2
2021222 2 2
2021728 2 2
2022280 2 2
2022867 2 2
2023605 2 2
2024593 2 2
2031516 1 1
2031717 2 1
2031516 4 -201
2032517 1 1
2032677 2 1
2032517 4 -160
2033518 1 1
2033627 2 1
2033518 4 -109
2034477 2 1
2034519 1 1
2034519 4 42
2035520 1 1
2035567 2 1
2035520 4 -47
2036354 2 1
2036521 1 1
2036521 4 167
2037437 2 1
2037522 1 1
2037522 4 85
2038480 2 1
2038523 1 1
2038523 4 43
2039478 2 1
2039525 1 1
2039525 4 47
2040399 2 1
2040526 1 1
2040526 4 127
2041445 2 1
2041528 1 1
2041528 4 83
2042431 2 1
2042529 1 1
2042529 4 98
2043475 2 1
2043530 1 1
2043530 4 55
2044381 2 1
2044531 1 1
2044531 4 150
2045410 2 1
2045533 1 1
2045533 4 123
2046446 2 1
2046534 1 1
2046534 4 88
2047476 2 1
2047535 1 1
2047535 4 59
2048415 2 1
2048537 1 1
2048537 4 122
2049419 2 1
2049538 1 1
2049538 4 119
2050532 2 1
2050540 1 1
2050540 4 8
2051390 2 1
2051541 1 1
2051541 4 151
2052425 2 1
2052542 1 1
2052542 4 117
2053377 2 1
2053544 1 1
2053544 4 167
2054438 2 1
2054545 1 1
2054545 4 107
2055457 2 1
2055546 1 1
2055546 4 89
2056472 2 1
2057535 2 1
2058618 2 1
2059698 2 1
2060638 2 1
2061632 2 1
2062629 2 1
2063712 2 1
2064776 2 1
2065899 2 1
2067122 2 1
2080902 1 3
2081153 2 3
2081236 1 3
2081236 4 83
2081495 2 3
2081571 1 3
2081571 4 76
2081852 2 3
2081905 1 3
2081905 4 53
2082193 2 3
2082240 1 3
2082240 4 47
2082544 2 3
2082574 1 3
2082574 4 30
2082875 2 3
2082908 1 3
2082908 4 33
2083185 2 3
2083242 1 3
2083242 4 57
2083544 2 3
2083577 1 3
2083577 4 33
2083881 2 3
2083911 1 3
2083911 4 30
2084215 2 3
2084246 1 3
2084246 4 31
2084542 2 3
2084580 1 3
2084580 4 38
2084840 2 3
2084915 1 3
2084915 4 75
2085174 2 3
2085249 1 3
2085249 4 75
2085485 2 3
2085583 1 3
2085583 4 98
2085817 2 3
2085918 1 3
2085918 4 101
2086160 2 3
2086252 1 3
2086252 4 92
2086507 2 3
2086587 1 3
2086587 4 80
2086849 2 3
2086921 1 3
2086921 4 72
2087183 2 3
2087255 1 3
2087255 4 72
2087497 2 3
2087589 1 3
2087589 4 92
2087844 2 3
2087923 1 3
2087923 4 79
2088157 2 3
2088258 1 3
2088258 4 101
2088528 2 3
2088592 1 3
2088592 4 64
2088871 2 3
2088926 1 3
2088926 4 55
2089193 2 3
2089575 2 3
2089957 2 3
2090337 2 3
2090747 2 3
2091139 2 3
2091564 2 3
2091960 2 3
2092348 2 3
2092738 2 3
2093126 2 3
2093531 2 3
2093934 2 3
2094330 2 3
2094695 2 3
2095074 2 3
2095423 2 3
2342905 3 638
2342904 5 30
2344907 1 0.5
2345205 2 0.5
2344907 4 -298
2345739 2 0.5
2344907 4 -832
2346908 1 0.5
2347067 2 0.5
2346908 4 -159
2348909 1 0.5
2349050 2 0.5
2348909 4 -141
2350772 2 0.5
2350911 1 0.5
2350911 4 139
2352839 2 0.5
2352912 1 0.5
2352912 4 73
2354914 1 0.5
2355008 2 0.5
2354914 4 -94
2356916 1 0.5
2357016 2 0.5
2356916 4 -100
2358764 2 0.5
2358918 1 0.5
2358918 4 154
2360857 2 0.5
2360919 1 0.5
2360919 4 62
2362802 2 0.5
2362920 1 0.5
2362920 4 118
2364921 1 0.5
2365007 2 0.5
2364921 4 -86
2366800 2 0.5
2366923 1 0.5
2366923 4 123
2368751 2 0.5
2368924 1 0.5
2368924 4 173
2370598 2 0.5
2370925 1 0.5
2370925 4 327
2372926 1 0.5
2372986 2 0.5
2372926 4 -60
2374614 2 0.5
2374927 1 0.5
2374927 4 313
2376928 1 0.5
2377030 2 0.5
2376928 4 -102
2378925 2 0.5
2378929 1 0.5
2378929 4 4
2380930 1 0.5
2380954 2 0.5
2380930 4 -24
2382857 2 0.5
2382932 1 0.5
2382932 4 75
2384933 1 0.5
2384958 2 0.5
2384933 4 -25
2386915 2 0.5
2386934 1 0.5
2386934 4 19
2388751 2 0.5
2388936 1 0.5
2388936 4 185
2390937 1 0.5
2391085 2 0.5
2390937 4 -148
2392938 1 0.5
2393006 2 0.5
2392938 4 -68
2394939 1 0.5
2395007 2 0.5
2394939 4 -68
2396940 1 0.5
2397094 2 0.5
2396940 4 -154
2398941 1 0.5
2399091 2 0.5
2398941 4 -150
2400942 1 0.5
2401045 2 0.5
2400942 4 -103
2402846 2 0.5
2402944 1 0.5
2402944 4 98
2404946 1 0.5
2405088 2 0.5
2404946 4 -142
2406947 1 0.5
2408885 2 0.5
2410881 2 0.5
2413017 2 0.5
2414932 2 0.5
2416937 2 0.5
2418774 2 0.5
2420682 2 0.5
2422599 2 0.5
2424443 2 0.5
2426246 2 0.5
2428093 2 0.5
2430078 2 0.5
2431980 2 0.5
2433935 2 0.5
2435849 2 0.5
2437752 2 0.5
2439650 2 0.5
2441719 2 0.5
2443920 2 0.5
2445876 2 0.5
2452529 1 1.5
2453000 2 1.5
2453197 1 1.5
2453197 4 197
2453808 2 1.5
2453864 1 1.5
2453864 4 56
2454410 2 1.5
2454531 1 1.5
2454531 4 121
2455113 2 1.5
2455199 1 1.5
2455199 4 86
2455805 2 1.5
2455866 1 1.5
2455866 4 61
2456423 2 1.5
2456534 1 1.5
2456534 4 111
2457074 2 1.5
2457202 1 1.5
2457202 4 128
2457778 2 1.5
2457869 1 1.5
2457869 4 91
2458432 2 1.5
2458536 1 1.5
2458536 4 104
2459076 2 1.5
2459203 1 1.5
2459203 4 127
2459763 2 1.5
2459871 1 1.5
2459871 4 108
2460465 2 1.5
2460538 1 1.5
2460538 4 73
2461108 2 1.5
2461205 1 1.5
2461205 4 97
2461751 2 1.5
2461872 1 1.5
2461872 4 121
2462408 2 1.5
2462539 1 1.5
2462539 4 131
2463078 2 1.5
2463206 1 1.5
2463206 4 128
2463823 2 1.5
2463874 1 1.5
2463874 4 51
2464512 2 1.5
2464541 1 1.5
2464541 4 29
2465094 2 1.5
2465208 1 1.5
2465208 4 114
2465868 2 1.5
2465875 1 1.5
2465875 4 7
2466489 2 1.5
2466542 1 1.5
2466542 4 53
2467110 2 1.5
2467209 1 1.5
2467209 4 99
2467802 2 1.5
2467877 1 1.5
2467877 4 75
2468476 2 1.5
2468544 1 1.5
2468544 4 68
2469143 2 1.5
2469212 1 1.5
2469212 4 69
2469879 1 1.5
2470435 2 1.5
2470978 2 1.5
2471503 2 1.5
2471978 2 1.5
2472366 2 1.5
2472647 2 1.5
2472908 2 1.5
2473098 2 1.5
2473295 2 1.5
2473460 2 1.5
2473628 2 1.5
2473778 2 1.5
2473925 2 1.5
2474074 2 1.5
2474228 2 1.5
2474376 2 1.5
2474522 2 1.5
2474683 2 1.5
2474843 2 1.5
2475003 2 1.5
2475170 2 1.5
2475329 2 1.5
2475497 2 1.5
2475656 2 1.5
2475820 2 1.5
2475993 2 1.5
2476156 2 1.5
2476330 2 1.5
2476499 2 1.5
2476671 2 1.5
2476843 2 1.5
2477015 2 1.5
2477183 2 1.5
2477357 2 1.5
2477539 2 1.5
2477714 2 1.5
2477887 2 1.5
2478068 2 1.5
2478239 2 1.5
2478421 2 1.5
2478599 2 1.5
2478778 2 1.5
2478955 2 1.5
2479141 2 1.5
2479327 2 1.5
2479532 2 1.5
2479712 2 1.5
2479931 2 1.5
2480110 2 1.5
2480309 2 1.5
2480506 2 1.5
2480695 2 1.5
2480882 2 1.5
2481076 2 1.5
2481297 2 1.5
2481495 2 1.5
2481689 2 1.5
2481883 2 1.5
2482079 2 1.5
2482270 2 1.5
2482471 2 1.5
2482674 2 1.5
2482869 2 1.5
2483068 2 1.5
2488722 1 2
2488901 2 2
2488722 4 -179
2489223 1 2
2489381 2 2
2489223 4 -158
2489724 1 2
2489726 2 2
2489724 4 -2
2490178 2 2
2490225 1 2
2490225 4 47
2490670 2 2
2490727 1 2
2490727 4 57
2491183 2 2
2491229 1 2
2491229 4 46
2491701 2 2
2491731 1 2
2491731 4 30
2492152 2 2
2492232 1 2
2492232 4 80
2492653 2 2
2492733 1 2
2492733 4 80
2493152 2 2
2493234 1 2
2493234 4 82
2493608 2 2
2493735 1 2
2493735 4 127
2494102 2 2
2494236 1 2
2494236 4 134
2494634 2 2
2494737 1 2
2494737 4 103
2495162 2 2
2495238 1 2
2495238 4 76
2495623 2 2
2495740 1 2
2495740 4 117
2496165 2 2
2496241 1 2
2496241 4 76
2496661 2 2
2496742 1 2
2496742 4 81
2497173 2 2
2497244 1 2
2497244 4 71
2497673 2 2
2497745 1 2
2497745 4 72
2498158 2 2
2498246 1 2
2498246 4 88
2498660 2 2
2498748 1 2
2498748 4 88
2499189 2 2
2499249 1 2
2499249 4 60
2499644 2 2
2499750 1 2
2499750 4 106
2500185 2 2
2500251 1 2
2500251 4 66
2500690 2 2
2500752 1 2
2500752 4 62
2501182 2 2
2501253 1 2
2501253 4 71
2501700 2 2
2501754 1 2
2501754 4 54
2502164 2 2
2502255 1 2
2502255 4 91
2502639 2 2
2502756 1 2
2502756 4 117
2503123 2 2
2503257 1 2
2503257 4 134
2503689 2 2
2503758 1 2
2503758 4 69
2504197 2 2
2504260 1 2
2504260 4 63
2504652 2 2
2504761 1 2
2504761 4 109
2505138 2 2
2505262 1 2
2505262 4 124
2505607 2 2
2505940 2 2
2506220 2 2
2506490 2 2
2506741 2 2
2507061 2 2
2507252 2 2
2507500 2 2
2507675 2 2
2507873 2 2
2508065 2 2
2508249 2 2
2508429 2 2
2508616 2 2
2508786 2 2
2508973 2 2
2509143 2 2
2509327 2 2
2509511 2 2
2509703 2 2
2509893 2 2
2510082 2 2
2510270 2 2
2510466 2 2
2510651 2 2
2510835 2 2
2511015 2 2
2511193 2 2
2511381 2 2
2511555 2 2
2511739 2 2
2511925 2 2
2512113 2 2
2512306 2 2
2512495 2 2
2512679 2 2
2512865 2 2
2513052 2 2
2513243 2 2
2513420 2 2
2513606 2 2
2513779 2 2
2513965 2 2
2514174 2 2
2514350 2 2
2514539 2 2
2514737 2 2
2514919 2 2
2515114 2 2
2515307 2 2
2520637 1 4
2520888 1 4
2521072 2 4
2521139 1 4
2521139 4 67
2521374 2 4
2521391 1 4
2521391 4 17
2521641 2 4
2521642 1 4
2521642 4 1
2521886 2 4
2521893 1 4
2521893 4 7
2522127 2 4
2522144 1 4
2522144 4 17
2522362 2 4
2522395 1 4
2522395 4 33
2522569 2 4
2522646 1 4
2522646 4 77
2522837 2 4
2522897 1 4
2522897 4 60
2523109 2 4
2523148 1 4
2523148 4 39
2523375 2 4
2523399 1 4
2523399 4 24
2523612 2 4
2523650 1 4
2523650 4 38
2523849 2 4
2523902 1 4
2523902 4 53
2524085 2 4
2524154 1 4
2524154 4 69
2524335 2 4
2524406 1 4
2524406 4 71
2524606 2 4
2524657 1 4
2524657 4 51
2524845 2 4
2524909 1 4
2524909 4 64
2525073 2 4
2525160 1 4
2525160 4 87
2525303 2 4
2525411 1 4
2525411 4 108
2525555 2 4
2525662 1 4
2525662 4 107
2525823 2 4
2525914 1 4
2525914 4 91
2526056 2 4
2526166 1 4
2526166 4 110
2526297 2 4
2526417 1 4
2526417 4 120
2526567 2 4
2526669 1 4
2526669 4 102
2526828 2 4
2526920 1 4
2526920 4 92
2527079 2 4
2527171 1 4
2527171 4 92
2527319 2 4
2527422 1 4
2527422 4 103
2527574 2 4
2527673 1 4
2527673 4 99
2527828 2 4
2527924 1 4
2527924 4 96
2528061 2 4
2528175 1 4
2528175 4 114
2528503 2 4
2528828 2 4
2529190 2 4
2529505 2 4
2529788 2 4
2530095 2 4
2530369 2 4
2530629 2 4
2530886 2 4
2531098 2 4
2531336 2 4
2531522 2 4
2531726 2 4
2531910 2 4
2532092 2 4
2532273 2 4
2532471 2 4
2532644 2 4
2532822 2 4
2533008 2 4
2533181 2 4
2538398 1 5
2538599 1 5
2538630 2 5
2538599 4 -31
2538800 1 5
2538873 2 5
2538800 4 -73
2539001 1 5
2539055 2 5
2539001 4 -54
2539202 1 5
2539272 2 5
2539202 4 -70
2539403 1 5
2539490 2 5
2539403 4 -87
2539604 1 5
2539699 2 5
2539604 4 -95
2539806 1 5
2539913 2 5
2540008 1 5
2540008 4 95
2540123 2 5
2540209 1 5
2540209 4 86
2540323 2 5
2540410 1 5
2540410 4 87
2540522 2 5
2540612 1 5
2540612 4 90
2540714 2 5
2540813 1 5
2540813 4 99
2540918 2 5
2541014 1 5
2541014 4 96
2541140 2 5
2541215 1 5
2541215 4 75
2541365 2 5
2541517 1 5
2541684 2 5
2541719 1 5
2541719 4 35
2541900 2 5
2541921 1 5
2541921 4 21
2542108 2 5
2542122 1 5
2542122 4 14
2542324 1 5
2542328 2 5
2542324 4 -4
2542525 1 5
2542532 2 5
2542525 4 -7
2542727 1 5
2542727 2 5
2542727 4 -0
2542928 1 5
2542946 2 5
2542928 4 -18
2543129 1 5
2543141 2 5
2543129 4 -12
2543326 2 5
2543330 1 5
2543330 4 4
2543529 2 5
2543532 1 5
2543532 4 3
2543733 1 5
2543930 2 5
2544136 2 5
2544354 2 5
2544545 2 5
2544755 2 5
2544953 2 5
2545150 2 5
2545343 2 5
2545560 2 5
2545747 2 5
2545942 2 5
2546128 2 5
2546326 2 5
2546531 2 5
2546735 2 5
2546973 2 5
2547193 2 5
2547396 2 5
2547591 2 5
2553757 1 1
2554758 1 1
2554993 2 1
2554758 4 -235
2555759 1 1
2555785 2 1
2555759 4 -26
2556683 2 1
2556760 1 1
2556760 4 77
2557755 2 1
2557761 1 1
2557761 4 6
2558677 2 1
2558762 1 1
2558762 4 85
2559709 2 1
2559764 1 1
2559764 4 55
2560691 2 1
2560765 1 1
2560765 4 74
2561667 2 1
2561766 1 1
2561766 4 99
2562723 2 1
2562767 1 1
2562767 4 44
2563768 1 1
2563770 2 1
2563768 4 -2
2564724 2 1
2564769 1 1
2564769 4 45
2565690 2 1
2565770 1 1
2565770 4 80
2566743 2 1
2566771 1 1
2566771 4 28
2567740 2 1
2567772 1 1
2567772 4 32
2568774 1 1
2568846 2 1
2568774 4 -72
2569775 1 1
2569795 2 1
2569775 4 -20
2570692 2 1
2570776 1 1
2570776 4 84
2571723 2 1
2571777 1 1
2571777 4 54
2572721 2 1
2572779 1 1
2572779 4 58
2573746 2 1
2573780 1 1
2573780 4 34
2574755 2 1
2574781 1 1
2574781 4 26
2575738 2 1
2575782 1 1
2575782 4 44
2576707 2 1
2576783 1 1
2576783 4 76
2577766 2 1
2577784 1 1
2577784 4 18
2578785 1 1
2578849 2 1
2578785 4 -64
2579613 2 1
2579786 1 1
2579786 4 173
2580674 2 1
2580787 1 1
2580787 4 113
2581745 2 1
2581788 1 1
2581788 4 43
2582700 2 1
2582790 1 1
2582790 4 90
2583716 2 1
2583792 1 1
2583792 4 76
2584645 2 1
2609149 1 3
2609483 1 3
2609817 1 3
2609956 2 3
2609817 4 -139
2610151 1 3
2610342 2 3
2610485 1 3
2610485 4 143
2610708 2 3
2610819 1 3
2610819 4 111
2611062 2 3
2611153 1 3
2611153 4 91
2611445 2 3
2611488 1 3
2611488 4 43
2611787 2 3
2611822 1 3
2611822 4 35
2612151 2 3
2612156 1 3
2612156 4 5
2612483 2 3
2612490 1 3
2612490 4 7
2612801 2 3
2612824 1 3
2612824 4 23
2613116 2 3
2613158 1 3
2613158 4 42
2613459 2 3
2613492 1 3
2613492 4 33
2613780 2 3
2613826 1 3
2613826 4 46
2614132 2 3
2614161 1 3
2614161 4 29
2614439 2 3
2614495 1 3
2614495 4 56
2614792 2 3
2614829 1 3
2614829 4 37
2615133 2 3
2615163 1 3
2615163 4 30
2615440 2 3
2615498 1 3
2615498 4 58
2615785 2 3
2615833 1 3
2615833 4 48
2616108 2 3
2616168 1 3
2616168 4 60
2616437 2 3
2616503 1 3
2616503 4 66
2616783 2 3
2616837 1 3
2616837 4 54
2617129 2 3
2617171 1 3
2617171 4 42
2617491 2 3
2617505 1 3
2617505 4 14
2617808 2 3
2617840 1 3
2617840 4 32
2618141 2 3
2618174 1 3
2618174 4 33
2618450 2 3
2618509 1 3
2618509 4 59
2618786 2 3
2618843 1 3
2618843 4 57
2619109 2 3
2619178 1 3
2619178 4 69
2619463 2 3
2619512 1 3
2619512 4 49
2619801 2 3
2620092 2 3
2620371 2 3
2620623 2 3
2620870 2 3
2621078 2 3
2621306 2 3
2621490 2 3
2621724 2 3
2621917 2 3
2622121 2 3
2622325 2 3
2622526 2 3
2622716 2 3
2622909 2 3
2623122 2 3
2623304 2 3
2623509 2 3
2623692 2 3
2623885 2 3
2624067 2 3
2624263 2 3
2624440 2 3
2624633 2 3
2624829 2 3
2625020 2 3
2625209 2 3
2625407 2 3
2625589 2 3
2625766 2 3
2625949 2 3
2626144 2 3
2705945 3 1049
2705944 5 90
2706947 1 1
2707948 1 1
2708885 2 1
2708950 1 1
2708950 4 65
2709920 2 1
2709952 1 1
2709952 4 32
2710953 1 1
2711021 2 1
2710953 4 -68
2711903 2 1
2711955 1 1
2711955 4 52
2712957 1 1
2712962 2 1
2712957 4 -5
2713856 2 1
2713958 1 1
2713958 4 102
2714958 2 1
2714959 1 1
2714959 4 1
2715920 2 1
2715960 1 1
2715960 4 40
2716868 2 1
2716961 1 1
2716961 4 93
2717892 2 1
2717962 1 1
2717962 4 70
2718964 1 1
2719048 2 1
2718964 4 -84
2719957 2 1
2719965 1 1
2719965 4 8
2720955 2 1
2720966 1 1
2720966 4 11
2721967 1 1
2722043 2 1
2721967 4 -76
2722829 2 1
2722968 1 1
2722968 4 139
2723889 2 1
2723970 1 1
2723970 4 81
2724857 2 1
2724971 1 1
2724971 4 114
2725818 2 1
2725972 1 1
2725972 4 154
2726848 2 1
2726973 1 1
2726973 4 125
2727911 2 1
2727975 1 1
2727975 4 64
2728884 2 1
2728977 1 1
2728977 4 93
2729822 2 1
2729979 1 1
2729979 4 157
2730920 2 1
2730980 1 1
2730980 4 60
2731895 2 1
2732879 2 1
2733854 2 1
2734814 2 1
2735707 2 1
2736617 2 1
2737487 2 1
2738388 2 1
2739239 2 1
2740235 2 1
2741138 2 1
2742021 2 1
2742911 2 1
2743790 2 1
2744628 2 1
2745444 2 1
2746270 2 1
2747150 2 1
2748001 2 1
2748849 2 1
2749741 2 1
2750605 2 1
2756673 1 1.5
2757140 2 1.5
2757340 1 1.5
2757340 4 200
2757522 2 1.5
2757340 4 -182
2757953 2 1.5
2758007 1 1.5
2758007 4 54
2758612 2 1.5
2758674 1 1.5
2758674 4 62
2759342 1 1.5
2759357 2 1.5
2759342 4 -15
2759976 2 1.5
2760010 1 1.5
2760010 4 34
2760641 2 1.5
2760678 1 1.5
2760678 4 37
2761336 2 1.5
2761346 1 1.5
2761346 4 10
2762013 1 1.5
2762052 2 1.5
2762013 4 -39
2762483 2 1.5
2762680 1 1.5
2762680 4 197
2763221 2 1.5
2763347 1 1.5
2763347 4 126
2763881 2 1.5
2764014 1 1.5
2764014 4 133
2764535 2 1.5
2764681 1 1.5
2764681 4 146
2765201 2 1.5
2765348 1 1.5
2765348 4 147
2765891 2 1.5
2766015 1 1.5
2766015 4 124
2766544 2 1.5
2766683 1 1.5
2766683 4 139
2767262 2 1.5
2767350 1 1.5
2767350 4 88
2767934 2 1.5
2768017 1 1.5
2768017 4 83
2768582 2 1.5
2768684 1 1.5
2768684 4 102
2769242 2 1.5
2769351 1 1.5
2769351 4 109
2769891 2 1.5
2770018 1 1.5
2770018 4 127
2770588 2 1.5
2770686 1 1.5
2770686 4 98
2771270 2 1.5
2771353 1 1.5
2771353 4 83
2771892 2 1.5
2772020 1 1.5
2772020 4 128
2772624 2 1.5
2772688 1 1.5
2772688 4 64
2773306 2 1.5
2773355 1 1.5
2773355 4 49
2773927 2 1.5
2774022 1 1.5
2774022 4 95
2774627 2 1.5
2774689 1 1.5
2774689 4 62
2775199 2 1.5
2775356 1 1.5
2775356 4 157
2775905 2 1.5
2776023 1 1.5
2776023 4 118
2776533 2 1.5
2776690 1 1.5
2776690 4 157
2777220 2 1.5
2777357 1 1.5
2777357 4 137
2777922 2 1.5
2778025 1 1.5
2778025 4 103
2778578 2 1.5
2779163 2 1.5
2779751 2 1.5
2780350 2 1.5
2780892 2 1.5
2781421 2 1.5
2781960 2 1.5
2782514 2 1.5
2783034 2 1.5
2783537 2 1.5
2783992 2 1.5
2784409 2 1.5
2784790 2 1.5
2785144 2 1.5
2785506 2 1.5
2785851 2 1.5
2786188 2 1.5
2786526 2 1.5
2786855 2 1.5
2787187 2 1.5
2787485 2 1.5
2787779 2 1.5
2788040 2 1.5
2788270 2 1.5
2788467 2 1.5
2788672 2 1.5
2788856 2 1.5
2789039 2 1.5
2789214 2 1.5
2789382 2 1.5
2789569 2 1.5
2789739 2 1.5
2789905 2 1.5
2790069 2 1.5
2790393 2 1.5
2790532 2 1.5
2790836 2 1.5
2790986 2 1.5
2791140 2 1.5
2791299 2 1.5
2791457 2 1.5
2798472 1 0.5
2798731 2 0.5
2798472 4 -259
2800019 2 0.5
2800474 1 0.5
2800474 4 455
2802347 2 0.5
2802475 1 0.5
2802475 4 128
2804476 1 0.5
2804561 2 0.5
2804476 4 -85
2806477 1 0.5
2806553 2 0.5
2806477 4 -76
2808276 2 0.5
2808478 1 0.5
2808478 4 202
2810304 2 0.5
2810479 1 0.5
2810479 4 175
2812480 1 0.5
2812503 2 0.5
2812480 4 -23
2814476 2 0.5
2814481 1 0.5
2814481 4 5
2816241 2 0.5
2816482 1 0.5
2816482 4 241
2818373 2 0.5
2818483 1 0.5
2818483 4 110
2820416 2 0.5
2820484 1 0.5
2820484 4 68
2822306 2 0.5
2822486 1 0.5
2822486 4 180
2824418 2 0.5
2824488 1 0.5
2824488 4 70
2826490 1 0.5
2826558 2 0.5
2826490 4 -68
2828178 2 0.5
2828492 1 0.5
2828492 4 314
2830489 2 0.5
2830493 1 0.5
2830493 4 4
2832348 2 0.5
2832495 1 0.5
2832495 4 147
2834496 1 0.5
2834535 2 0.5
2834496 4 -39
2836401 2 0.5
2836497 1 0.5
2836497 4 96
2838498 1 0.5
2838609 2 0.5
2838498 4 -111
2840374 2 0.5
2840500 1 0.5
2840500 4 126
2842492 2 0.5
2842501 1 0.5
2842501 4 9
2844301 2 0.5
2844503 1 0.5
2844503 4 202
2846326 2 0.5
2846504 1 0.5
2846504 4 178
2848505 1 0.5
2848635 2 0.5
2848505 4 -130
2850488 2 0.5
2850507 1 0.5
2850507 4 19
2852412 2 0.5
2852508 1 0.5
2852508 4 96
2854421 2 0.5
2854509 1 0.5
2854509 4 88
2856489 2 0.5
2856510 1 0.5
2856510 4 21
2858462 2 0.5
2858512 1 0.5
2858512 4 50
2860552 2 0.5
2862708 2 0.5
2864736 2 0.5
2866857 2 0.5
2869048 2 0.5
2871420 2 0.5
2873664 2 0.5
2875873 2 0.5
2878133 2 0.5
2880369 2 0.5
2882775 2 0.5
2885019 2 0.5
2887217 2 0.5
2889386 2 0.5
2891572 2 0.5
2893992 2 0.5
2896219 2 0.5
2898434 2 0.5
2903730 1 5
2903931 1 5
2904132 1 5
2904334 1 5
2904350 2 5
2904334 4 -16
2904535 1 5
2904561 2 5
2904535 4 -26
2904736 1 5
2904746 2 5
2904736 4 -10
2904931 2 5
2904938 1 5
2904938 4 7
2905139 1 5
2905167 2 5
2905139 4 -28
2905341 1 5
2905354 2 5
2905341 4 -13
2905542 1 5
2905555 2 5
2905542 4 -13
2905742 2 5
2905743 1 5
2905743 4 1
2905939 2 5
2905944 1 5
2905944 4 5
2906123 2 5
2906145 1 5
2906145 4 22
2906318 2 5
2906346 1 5
2906346 4 28
2906525 2 5
2906548 1 5
2906548 4 23
2906720 2 5
2906749 1 5
2906749 4 29
2906934 2 5
2906950 1 5
2906950 4 16
2907120 2 5
2907151 1 5
2907151 4 31
2907392 1 5
2907431 2 5
2907392 4 -39
2907593 1 5
2907625 2 5
2907593 4 -32
2907795 1 5
2907809 2 5
2907795 4 -14
2907995 2 5
2907996 1 5
2907996 4 1
2908181 2 5
2908197 1 5
2908197 4 16
2908360 2 5
2908398 1 5
2908398 4 38
2908544 2 5
2908600 1 5
2908600 4 56
2908725 2 5
2908802 1 5
2908802 4 77
2908928 2 5
2909003 1 5
2909003 4 75
2909135 2 5
2909205 1 5
2909205 4 70
2909334 2 5
2909406 1 5
2909406 4 72
2909546 2 5
2909607 1 5
2909607 4 61
2909740 2 5
2909808 1 5
2909808 4 68
2909930 2 5
2910009 1 5
2910009 4 79
2910125 2 5
2910210 1 5
2910210 4 85
2910315 2 5
2910536 2 5
2910741 2 5
2910950 2 5
2911144 2 5
2911342 2 5
2911546 2 5
2911738 2 5
2911932 2 5
2912127 2 5
2912326 2 5
2912524 2 5
2912720 2 5
2912916 2 5
2913105 2 5
2913305 2 5
2913506 2 5
2913706 2 5
2913909 2 5
2914112 2 5
2919567 1 3
2919863 2 3
2919902 1 3
2919902 4 39
2920236 1 3
2920266 2 3
2920236 4 -30
2920565 2 3
2920571 1 3
2920571 4 6
2920856 2 3
2920905 1 3
2920905 4 49
2921166 2 3
2921240 1 3
2921240 4 74
2921465 2 3
2921574 1 3
2921574 4 109
2921812 2 3
2921908 1 3
2921908 4 96
2922107 2 3
2922242 1 3
2922242 4 135
2922522 2 3
2922576 1 3
2922576 4 54
2922815 2 3
2922910 1 3
2922910 4 95
2923146 2 3
2923244 1 3
2923244 4 98
2923475 2 3
2923578 1 3
2923578 4 103
2923778 2 3
2923913 1 3
2923913 4 135
2924141 2 3
2924247 1 3
2924247 4 106
2924435 2 3
2924581 1 3
2924581 4 146
2924804 2 3
2924916 1 3
2924916 4 112
2925105 2 3
2925251 1 3
2925251 4 146
2925450 2 3
2925585 1 3
2925585 4 135
2925832 2 3
2925919 1 3
2925919 4 87
2926192 2 3
2926254 1 3
2926254 4 62
2926503 2 3
2926589 1 3
2926589 4 86
2926813 2 3
2926923 1 3
2926923 4 110
2927193 2 3
2927258 1 3
2927258 4 65
2927502 2 3
2927593 1 3
2927593 4 91
2927841 2 3
2927927 1 3
2927927 4 86
2928163 2 3
2928261 1 3
2928261 4 98
2928506 2 3
2928595 1 3
2928595 4 89
2928803 2 3
2928929 1 3
2928929 4 126
2929221 2 3
2929263 1 3
2929263 4 42
2929503 2 3
2929842 2 3
2930162 2 3
2930475 2 3
2930796 2 3
2931082 2 3
2931347 2 3
2931587 2 3
2931817 2 3
2932013 2 3
2932219 2 3
2932440 2 3
2932640 2 3
2932846 2 3
2933044 2 3
2933236 2 3
2933429 2 3
2933648 2 3
2933851 2 3
2934164 2 3
2934406 2 3
2934616 2 3
2934835 2 3
2935039 2 3
2935242 2 3
2935442 2 3
2935635 2 3
2935816 2 3
2936025 2 3
2941554 1 2
2941770 2 2
2941554 4 -216
2942055 1 2
2942257 2 2
2942055 4 -202
2942556 1 2
2942900 2 2
2943057 1 2
2943057 4 157
2943413 2 2
2943558 1 2
2943558 4 145
2943965 2 2
2944059 1 2
2944059 4 94
2944444 2 2
2944561 1 2
2944561 4 117
2944885 2 2
2945063 1 2
2945063 4 178
2945412 2 2
2945564 1 2
2945564 4 152
2945965 2 2
2946066 1 2
2946066 4 101
2946512 2 2
2946568 1 2
2946568 4 56
2946953 2 2
2947069 1 2
2947069 4 116
2947439 2 2
2947570 1 2
2947570 4 131
2947915 2 2
2948071 1 2
2948071 4 156
2948389 2 2
2948573 1 2
2948573 4 184
2948903 2 2
2949075 1 2
2949075 4 172
2949445 2 2
2949576 1 2
2949576 4 131
2949933 2 2
2950078 1 2
2950078 4 145
2950447 2 2
2950579 1 2
2950579 4 132
2950895 2 2
2951080 1 2
2951080 4 185
2951393 2 2
2951582 1 2
2951582 4 189
2951911 2 2
2952083 1 2
2952083 4 172
2952423 2 2
2952584 1 2
2952584 4 161
2952959 2 2
2953086 1 2
2953086 4 127
2953461 2 2
2953588 1 2
2953588 4 127
2953913 2 2
2954090 1 2
2954090 4 177
2954455 2 2
2954591 1 2
2954591 4 136
2954975 2 2
2955092 1 2
2955092 4 117
2955469 2 2
2955940 2 2
2956389 2 2
2956826 2 2
2957203 2 2
2957570 2 2
2957919 2 2
2958264 2 2
2958628 2 2
2958961 2 2
2959287 2 2
2959621 2 2
2959950 2 2
2960247 2 2
2960582 2 2
2960935 2 2
2961140 2 2
2961384 2 2
2961598 2 2
2961793 2 2
2962012 2 2
2962204 2 2
2962412 2 2
2962618 2 2
2962847 2 2
2963051 2 2
2963281 2 2
2963488 2 2
2963734 2 2
2963966 2 2
2964197 2 2
2964418 2 2
2964644 2 2
2964878 2 2
2965120 2 2
2970470 1 4
2970700 2 4
2970721 1 4
2970721 4 21
2970972 1 4
2971028 2 4
2970972 4 -56
2971224 1 4
2971259 2 4
2971224 4 -35
2971476 1 4
2971511 2 4
2971476 4 -35
2971727 1 4
2971743 2 4
2971727 4 -16
2971978 1 4
2972007 2 4
2971978 4 -29
2972229 1 4
2972270 2 4
2972229 4 -41
2972481 1 4
2972505 2 4
2972481 4 -24
2972732 1 4
2972764 2 4
2972732 4 -32
2972983 1 4
2973005 2 4
2972983 4 -22
2973234 1 4
2973251 2 4
2973234 4 -17
2973485 1 4
2973495 2 4
2973485 4 -10
2973728 2 4
2973736 1 4
2973736 4 8
2973978 2 4
2973988 1 4
2973988 4 10
2974225 2 4
2974239 1 4
2974239 4 14
2974452 2 4
2974490 1 4
2974490 4 38
2974707 2 4
2974742 1 4
2974742 4 35
2974944 2 4
2974993 1 4
2974993 4 49
2975198 2 4
2975244 1 4
2975244 4 46
2975440 2 4
2975495 1 4
2975495 4 55
2975694 2 4
2975746 1 4
2975746 4 52
2975953 2 4
2975997 1 4
2975997 4 44
2976229 2 4
2976249 1 4
2976249 4 20
2976485 2 4
2976500 1 4
2976500 4 15
2976722 2 4
2976751 1 4
2976751 4 29
2976954 2 4
2977002 1 4
2977002 4 48
2977211 2 4
2977254 1 4
2977254 4 43
2977456 2 4
2977505 1 4
2977505 4 49
2977747 2 4
2977756 1 4
2977756 4 9
2978012 2 4
2978348 2 4
2978684 2 4
2979009 2 4
2979346 2 4
2979663 2 4
2979968 2 4
2980320 2 4
2980618 2 4
2980934 2 4
2981223 2 4
2981468 2 4
2981683 2 4
2981897 2 4
2982077 2 4
2982374 2 4
2982571 2 4
2982746 2 4
3054453 3 1435
3054452 5 60
3054656 1 5
3054858 1 5
3055059 1 5
3055260 1 5
3055462 1 5
3055664 1 5
3055865 1 5
3055920 2 5
3055865 4 -55
3056066 1 5
3056119 2 5
3056066 4 -53
3056267 1 5
3056296 2 5
3056267 4 -29
3056468 1 5
3056482 2 5
3056468 4 -14
3056660 2 5
3056670 1 5
3056670 4 10
3056833 2 5
3056871 1 5
3056871 4 38
3057033 2 5
3057072 1 5
3057072 4 39
3057198 2 5
3057273 1 5
3057273 4 75
3057475 1 5
3057676 1 5
3057859 2 5
3057878 1 5
3057878 4 19
3058011 2 5
3058079 1 5
3058079 4 68
3058171 2 5
3058079 4 -92
3058280 1 5
3058343 2 5
3058280 4 -63
3058482 1 5
3058530 2 5
3058482 4 -48
3058684 1 5
3058726 2 5
3058684 4 -42
3058885 1 5
3058921 2 5
3058885 4 -36
3059086 1 5
3059090 2 5
3059086 4 -4
3059287 1 5
3059364 2 5
3059287 4 -77
3059489 1 5
3059536 2 5
3059489 4 -47
3059691 1 5
3059712 2 5
3059691 4 -21
3059883 2 5
3059892 1 5
3059892 4 9
3060077 2 5
3060094 1 5
3060094 4 17
3060263 2 5
3060295 1 5
3060295 4 32
3060459 2 5
3060496 1 5
3060496 4 37
3060643 2 5
3060697 1 5
3060697 4 54
3060833 2 5
3061033 2 5
3061253 2 5
3061456 2 5
3061643 2 5
3061842 2 5
3062033 2 5
3062219 2 5
3062407 2 5
3062591 2 5
3062778 2 5
3062955 2 5
3063132 2 5
3063454 2 5
3063806 2 5
3064115 2 5
3064427 2 5
3070220 1 2
3070423 2 2
3070220 4 -203
3070721 1 2
3070904 2 2
3070721 4 -183
3071223 1 2
3071561 2 2
3071724 1 2
3071724 4 163
3072122 2 2
3072225 1 2
3072225 4 103
3072674 2 2
3072726 1 2
3072726 4 52
3073168 2 2
3073227 1 2
3073227 4 59
3073629 2 2
3073728 1 2
3073728 4 99
3074075 2 2
3074229 1 2
3074229 4 154
3074584 2 2
3074730 1 2
3074730 4 146
3075100 2 2
3075232 1 2
3075232 4 132
3075598 2 2
3075733 1 2
3075733 4 135
3076135 2 2
3076235 1 2
3076235 4 100
3076611 2 2
3076736 1 2
3076736 4 125
3077116 2 2
3077237 1 2
3077237 4 121
3077652 2 2
3077738 1 2
3077738 4 86
3078178 2 2
3078239 1 2
3078239 4 61
3078701 2 2
3078741 1 2
3078741 4 40
3079140 2 2
3079242 1 2
3079242 4 102
3079639 2 2
3079743 1 2
3079743 4 104
3080140 2 2
3080244 1 2
3080244 4 104
3080660 2 2
3080746 1 2
3080746 4 86
3081171 2 2
3081247 1 2
3081247 4 76
3081657 2 2
3081748 1 2
3081748 4 91
3082172 2 2
3082249 1 2
3082249 4 77
3082679 2 2
3082750 1 2
3082750 4 71
3083123 2 2
3083251 1 2
3083251 4 128
3083624 2 2
3084004 2 2
3084369 2 2
3084694 2 2
3084996 2 2
3085272 2 2
3085520 2 2
3085744 2 2
3085958 2 2
3086184 2 2
3086380 2 2
3086585 2 2
3086787 2 2
3086987 2 2
3087182 2 2
3087375 2 2
3087569 2 2
3087754 2 2
3087945 2 2
3088117 2 2
3088294 2 2
3088482 2 2
3088657 2 2
3088862 2 2
3089034 2 2
3089223 2 2
3089428 2 2
3089603 2 2
3089800 2 2
3089981 2 2
3090156 2 2
3090332 2 2
3090517 2 2
3090705 2 2
3090874 2 2
3091060 2 2
3091259 2 2
3091428 2 2
3091604 2 2
3091795 2 2
3091958 2 2
3092146 2 2
3092317 2 2
3092493 2 2
3092657 2 2
3092833 2 2
3093011 2 2
3093197 2 2
3099377 1 1
3100378 1 1
3100518 2 1
3100378 4 -140
3101352 2 1
3101379 1 1
3101379 4 27
3102298 2 1
3102381 1 1
3102381 4 83
3103204 2 1
3103382 1 1
3103382 4 178
3104286 2 1
3104384 1 1
3104384 4 98
3105221 2 1
3105385 1 1
3105385 4 164
3106282 2 1
3106387 1 1
3106387 4 105
3107232 2 1
3107388 1 1
3107388 4 156
3108221 2 1
3108389 1 1
3108389 4 168
3109176 2 1
3109391 1 1
3109391 4 215
3110353 2 1
3110393 1 1
3110393 4 40
3111354 2 1
3111394 1 1
3111394 4 40
3112332 2 1
3112395 1 1
3112395 4 63
3113333 2 1
3113397 1 1
3113397 4 64
3114196 2 1
3114398 1 1
3114398 4 202
3115315 2 1
3115399 1 1
3115399 4 84
3116299 2 1
3116400 1 1
3116400 4 101
3117354 2 1
3117402 1 1
3117402 4 48
3118308 2 1
3118403 1 1
3118403 4 95
3119349 2 1
3119404 1 1
3119404 4 55
3120280 2 1
3120406 1 1
3120406 4 126
3121304 2 1
3121407 1 1
3121407 4 103
3122314 2 1
3122408 1 1
3122408 4 94
3123360 2 1
3123410 1 1
3123410 4 50
3124299 2 1
3124411 1 1
3124411 4 112
3125412 1 1
3126250 2 1
3127127 2 1
3127943 2 1
3128698 2 1
3129405 2 1
3130145 2 1
3130813 2 1
3131434 2 1
3131995 2 1
3132458 2 1
3132874 2 1
3133219 2 1
3133526 2 1
3133792 2 1
3134074 2 1
3134311 2 1
3134563 2 1
3134790 2 1
3135010 2 1
3135226 2 1
3135418 2 1
3135614 2 1
3135796 2 1
3135996 2 1
3136180 2 1
3136369 2 1
3136542 2 1
3136729 2 1
3136916 2 1
3137091 2 1
3137281 2 1
3137461 2 1
3137640 2 1
3137825 2 1
3137994 2 1
3138176 2 1
3138344 2 1
3138512 2 1
3138673 2 1
3138829 2 1
3138990 2 1
3139164 2 1
3139329 2 1
3139497 2 1
3139667 2 1
3139838 2 1
3140017 2 1
3140191 2 1
3140363 2 1
3140543 2 1
3140712 2 1
3140894 2 1
3141064 2 1
3141237 2 1
3141419 2 1
3141609 2 1
3141786 2 1
3141966 2 1
3142138 2 1
3142312 2 1
3142476 2 1
3142657 2 1
3142822 2 1
3142995 2 1
3143164 2 1
3143338 2 1
3143510 2 1
3143688 2 1
3143858 2 1
3144035 2 1
3144221 2 1
3144398 2 1
3144567 2 1
3144740 2 1
3144922 2 1
3145098 2 1
3145275 2 1
3151101 1 1.5
3151333 2 1.5
3151101 4 -232
3151769 1 1.5
3151947 2 1.5
3151769 4 -178
3152390 2 1.5
3152436 1 1.5
3152436 4 46
3153088 2 1.5
3153103 1 1.5
3153103 4 15
3153670 2 1.5
3153770 1 1.5
3153770 4 100
3154358 2 1.5
3154437 1 1.5
3154437 4 79
3154990 2 1.5
3155105 1 1.5
3155105 4 115
3155726 2 1.5
3155773 1 1.5
3155773 4 47
3156362 2 1.5
3156440 1 1.5
3156440 4 78
3156983 2 1.5
3157107 1 1.5
3157107 4 124
3157739 2 1.5
3157774 1 1.5
3157774 4 35
3158365 2 1.5
3158441 1 1.5
3158441 4 76
3159037 2 1.5
3159108 1 1.5
3159108 4 71
3159692 2 1.5
3159775 1 1.5
3159775 4 83
3160409 2 1.5
3160443 1 1.5
3160443 4 34
3161039 2 1.5
3161110 1 1.5
3161110 4 71
3161724 2 1.5
3161777 1 1.5
3161777 4 53
3162444 1 1.5
3162449 2 1.5
3162444 4 -5
3162892 2 1.5
3163111 1 1.5
3163111 4 219
3163582 2 1.5
3163778 1 1.5
3163778 4 196
3164366 2 1.5
3164446 1 1.5
3164446 4 80
3165033 2 1.5
3165113 1 1.5
3165113 4 80
3165685 2 1.5
3165780 1 1.5
3165780 4 95
3166357 2 1.5
3166447 1 1.5
3166447 4 90
3166980 2 1.5
3167114 1 1.5
3167114 4 134
3167687 2 1.5
3167781 1 1.5
3167781 4 94
3168325 2 1.5
3168449 1 1.5
3168449 4 124
3169072 2 1.5
3169117 1 1.5
3169117 4 45
3169720 2 1.5
3169784 1 1.5
3169784 4 64
3170363 2 1.5
3170452 1 1.5
3170452 4 89
3171024 2 1.5
3171120 1 1.5
3171120 4 96
3171688 2 1.5
3172270 2 1.5
3172807 2 1.5
3173298 2 1.5
3173691 2 1.5
3174060 2 1.5
3174392 2 1.5
3174750 2 1.5
3175097 2 1.5
3175445 2 1.5
3175734 2 1.5
3176045 2 1.5
3176307 2 1.5
3176552 2 1.5
3176772 2 1.5
3176981 2 1.5
3177149 2 1.5
3177331 2 1.5
3177485 2 1.5
3177643 2 1.5
3177798 2 1.5
3177963 2 1.5
3178104 2 1.5
3178246 2 1.5
3178403 2 1.5
3178652 2 1.5
3178977 2 1.5
3179136 2 1.5
3179298 2 1.5
3179466 2 1.5
3179640 2 1.5
3179825 2 1.5
3179997 2 1.5
3180175 2 1.5
3180348 2 1.5
3180537 2 1.5
3180718 2 1.5
3180897 2 1.5
3189897 1 3
3190232 1 3
3190279 2 3
3190232 4 -47
3190566 1 3
3190589 2 3
3190566 4 -23
3190846 2 3
3190900 1 3
3190900 4 54
3191178 2 3
3191234 1 3
3191234 4 56
3191436 2 3
3191569 1 3
3191569 4 133
3191817 2 3
3191904 1 3
3191904 4 87
3192159 2 3
3192238 1 3
3192238 4 79
3192499 2 3
3192572 1 3
3192572 4 73
3192835 2 3
3192906 1 3
3192906 4 71
3193173 2 3
3193240 1 3
3193240 4 67
3193498 2 3
3193575 1 3
3193575 4 77
3193827 2 3
3193909 1 3
3193909 4 82
3194143 2 3
3194243 1 3
3194243 4 100
3194450 2 3
3194578 1 3
3194578 4 128
3194780 2 3
3194912 1 3
3194912 4 132
3195098 2 3
3195246 1 3
3195246 4 148
3195477 2 3
3195580 1 3
3195580 4 103
3195843 2 3
3195914 1 3
3195914 4 71
3196164 2 3
3196248 1 3
3196248 4 84
3196466 2 3
3196583 1 3
3196583 4 117
3196802 2 3
3196917 1 3
3196917 4 115
3197136 2 3
3197251 1 3
3197251 4 115
3197478 2 3
3197585 1 3
3197585 4 107
3197834 2 3
3197920 1 3
3197920 4 86
3198199 2 3
3198254 1 3
3198254 4 55
3198523 2 3
3198588 1 3
3198588 4 65
3198805 2 3
3198922 1 3
3198922 4 117
3199113 2 3
3199416 2 3
3199645 2 3
3199877 2 3
3200121 2 3
3200352 2 3
3200572 2 3
3200795 2 3
3201023 2 3
3201242 2 3
3201461 2 3
3201660 2 3
3201874 2 3
3202089 2 3
3202285 2 3
3202448 2 3
3202628 2 3
3202792 2 3
3202949 2 3
3203120 2 3
3203281 2 3
3203446 2 3
3203607 2 3
3203772 2 3
3203933 2 3
3204103 2 3
3204271 2 3
3204449 2 3
3204630 2 3
3204812 2 3
3204979 2 3
3205159 2 3
3205317 2 3
3205490 2 3
3212606 1 0.5
3213202 2 0.5
3212606 4 -596
3214607 1 0.5
3214761 2 0.5
3214607 4 -154
3216608 1 0.5
3216656 2 0.5
3216608 4 -48
3218521 2 0.5
3218610 1 0.5
3218610 4 89
3220507 2 0.5
3220611 1 0.5
3220611 4 104
3222502 2 0.5
3222612 1 0.5
3222612 4 110
3224581 2 0.5
3224613 1 0.5
3224613 4 32
3226356 2 0.5
3226614 1 0.5
3226614 4 258
3228559 2 0.5
3228615 1 0.5
3228615 4 56
3230351 2 0.5
3230617 1 0.5
3230617 4 266
3232526 2 0.5
3232619 1 0.5
3232619 4 93
3234621 1 0.5
3234637 2 0.5
3234621 4 -16
3236445 2 0.5
3236622 1 0.5
3236622 4 177
3238624 1 0.5
3238659 2 0.5
3238624 4 -35
3240447 2 0.5
3240626 1 0.5
3240626 4 179
3242571 2 0.5
3242628 1 0.5
3242628 4 57
3244457 2 0.5
3244630 1 0.5
3244630 4 173
3246476 2 0.5
3246631 1 0.5
3246631 4 155
3248419 2 0.5
3248632 1 0.5
3248632 4 213
3250484 2 0.5
3250633 1 0.5
3250633 4 149
3252512 2 0.5
3252634 1 0.5
3252634 4 122
3254533 2 0.5
3254635 1 0.5
3254635 4 102
3256434 2 0.5
3256636 1 0.5
3256636 4 202
3258637 1 0.5
3258694 2 0.5
3258637 4 -57
3260639 1 0.5
3260639 2 0.5
3260639 4 -0
3262640 1 0.5
3262687 2 0.5
3262640 4 -47
3264553 2 0.5
3264641 1 0.5
3264641 4 88
3266359 2 0.5
3266642 1 0.5
3266642 4 283
3268593 2 0.5
3270554 2 0.5
3272601 2 0.5
3274759 2 0.5
3276768 2 0.5
3278794 2 0.5
3280935 2 0.5
3283001 2 0.5
3284869 2 0.5
3286913 2 0.5
3288843 2 0.5
3290931 2 0.5
3292958 2 0.5
3294980 2 0.5
3297139 2 0.5
3299118 2 0.5
3301124 2 0.5
3303110 2 0.5
3304990 2 0.5
3311907 1 4
3312136 2 4
3312158 1 4
3312158 4 22
3312410 1 4
3312436 2 4
3312410 4 -26
3312661 1 4
3312664 2 4
3312661 4 -3
3312909 2 4
3312913 1 4
3312913 4 4
3313148 2 4
3313164 1 4
3313164 4 16
3313365 2 4
3313415 1 4
3313415 4 50
3313666 1 4
3313668 2 4
3313666 4 -2
3313915 2 4
3313917 1 4
3313917 4 2
3314125 2 4
3314168 1 4
3314168 4 43
3314372 2 4
3314420 1 4
3314420 4 48
3314632 2 4
3314671 1 4
3314671 4 39
3314890 2 4
3314922 1 4
3314922 4 32
3315143 2 4
3315173 1 4
3315173 4 30
3315375 2 4
3315425 1 4
3315425 4 50
3315631 2 4
3315676 1 4
3315676 4 45
3315853 2 4
3315927 1 4
3315927 4 74
3316083 2 4
3316178 1 4
3316178 4 95
3316337 2 4
3316429 1 4
3316429 4 92
3316588 2 4
3316680 1 4
3316680 4 92
3316825 2 4
3316931 1 4
3316931 4 106
3317110 2 4
3317182 1 4
3317182 4 72
3317362 2 4
3317433 1 4
3317433 4 71
3317584 2 4
3317684 1 4
3317684 4 100
3317873 2 4
3317935 1 4
3317935 4 62
3318118 2 4
3318186 1 4
3318186 4 68
3318357 2 4
3318582 2 4
3318801 2 4
3319006 2 4
3319195 2 4
3319376 2 4
3319557 2 4
3319722 2 4
3319900 2 4
3320059 2 4
3320211 2 4
3320371 2 4
3320526 2 4
3320672 2 4
3320825 2 4
3320983 2 4
3321141 2 4
3321295 2 4
3321453 2 4
3321611 2 4
3321770 2 4
3321932 2 4
3322094 2 4
3322256 2 4
3322417 2 4
3322571 2 4
3322723 2 4
3322881 2 4
3323046 2 4
3397243 3 1884
3397242 5 0
3397578 1 3
3397912 1 3
3397947 2 3
3397912 4 -35
3398242 2 3
3398247 1 3
3398247 4 5
3398557 2 3
3398581 1 3
3398581 4 24
3398888 2 3
3398916 1 3
3398916 4 28
3399218 2 3
3399251 1 3
3399251 4 33
3399561 2 3
3399585 1 3
3399585 4 24
3399891 2 3
3399919 1 3
3399919 4 28
3400225 2 3
3400253 1 3
3400253 4 28
3400541 2 3
3400587 1 3
3400587 4 46
3400843 2 3
3400921 1 3
3400921 4 78
3401198 2 3
3401255 1 3
3401255 4 57
3401557 2 3
3401589 1 3
3401589 4 32
3401903 2 3
3401923 1 3
3401923 4 20
3402242 2 3
3402257 1 3
3402257 4 15
3402569 2 3
3402591 1 3
3402591 4 22
3402881 2 3
3402925 1 3
3402925 4 44
3403213 2 3
3403259 1 3
3403259 4 46
3403537 2 3
3403593 1 3
3403593 4 56
3403865 2 3
3403927 1 3
3403927 4 62
3404199 2 3
3404261 1 3
3404261 4 62
3404526 2 3
3404595 1 3
3404595 4 69
3404859 2 3
3404929 1 3
3404929 4 70
3405219 2 3
3405263 1 3
3405263 4 44
3405540 2 3
3405598 1 3
3405598 4 58
3405872 2 3
3405932 1 3
3405932 4 60
3406218 2 3
3406267 1 3
3406267 4 49
3406557 2 3
3406602 1 3
3406602 4 45
3406899 2 3
3406936 1 3
3406936 4 37
3407195 2 3
3407270 1 3
3407270 4 75
3407514 2 3
3407605 1 3
3407605 4 91
3407862 2 3
3408140 2 3
3408392 2 3
3408620 2 3
3408838 2 3
3409042 2 3
3409243 2 3
3409434 2 3
3409626 2 3
3409803 2 3
3410094 2 3
3410273 2 3
3410452 2 3
3410651 2 3
3410821 2 3
3410987 2 3
3411163 2 3
3411324 2 3
3411486 2 3
3411654 2 3
3411827 2 3
3412001 2 3
3412169 2 3
3412319 2 3
3412482 2 3
3412648 2 3
3412804 2 3
3412972 2 3
3413149 2 3
3413304 2 3
3413484 2 3
3413651 2 3
3413820 2 3
3413987 2 3
3414167 2 3
3414337 2 3
3419590 1 5
3419791 1 5
3419992 1 5
3420035 2 5
3419992 4 -43
3420193 1 5
3420237 2 5
3420193 4 -44
3420394 1 5
3420428 2 5
3420394 4 -34
3420595 1 5
3420644 2 5
3420595 4 -49
3420797 1 5
3420852 2 5
3420797 4 -55
3420998 1 5
3421051 2 5
3420998 4 -53
3421200 1 5
3421249 2 5
3421200 4 -49
3421401 1 5
3421452 2 5
3421401 4 -51
3421603 1 5
3421641 2 5
3421603 4 -38
3421804 1 5
3421840 2 5
3421804 4 -36
3422006 1 5
3422039 2 5
3422006 4 -33
3422207 1 5
3422233 2 5
3422207 4 -26
3422408 1 5
3422423 2 5
3422408 4 -15
3422609 1 5
3422633 2 5
3422609 4 -24
3422811 1 5
3422832 2 5
3422811 4 -21
3423012 1 5
3423061 2 5
3423012 4 -49
3423214 1 5
3423257 2 5
3423214 4 -43
3423415 1 5
3423466 2 5
3423415 4 -51
3423617 1 5
3423662 2 5
3423617 4 -45
3423818 1 5
3423831 2 5
3423818 4 -13
3424019 1 5
3424035 2 5
3424019 4 -16
3424220 1 5
3424226 2 5
3424220 4 -6
3424415 2 5
3424422 1 5
3424422 4 7
3424598 2 5
3424623 1 5
3424623 4 25
3424798 2 5
3424824 1 5
3424824 4 26
3424998 2 5
3425025 1 5
3425025 4 27
3425193 2 5
3425226 1 5
3425226 4 33
3425370 2 5
3425572 2 5
3425767 2 5
3425948 2 5
3426127 2 5
3426304 2 5
3426502 2 5
3426686 2 5
3426874 2 5
3427067 2 5
3427253 2 5
3427439 2 5
3427620 2 5
3427806 2 5
3427981 2 5
3428170 2 5
3428347 2 5
3428532 2 5
3428700 2 5
3428871 2 5
3429046 2 5
3429227 2 5
3435249 1 1
3436250 1 1
3436435 2 1
3436250 4 -185
3437209 2 1
3437251 1 1
3437251 4 42
3438212 2 1
3438252 1 1
3438252 4 40
3439164 2 1
3439253 1 1
3439253 4 89
3440126 2 1
3440254 1 1
3440254 4 128
3441202 2 1
3441255 1 1
3441255 4 53
3442193 2 1
3442256 1 1
3442256 4 63
3443163 2 1
3443257 1 1
3443257 4 94
3444162 2 1
3444258 1 1
3444258 4 96
3445128 2 1
3445259 1 1
3445259 4 131
3446188 2 1
3446261 1 1
3446261 4 73
3447217 2 1
3447263 1 1
3447263 4 46
3448156 2 1
3448265 1 1
3448265 4 109
3449196 2 1
3449266 1 1
3449266 4 70
3450156 2 1
3450267 1 1
3450267 4 111
3451150 2 1
3451268 1 1
3451268 4 118
3452163 2 1
3452269 1 1
3452269 4 106
3453239 2 1
3453270 1 1
3453270 4 31
3454201 2 1
3454271 1 1
3454271 4 70
3455216 2 1
3455272 1 1
3455272 4 56
3456151 2 1
3456274 1 1
3456274 4 123
3457275 1 1
3457277 2 1
3457275 4 -2
3458276 1 1
3458350 2 1
3458276 4 -74
3459158 2 1
3459277 1 1
3459277 4 119
3460243 2 1
3461175 2 1
3462015 2 1
3462764 2 1
3463467 2 1
3464100 2 1
3464724 2 1
3465279 2 1
3465756 2 1
3466153 2 1
3466498 2 1
3466794 2 1
3467028 2 1
3467238 2 1
3467418 2 1
3467577 2 1
3467755 2 1
3467883 2 1
3468038 2 1
3468269 2 1
3468412 2 1
3484963 1 1.5
3485631 1 1.5
3486147 2 1.5
3486298 1 1.5
3486298 4 151
3486906 2 1.5
3486965 1 1.5
3486965 4 59
3487582 2 1.5
3487632 1 1.5
3487632 4 50
3488268 2 1.5
3488299 1 1.5
3488299 4 31
3488870 2 1.5
3488966 1 1.5
3488966 4 96
3489579 2 1.5
3489633 1 1.5
3489633 4 54
3490220 2 1.5
3490300 1 1.5
3490300 4 80
3490868 2 1.5
3490967 1 1.5
3490967 4 99
3491532 2 1.5
3491635 1 1.5
3491635 4 103
3492175 2 1.5
3492302 1 1.5
3492302 4 127
3492858 2 1.5
3492970 1 1.5
3492970 4 112
3493594 2 1.5
3493637 1 1.5
3493637 4 43
3494227 2 1.5
3494304 1 1.5
3494304 4 77
3494972 1 1.5
3495021 2 1.5
3494972 4 -49
3495482 2 1.5
3495639 1 1.5
3495639 4 157
3496222 2 1.5
3496306 1 1.5
3496306 4 84
3496860 2 1.5
3496973 1 1.5
3496973 4 113
3497593 2 1.5
3497641 1 1.5
3497641 4 48
3498266 2 1.5
3498309 1 1.5
3498309 4 43
3498917 2 1.5
3498976 1 1.5
3498976 4 59
3499592 2 1.5
3499643 1 1.5
3499643 4 51
3500195 2 1.5
3500311 1 1.5
3500311 4 116
3500901 2 1.5
3500979 1 1.5
3500979 4 78
3501575 2 1.5
3501647 1 1.5
3501647 4 72
3502217 2 1.5
3502315 1 1.5
3502315 4 98
3502876 2 1.5
3502982 1 1.5
3502982 4 106
3503565 2 1.5
3503649 1 1.5
3503649 4 84
3504268 2 1.5
3504316 1 1.5
3504316 4 48
3504916 2 1.5
3504983 1 1.5
3504983 4 67
3505541 2 1.5
3505650 1 1.5
3505650 4 109
3506258 2 1.5
3506317 1 1.5
3506317 4 59
3506911 2 1.5
3507460 2 1.5
3507918 2 1.5
3508341 2 1.5
3508674 2 1.5
3508994 2 1.5
3509255 2 1.5
3509499 2 1.5
3509702 2 1.5
3509909 2 1.5
3510091 2 1.5
3510271 2 1.5
3510447 2 1.5
3510617 2 1.5
3510788 2 1.5
3510958 2 1.5
3511116 2 1.5
3511280 2 1.5
3511449 2 1.5
3511605 2 1.5
3511770 2 1.5
3511940 2 1.5
3512106 2 1.5
3512276 2 1.5
3512447 2 1.5
3512622 2 1.5
3512788 2 1.5
3512961 2 1.5
3513128 2 1.5
3513300 2 1.5
3513459 2 1.5
3513625 2 1.5
3513797 2 1.5
3513968 2 1.5
3514140 2 1.5
3514313 2 1.5
3514479 2 1.5
3514651 2 1.5
3514832 2 1.5
3515005 2 1.5
3515180 2 1.5
3515347 2 1.5
3515526 2 1.5
3515707 2 1.5
3515870 2 1.5
3516038 2 1.5
3516205 2 1.5
3516377 2 1.5
3516544 2 1.5
3516715 2 1.5
3516890 2 1.5
3517059 2 1.5
3517238 2 1.5
3517418 2 1.5
3517588 2 1.5
3517764 2 1.5
3518046 2 1.5
3518216 2 1.5
3518395 2 1.5
3518572 2 1.5
3518745 2 1.5
3518905 2 1.5
3519085 2 1.5
3519259 2 1.5
3519428 2 1.5
3519595 2 1.5
3525021 1 4
3525272 1 4
3525519 2 4
3525524 1 4
3525524 4 5
3525776 1 4
3525792 2 4
3525776 4 -16
3526019 2 4
3526027 1 4
3526027 4 8
3526251 2 4
3526278 1 4
3526278 4 27
3526481 2 4
3526530 1 4
3526530 4 49
3526740 2 4
3526782 1 4
3526782 4 42
3526986 2 4
3527034 1 4
3527034 4 48
3527212 2 4
3527286 1 4
3527286 4 74
3527470 2 4
3527538 1 4
3527538 4 68
3527728 2 4
3527789 1 4
3527789 4 61
3527953 2 4
3528041 1 4
3528041 4 88
3528178 2 4
3528293 1 4
3528293 4 115
3528398 2 4
3528293 4 -105
3528544 1 4
3528660 2 4
3528544 4 -116
3528795 1 4
3528911 2 4
3528795 4 -116
3529046 1 4
3529159 2 4
3529046 4 -113
3529297 1 4
3529385 2 4
3529297 4 -88
3529549 1 4
3529613 2 4
3529549 4 -64
3529801 1 4
3529901 2 4
3529801 4 -100
3530052 1 4
3530201 2 4
3530303 1 4
3530303 4 102
3530457 2 4
3530554 1 4
3530554 4 97
3530727 2 4
3530805 1 4
3530805 4 78
3531000 2 4
3531056 1 4
3531056 4 56
3531239 2 4
3531307 1 4
3531307 4 68
3531479 2 4
3531696 2 4
3531929 2 4
3532130 2 4
3532329 2 4
3532519 2 4
3532720 2 4
3532918 2 4
3533129 2 4
3533320 2 4
3533516 2 4
3533740 2 4
3533941 2 4
3534150 2 4
3534352 2 4
3534567 2 4
3534796 2 4
3535108 2 4
3535314 2 4
3535515 2 4
3535744 2 4
3535973 2 4
3536184 2 4
3536392 2 4
3541936 1 2
3542437 1 2
3542784 2 2
3542938 1 2
3542938 4 154
3543292 2 2
3543440 1 2
3543440 4 148
3543827 2 2
3543941 1 2
3543941 4 114
3544325 2 2
3544443 1 2
3544443 4 118
3544851 2 2
3544945 1 2
3544945 4 94
3545386 2 2
3545446 1 2
3545446 4 60
3545863 2 2
3545947 1 2
3545947 4 84
3546325 2 2
3546448 1 2
3546448 4 123
3546884 2 2
3546949 1 2
3546949 4 65
3547370 2 2
3547450 1 2
3547450 4 80
3547840 2 2
3547952 1 2
3547952 4 112
3548304 2 2
3548454 1 2
3548454 4 150
3548854 2 2
3548955 1 2
3548955 4 101
3549325 2 2
3549456 1 2
3549456 4 131
3549902 2 2
3549957 1 2
3549957 4 55
3550400 2 2
3550458 1 2
3550458 4 58
3550872 2 2
3550960 1 2
3550960 4 88
3551357 2 2
3551461 1 2
3551461 4 104
3551895 2 2
3551962 1 2
3551962 4 67
3552369 2 2
3552464 1 2
3552464 4 95
3552865 2 2
3552965 1 2
3552965 4 100
3553388 2 2
3553467 1 2
3553467 4 79
3553910 2 2
3553969 1 2
3553969 4 59
3554355 2 2
3554471 1 2
3554471 4 116
3554895 2 2
3554973 1 2
3554973 4 78
3555408 2 2
3555474 1 2
3555474 4 66
3555895 2 2
3555976 1 2
3555976 4 81
3556363 2 2
3556477 1 2
3556477 4 114
3556880 2 2
3557247 2 2
3557551 2 2
3557901 2 2
3558221 2 2
3558498 2 2
3558758 2 2
3559033 2 2
3559343 2 2
3559706 2 2
3560064 2 2
3560390 2 2
3560666 2 2
3560911 2 2
3561172 2 2
3561443 2 2
3561687 2 2
3561954 2 2
3562208 2 2
3562451 2 2
3562704 2 2
3562946 2 2
3563181 2 2
3563423 2 2
3563667 2 2
3563894 2 2
3564141 2 2
3564371 2 2
3564601 2 2
3564866 2 2
3565098 2 2
3565346 2 2
3565570 2 2
3565805 2 2
3566036 2 2
3566282 2 2
3566491 2 2
3573501 1 0.5
3573835 2 0.5
3573501 4 -334
3575502 1 0.5
3575652 2 0.5
3575502 4 -150
3577339 2 0.5
3577504 1 0.5
3577504 4 165
3579264 2 0.5
3579506 1 0.5
3579506 4 242
3581335 2 0.5
3581507 1 0.5
3581507 4 172
3583405 2 0.5
3583508 1 0.5
3583508 4 103
3585471 2 0.5
3585510 1 0.5
3585510 4 39
3587405 2 0.5
3587512 1 0.5
3587512 4 107
3589513 1 0.5
3589598 2 0.5
3589513 4 -85
3591404 2 0.5
3591514 1 0.5
3591514 4 110
3593324 2 0.5
3593515 1 0.5
3593515 4 191
3595440 2 0.5
3595516 1 0.5
3595516 4 76
3597472 2 0.5
3597517 1 0.5
3597517 4 45
3599518 1 0.5
3599520 2 0.5
3599518 4 -2
3601520 1 0.5
3601543 2 0.5
3601520 4 -23
3603521 1 0.5
3603584 2 0.5
3603521 4 -63
3605469 2 0.5
3605522 1 0.5
3605522 4 53
3607337 2 0.5
3607523 1 0.5
3607523 4 186
3609372 2 0.5
3609525 1 0.5
3609525 4 153
3611484 2 0.5
3611526 1 0.5
3611526 4 42
3613494 2 0.5
3613527 1 0.5
3613527 4 33
3615382 2 0.5
3615528 1 0.5
3615528 4 146
3617314 2 0.5
3617529 1 0.5
3617529 4 215
3619530 1 0.5
3619545 2 0.5
3619530 4 -15
3621531 1 0.5
3621562 2 0.5
3621531 4 -31
3623489 2 0.5
3623533 1 0.5
3623533 4 44
3625384 2 0.5
3625534 1 0.5
3625534 4 150
3627408 2 0.5
3627535 1 0.5
3627535 4 127
3629523 2 0.5
3629536 1 0.5
3629536 4 13
3631542 2 0.5
3633451 2 0.5
3635466 2 0.5
3637471 2 0.5
3639566 2 0.5
3641549 2 0.5
3643473 2 0.5
3645291 2 0.5
3647214 2 0.5
3648982 2 0.5
3650912 2 0.5
3652760 2 0.5
3654576 2 0.5
3656584 2 0.5
3658467 2 0.5
3660354 2 0.5
3662415 2 0.5
3664208 2 0.5
3666139 2 0.5
3668120 2 0.5
3735268 3 2304
3735267 5 150
3735602 1 3
3735936 1 3
3736007 2 3
3735936 4 -71
3736270 1 3
3736326 2 3
3736270 4 -56
3736604 1 3
3736621 2 3
3736604 4 -17
3736939 1 3
3736971 2 3
3736939 4 -32
3737257 2 3
3737273 1 3
3737273 4 16
3737607 1 3
3737614 2 3
3737607 4 -7
3737941 1 3
3737948 2 3
3737941 4 -7
3738272 2 3
3738275 1 3
3738275 4 3
3738609 1 3
3738664 2 3
3738609 4 -55
3738944 1 3
3739004 2 3
3738944 4 -60
3739278 1 3
3739298 2 3
3739278 4 -20
3739612 1 3
3739643 2 3
3739612 4 -31
3739908 2 3
3739947 1 3
3739947 4 39
3740282 1 3
3740338 2 3
3740282 4 -56
3740576 2 3
3740617 1 3
3740617 4 41
3740824 2 3
3740951 1 3
3740951 4 127
3741193 2 3
3741285 1 3
3741285 4 92
3741505 2 3
3741619 1 3
3741619 4 114
3741845 2 3
3741953 1 3
3741953 4 108
3742230 2 3
3742287 1 3
3742287 4 57
3742552 2 3
3742621 1 3
3742621 4 69
3742901 2 3
3742955 1 3
3742955 4 54
3743214 2 3
3743289 1 3
3743289 4 75
3743566 2 3
3743623 1 3
3743623 4 57
3743874 2 3
3743957 1 3
3743957 4 83
3744225 2 3
3744291 1 3
3744291 4 66
3744547 2 3
3744625 1 3
3744625 4 78
3744882 2 3
3745302 2 3
3745706 2 3
3746122 2 3
3746515 2 3
3746964 2 3
3747410 2 3
3747875 2 3
3748401 2 3
3748950 2 3
3749505 2 3
3750044 2 3
3750572 2 3
3751117 2 3
3758310 1 0.5
3758604 2 0.5
3758310 4 -294
3760311 1 0.5
3760458 2 0.5
3760311 4 -147
3762310 2 0.5
3762313 1 0.5
3762313 4 3
3764271 2 0.5
3764314 1 0.5
3764314 4 43
3766136 2 0.5
3766315 1 0.5
3766315 4 179
3768135 2 0.5
3768317 1 0.5
3768317 4 182
3770170 2 0.5
3770318 1 0.5
3770318 4 148
3772178 2 0.5
3772320 1 0.5
3772320 4 142
3774243 2 0.5
3774321 1 0.5
3774321 4 78
3776117 2 0.5
3776323 1 0.5
3776323 4 206
3778072 2 0.5
3778324 1 0.5
3778324 4 252
3780137 2 0.5
3780325 1 0.5
3780325 4 188
3782085 2 0.5
3782326 1 0.5
3782326 4 241
3783952 2 0.5
3784328 1 0.5
3784328 4 376
3786063 2 0.5
3786329 1 0.5
3786329 4 266
3788164 2 0.5
3788331 1 0.5
3788331 4 167
3790332 1 0.5
3790416 2 0.5
3790332 4 -84
3791968 2 0.5
3792333 1 0.5
3792333 4 365
3794060 2 0.5
3794334 1 0.5
3794334 4 274
3796150 2 0.5
3796336 1 0.5
3796336 4 186
3798212 2 0.5
3798338 1 0.5
3798338 4 126
3800092 2 0.5
3800339 1 0.5
3800339 4 247
3802123 2 0.5
3802340 1 0.5
3802340 4 217
3804088 2 0.5
3804341 1 0.5
3804341 4 253
3806166 2 0.5
3806343 1 0.5
3806343 4 177
3808001 2 0.5
3810049 2 0.5
3812138 2 0.5
3813935 2 0.5
3815902 2 0.5
3817829 2 0.5
3819891 2 0.5
3821957 2 0.5
3823784 2 0.5
3827837 2 0.5
3829732 2 0.5
3831992 2 0.5
3834061 2 0.5
3836124 2 0.5
3838101 2 0.5
3840121 2 0.5
3842060 2 0.5
3844140 2 0.5
3846097 2 0.5
3852023 1 1.5
3852690 1 1.5
3853358 1 1.5
3853442 2 1.5
3853358 4 -84
3853886 2 1.5
3854025 1 1.5
3854025 4 139
3854598 2 1.5
3854692 1 1.5
3854692 4 94
3855272 2 1.5
3855359 1 1.5
3855359 4 87
3855940 2 1.5
3856026 1 1.5
3856026 4 86
3856611 2 1.5
3856693 1 1.5
3856693 4 82
3857296 2 1.5
3857360 1 1.5
3857360 4 64
3857944 2 1.5
3858027 1 1.5
3858027 4 83
3858614 2 1.5
3858694 1 1.5
3858694 4 80
3859259 2 1.5
3859361 1 1.5
3859361 4 102
3859923 2 1.5
3860029 1 1.5
3860029 4 106
3860577 2 1.5
3860696 1 1.5
3860696 4 119
3861178 2 1.5
3861363 1 1.5
3861363 4 185
3861860 2 1.5
3862030 1 1.5
3862030 4 170
3862571 2 1.5
3862697 1 1.5
3862697 4 126
3863305 2 1.5
3863364 1 1.5
3863364 4 59
3863951 2 1.5
3864031 1 1.5
3864031 4 80
3864571 2 1.5
3864699 1 1.5
3864699 4 128
3865212 2 1.5
3865366 1 1.5
3865366 4 154
3865951 2 1.5
3866034 1 1.5
3866034 4 83
3866635 2 1.5
3866702 1 1.5
3866702 4 67
3867164 2 1.5
3867370 1 1.5
3867370 4 206
3867753 2 1.5
3868038 1 1.5
3868038 4 285
3868518 2 1.5
3868706 1 1.5
3868706 4 188
3869216 2 1.5
3869373 1 1.5
3869373 4 157
3869931 2 1.5
3870041 1 1.5
3870041 4 110
3870548 2 1.5
3870708 1 1.5
3870708 4 160
3871235 2 1.5
3871375 1 1.5
3871375 4 140
3871943 2 1.5
3872608 2 1.5
3873273 2 1.5
3873959 2 1.5
3874646 2 1.5
3875388 2 1.5
3876098 2 1.5
3876800 2 1.5
3877516 2 1.5
3878245 2 1.5
3878942 2 1.5
3879691 2 1.5
3880422 2 1.5
3881146 2 1.5
3881910 2 1.5
3882639 2 1.5
3883329 2 1.5
3884100 2 1.5
3890718 1 1
3891312 2 1
3891720 1 1
3891720 4 408
3891886 2 1
3891720 4 -166
3892652 2 1
3892721 1 1
3892721 4 69
3893722 1 1
3893722 2 1
3893722 4 -0
3894577 2 1
3894724 1 1
3894724 4 147
3895599 2 1
3895725 1 1
3895725 4 126
3896651 2 1
3896727 1 1
3896727 4 76
3897625 2 1
3897728 1 1
3897728 4 103
3898639 2 1
3898730 1 1
3898730 4 91
3899570 2 1
3899731 1 1
3899731 4 161
3900612 2 1
3900732 1 1
3900732 4 120
3901680 2 1
3901733 1 1
3901733 4 53
3902558 2 1
3902734 1 1
3902734 4 176
3903531 2 1
3903735 1 1
3903735 4 204
3904578 2 1
3904737 1 1
3904737 4 159
3905540 2 1
3905738 1 1
3905738 4 198
3906605 2 1
3906739 1 1
3906739 4 134
3907631 2 1
3907740 1 1
3907740 4 109
3908656 2 1
3908741 1 1
3908741 4 85
3909605 2 1
3909743 1 1
3909743 4 138
3910694 2 1
3910745 1 1
3910745 4 51
3911672 2 1
3911746 1 1
3911746 4 74
3912619 2 1
3912747 1 1
3912747 4 128
3913626 2 1
3913748 1 1
3913748 4 122
3914669 2 1
3914749 1 1
3914749 4 80
3915630 2 1
3915750 1 1
3915750 4 120
3916734 2 1
3916752 1 1
3916752 4 18
3917637 2 1
3917754 1 1
3917754 4 117
3918705 2 1
3918756 1 1
3918756 4 51
3919697 2 1
3919757 1 1
3919757 4 60
3920686 2 1
3920758 1 1
3920758 4 72
3921555 2 1
3921759 1 1
3921759 4 204
3922614 2 1
3923722 2 1
3924768 2 1
3925841 2 1
3927046 2 1
3928272 2 1
3929498 2 1
3930748 2 1
3932042 2 1
3933257 2 1
3934488 2 1
3935791 2 1
3937170 2 1
3938541 2 1
3939937 2 1
3941311 2 1
3947386 1 2
3947887 1 2
3948388 1 2
3948392 2 2
3948388 4 -4
3948859 2 2
3948889 1 2
3948889 4 30
3949347 2 2
3949391 1 2
3949391 4 44
3949855 2 2
3949892 1 2
3949892 4 37
3950289 2 2
3950393 1 2
3950393 4 104
3950820 2 2
3950894 1 2
3950894 4 74
3951313 2 2
3951395 1 2
3951395 4 82
3951819 2 2
3951896 1 2
3951896 4 77
3952349 2 2
3952397 1 2
3952397 4 48
3952828 2 2
3952898 1 2
3952898 4 70
3953314 2 2
3953400 1 2
3953400 4 86
3953779 2 2
3953901 1 2
3953901 4 122
3954310 2 2
3954403 1 2
3954403 4 93
3954814 2 2
3954905 1 2
3954905 4 91
3955305 2 2
3955406 1 2
3955406 4 101
3955763 2 2
3955907 1 2
3955907 4 144
3956251 2 2
3956408 1 2
3956408 4 157
3956793 2 2
3956910 1 2
3956910 4 117
3957293 2 2
3957411 1 2
3957411 4 118
3957779 2 2
3957912 1 2
3957912 4 133
3958311 2 2
3958413 1 2
3958413 4 102
3958824 2 2
3958914 1 2
3958914 4 90
3959332 2 2
3959416 1 2
3959416 4 84
3959840 2 2
3959917 1 2
3959917 4 77
3960469 1 2
3960474 2 2
3960469 4 -5
3960876 2 2
3960970 1 2
3960970 4 94
3961313 2 2
3961471 1 2
3961471 4 158
3961819 2 2
3961972 1 2
3961972 4 153
3962325 2 2
3962473 1 2
3962473 4 148
3962837 2 2
3963347 2 2
3963849 2 2
3964341 2 2
3964846 2 2
3965386 2 2
3965929 2 2
3966988 2 2
3967552 2 2
3968074 2 2
3968560 2 2
3969075 2 2
3969583 2 2
3970133 2 2
3970675 2 2
3971213 2 2
3971776 2 2
3972317 2 2
3977747 1 4
3977999 1 4
3978189 2 4
3978251 1 4
3978251 4 62
3978479 2 4
3978502 1 4
3978502 4 23
3978734 2 4
3978753 1 4
3978753 4 19
3979000 2 4
3979004 1 4
3979004 4 4
3979251 2 4
3979255 1 4
3979255 4 4
3979495 2 4
3979507 1 4
3979507 4 12
3979748 2 4
3979758 1 4
3979758 4 10
3979994 2 4
3980009 1 4
3980009 4 15
3980230 2 4
3980260 1 4
3980260 4 30
3980469 2 4
3980511 1 4
3980511 4 42
3980745 2 4
3980762 1 4
3980762 4 17
3980998 2 4
3981014 1 4
3981014 4 16
3981251 2 4
3981265 1 4
3981265 4 14
3981498 2 4
3981516 1 4
3981516 4 18
3981744 2 4
3981767 1 4
3981767 4 23
3981987 2 4
3982018 1 4
3982018 4 31
3982231 2 4
3982269 1 4
3982269 4 38
3982488 2 4
3982521 1 4
3982521 4 33
3982752 2 4
3982772 1 4
3982772 4 20
3983024 1 4
3983051 2 4
3983024 4 -27
3983275 1 4
3983293 2 4
3983275 4 -18
3983514 2 4
3983526 1 4
3983526 4 12
3983777 1 4
3984016 2 4
3984275 2 4
3984525 2 4
3984766 2 4
3985007 2 4
3985238 2 4
3985500 2 4
3985742 2 4
3985973 2 4
3986218 2 4
3986446 2 4
3986701 2 4
3986950 2 4
3987168 2 4
3987395 2 4
3987637 2 4
3987895 2 4
3988115 2 4
3988344 2 4
3988560 2 4
3994001 1 5
3994203 1 5
3994240 2 5
3994203 4 -37
3994404 1 5
3994535 2 5
3994606 1 5
3994606 4 71
3994794 2 5
3994807 1 5
3994807 4 13
3994986 2 5
3995008 1 5
3995008 4 22
3995182 2 5
3995209 1 5
3995209 4 27
3995382 2 5
3995410 1 5
3995410 4 28
3995595 2 5
3995612 1 5
3995612 4 17
3995810 2 5
3995813 1 5
3995813 4 3
3996012 2 5
3996015 1 5
3996015 4 3
3996205 2 5
3996216 1 5
3996216 4 11
3996412 2 5
3996417 1 5
3996417 4 5
3996606 2 5
3996619 1 5
3996619 4 13
3996819 2 5
3996820 1 5
3996820 4 1
3997010 2 5
3997021 1 5
3997021 4 11
3997218 2 5
3997223 1 5
3997223 4 5
3997422 2 5
3997425 1 5
3997425 4 3
3997623 2 5
3997626 1 5
3997626 4 3
3997814 2 5
3997828 1 5
3997828 4 14
3998003 2 5
3998029 1 5
3998029 4 26
3998203 2 5
3998231 1 5
3998231 4 28
3998395 2 5
3998432 1 5
3998432 4 37
3998595 2 5
3998634 1 5
3998634 4 39
3998802 2 5
3998835 1 5
3998835 4 33
3999000 2 5
3999036 1 5
3999036 4 36
3999187 2 5
3999237 1 5
3999237 4 50
3999397 2 5
3999439 1 5
3999439 4 42
3999585 2 5
3999640 1 5
3999640 4 55
3999808 2 5
3999841 1 5
3999841 4 33
4000020 2 5
4000215 2 5
4000418 2 5
4000597 2 5
4000773 2 5
4000955 2 5
4001137 2 5
4001325 2 5
4001518 2 5
4001698 2 5
4001878 2 5
4002056 2 5
4002248 2 5
4002438 2 5
4002623 2 5
4002817 2 5
4002993 2 5
4003191 2 5
4003386 2 5
4003564 2 5
4003754 2 5
4060876 3 2622
4060875 5 90
