375224 5 120
375603 1 5
375805 1 5
381676 1 1.5
382344 1 1.5
382500 2 1.5
382344 4 -156
383011 1 1.5
383022 2 1.5
383011 4 -11
383614 2 1.5
383678 1 1.5
383678 4 64
384266 2 1.5
384346 1 1.5
384346 4 80
384925 2 1.5
385013 1 1.5
385013 4 88
385576 2 1.5
385680 1 1.5
385680 4 104
386275 2 1.5
386347 1 1.5
386347 4 72
386904 2 1.5
387015 1 1.5
387015 4 111
387528 2 1.5
387682 1 1.5
387682 4 154
388214 2 1.5
388350 1 1.5
388350 4 136
388841 2 1.5
389017 1 1.5
389017 4 176
389528 2 1.5
389684 1 1.5
389684 4 156
390153 2 1.5
390351 1 1.5
390351 4 198
390857 2 1.5
391018 1 1.5
391018 4 161
391620 2 1.5
391685 1 1.5
391685 4 65
392268 2 1.5
392353 1 1.5
392353 4 85
392915 2 1.5
393020 1 1.5
393020 4 105
393559 2 1.5
393687 1 1.5
393687 4 128
394275 2 1.5
394354 1 1.5
394354 4 79
394885 2 1.5
395022 1 1.5
395022 4 137
395536 2 1.5
395689 1 1.5
395689 4 153
396228 2 1.5
396356 1 1.5
396356 4 128
396884 2 1.5
397024 1 1.5
397024 4 140
397526 2 1.5
397692 1 1.5
397692 4 166
398200 2 1.5
398360 1 1.5
398360 4 160
399028 1 1.5
399091 2 1.5
399028 4 -63
399601 2 1.5
399695 1 1.5
399695 4 94
400223 2 1.5
400362 1 1.5
400362 4 139
400938 2 1.5
401029 1 1.5
401029 4 91
401579 2 1.5
401696 1 1.5
401696 4 117
402217 2 1.5
402813 2 1.5
403424 2 1.5
404044 2 1.5
404699 2 1.5
405313 2 1.5
405930 2 1.5
406543 2 1.5
407155 2 1.5
407723 2 1.5
408300 2 1.5
408862 2 1.5
409410 2 1.5
409947 2 1.5
410526 2 1.5
411075 2 1.5
411638 2 1.5
412163 2 1.5
412806 2 1.5
413348 2 1.5
413943 2 1.5
414496 2 1.5
415012 2 1.5
420394 1 4
420645 1 4
420897 1 4
420928 2 4
420897 4 -31
421098 2 4
421148 1 4
421148 4 50
421349 2 4
421399 1 4
421399 4 50
421612 2 4
421650 1 4
421650 4 38
421841 2 4
421901 1 4
421901 4 60
422128 2 4
422153 1 4
422153 4 25
422360 2 4
422405 1 4
422405 4 45
422618 2 4
422657 1 4
422657 4 39
422880 2 4
422908 1 4
422908 4 28
423124 2 4
423159 1 4
423159 4 35
423382 2 4
423411 1 4
423411 4 29
423624 2 4
423662 1 4
423662 4 38
423876 2 4
423913 1 4
423913 4 37
424135 2 4
424164 1 4
424164 4 29
424394 2 4
424415 1 4
424415 4 21
424638 2 4
424666 1 4
424666 4 28
424868 2 4
424917 1 4
424917 4 49
425099 2 4
425168 1 4
425168 4 69
425381 2 4
425420 1 4
425420 4 39
425630 2 4
425671 1 4
425671 4 41
425864 2 4
425923 1 4
425923 4 59
426149 2 4
426175 1 4
426175 4 26
426397 2 4
426426 1 4
426426 4 29
426646 2 4
426677 1 4
426677 4 31
426920 2 4
426928 1 4
426928 4 8
427153 2 4
427180 1 4
427180 4 27
427384 2 4
427431 1 4
427431 4 47
427668 2 4
427683 1 4
427683 4 15
427892 2 4
427934 1 4
427934 4 42
428129 2 4
428186 1 4
428186 4 57
428401 2 4
428437 1 4
428437 4 36
428631 2 4
428689 1 4
428689 4 58
428846 2 4
429153 2 4
429450 2 4
429852 2 4
430322 2 4
430852 2 4
431436 2 4
432037 2 4
432643 2 4
433229 2 4
440711 1 0.5
441205 2 0.5
440711 4 -494
442712 1 0.5
444461 2 0.5
444713 1 0.5
444713 4 252
446549 2 0.5
446649 2 0.5
446714 1 0.5
446714 4 65
448328 2 0.5
448715 1 0.5
448715 4 387
450716 1 0.5
450729 2 0.5
450716 4 -13
452717 1 0.5
452740 2 0.5
452717 4 -23
454718 1 0.5
454718 2 0.5
454718 4 -0
456548 2 0.5
456719 1 0.5
456719 4 171
458579 2 0.5
458721 1 0.5
458721 4 142
460720 2 0.5
460723 1 0.5
460723 4 3
462724 1 0.5
462755 2 0.5
462724 4 -31
464695 2 0.5
464726 1 0.5
464726 4 31
466727 1 0.5
466751 2 0.5
466727 4 -24
468668 2 0.5
468728 1 0.5
468728 4 60
470729 1 0.5
470831 2 0.5
470729 4 -102
472731 1 0.5
472769 2 0.5
472731 4 -38
474565 2 0.5
474732 1 0.5
474732 4 167
476628 2 0.5
476734 1 0.5
476734 4 106
478587 2 0.5
478735 1 0.5
478735 4 148
480658 2 0.5
480736 1 0.5
480736 4 78
482726 2 0.5
482737 1 0.5
482737 4 11
484667 2 0.5
484738 1 0.5
484738 4 71
486571 2 0.5
486741 1 0.5
486741 4 170
488421 2 0.5
488743 1 0.5
488743 4 322
490480 2 0.5
490744 1 0.5
490744 4 264
492450 2 0.5
492745 1 0.5
492745 4 295
494691 2 0.5
494747 1 0.5
494747 4 56
496378 2 0.5
496748 1 0.5
496748 4 370
498558 2 0.5
498749 1 0.5
498749 4 191
500648 2 0.5
500750 1 0.5
500750 4 102
502672 2 0.5
502751 1 0.5
502751 4 79
504753 1 0.5
512176 1 2
512677 1 2
512831 2 2
512677 4 -154
513093 2 2
513178 1 2
513178 4 85
513585 2 2
513679 1 2
513679 4 94
514108 2 2
514180 1 2
514180 4 72
514597 2 2
514681 1 2
514681 4 84
515112 2 2
515182 1 2
515182 4 70
515600 2 2
515683 1 2
515683 4 83
516103 2 2
516184 1 2
516184 4 81
516607 2 2
516685 1 2
516685 4 78
517074 2 2
517186 1 2
517186 4 112
517602 2 2
517687 1 2
517687 4 85
518091 2 2
518188 1 2
518188 4 97
518589 2 2
518689 1 2
518689 4 100
519128 2 2
519190 1 2
519190 4 62
519628 2 2
519692 1 2
519692 4 64
520129 2 2
520193 1 2
520193 4 64
520592 2 2
520694 1 2
520694 4 102
521118 2 2
521195 1 2
521195 4 77
521610 2 2
521696 1 2
521696 4 86
522108 2 2
522197 1 2
522197 4 89
522635 2 2
522698 1 2
522698 4 63
523134 2 2
523199 1 2
523199 4 65
523607 2 2
523700 1 2
523700 4 93
524099 2 2
524202 1 2
524202 4 103
524611 2 2
525153 2 2
525673 2 2
526208 2 2
526736 2 2
527269 2 2
527841 2 2
528383 2 2
529090 2 2
529535 2 2
529610 2 2
530219 2 2
530806 2 2
531382 2 2
531997 2 2
532582 2 2
533167 2 2
533723 2 2
534329 2 2
540332 1 1
541333 1 1
542244 2 1
542334 1 1
542334 4 90
543242 2 1
543336 1 1
543336 4 94
544149 2 1
544337 1 1
544337 4 188
545115 2 1
545338 1 1
545338 4 223
546105 2 1
546339 1 1
546339 4 234
547097 2 1
547341 1 1
547341 4 244
548232 2 1
548342 1 1
548342 4 110
549202 2 1
549343 1 1
549343 4 141
550199 2 1
550344 1 1
550344 4 145
551147 2 1
551346 1 1
551346 4 199
552177 2 1
552347 1 1
552347 4 170
553119 2 1
553348 1 1
553348 4 229
554147 2 1
554349 1 1
554349 4 202
555185 2 1
555350 1 1
555350 4 165
556080 2 1
556351 1 1
556351 4 271
557171 2 1
557352 1 1
557352 4 181
558151 2 1
558354 1 1
558354 4 203
559159 2 1
559355 1 1
559355 4 196
560113 2 1
560356 1 1
560356 4 243
561296 2 1
561357 1 1
561357 4 61
562271 2 1
562378 1 1
562378 4 107
563380 1 1
563559 2 1
563380 4 -179
564274 2 1
564382 1 1
564382 4 108
565224 2 1
565383 1 1
565383 4 159
566209 2 1
566384 1 1
566384 4 175
567200 2 1
567385 1 1
567385 4 185
568121 2 1
568387 1 1
568387 4 266
569063 2 1
569388 1 1
569388 4 325
570153 2 1
570390 1 1
570390 4 237
571252 2 1
571391 1 1
571391 4 139
572326 2 1
572392 1 1
572392 4 66
573334 2 1
573393 1 1
573393 4 59
574329 2 1
575331 2 1
576310 2 1
577287 2 1
578231 2 1
579192 2 1
580158 2 1
581102 2 1
582153 2 1
583197 2 1
584264 2 1
585303 2 1
586301 2 1
587277 2 1
588274 2 1
589291 2 1
590286 2 1
591425 2 1
592494 2 1
598750 1 3
599084 1 3
599418 1 3
599752 1 3
600086 1 3
600117 2 3
600086 4 -31
600395 2 3
600421 1 3
600421 4 26
600702 2 3
600755 1 3
600755 4 53
601056 2 3
601089 1 3
601089 4 33
601352 2 3
601423 1 3
601423 4 71
601696 2 3
601757 1 3
601757 4 61
602029 2 3
602092 1 3
602092 4 63
602377 2 3
602426 1 3
602426 4 49
602698 2 3
602760 1 3
602760 4 62
603022 2 3
603094 1 3
603094 4 72
603356 2 3
603428 1 3
603428 4 72
603675 2 3
603762 1 3
603762 4 87
604029 2 3
604097 1 3
604097 4 68
604367 2 3
604431 1 3
604431 4 64
604688 2 3
604765 1 3
604765 4 77
605027 2 3
605099 1 3
605099 4 72
605345 2 3
605433 1 3
605433 4 88
605689 2 3
605767 1 3
605767 4 78
606028 2 3
606102 1 3
606102 4 74
606361 2 3
606436 1 3
606436 4 75
606698 2 3
606771 1 3
606771 4 73
607005 2 3
607105 1 3
607105 4 100
607351 2 3
607439 1 3
607439 4 88
607700 2 3
607773 1 3
607773 4 73
608060 2 3
608108 1 3
608108 4 48
608376 2 3
608443 1 3
608443 4 67
608704 2 3
608777 1 3
608777 4 73
609037 2 3
609111 1 3
609111 4 74
609380 2 3
609445 1 3
609445 4 65
609722 2 3
610155 2 3
610634 2 3
611120 2 3
611621 2 3
612134 2 3
612685 2 3
613248 2 3
613791 2 3
614352 2 3
614904 2 3
615464 2 3
616041 2 3
662310 3 392
662310 5 30
662978 1 1.5
663645 1 1.5
663698 2 1.5
663645 4 -53
664294 2 1.5
664313 1 1.5
664313 4 19
664974 2 1.5
664980 1 1.5
664980 4 6
665609 2 1.5
665648 1 1.5
665648 4 39
666235 2 1.5
666315 1 1.5
666315 4 80
666926 2 1.5
666983 1 1.5
666983 4 57
667656 1 1.5
667659 2 1.5
667656 4 -3
668216 2 1.5
668323 1 1.5
668323 4 107
668846 2 1.5
668991 1 1.5
668991 4 145
669477 2 1.5
669658 1 1.5
669658 4 181
670128 2 1.5
670325 1 1.5
670325 4 197
670840 2 1.5
670992 1 1.5
670992 4 152
671494 2 1.5
671659 1 1.5
671659 4 165
672175 2 1.5
672326 1 1.5
672326 4 151
672849 2 1.5
672993 1 1.5
672993 4 144
673565 2 1.5
673660 1 1.5
673660 4 95
674215 2 1.5
674327 1 1.5
674327 4 112
674879 2 1.5
674994 1 1.5
674994 4 115
675491 2 1.5
675661 1 1.5
675661 4 170
676217 2 1.5
676328 1 1.5
676328 4 111
676892 2 1.5
676995 1 1.5
676995 4 103
677533 2 1.5
677663 1 1.5
677663 4 130
678156 2 1.5
678330 1 1.5
678330 4 174
678817 2 1.5
678998 1 1.5
678998 4 181
679470 2 1.5
680021 2 1.5
680478 2 1.5
680944 2 1.5
681366 2 1.5
681773 2 1.5
682147 2 1.5
682533 2 1.5
682868 2 1.5
683202 2 1.5
683544 2 1.5
683877 2 1.5
684175 2 1.5
684507 2 1.5
684825 2 1.5
685138 2 1.5
685462 2 1.5
685769 2 1.5
686079 2 1.5
686384 2 1.5
686705 2 1.5
687004 2 1.5
687324 2 1.5
687609 2 1.5
687920 2 1.5
688211 2 1.5
688529 2 1.5
688837 2 1.5
689137 2 1.5
689435 2 1.5
689746 2 1.5
690151 2 1.5
690460 2 1.5
690741 2 1.5
691055 2 1.5
691340 2 1.5
691636 2 1.5
691961 2 1.5
692268 2 1.5
697778 1 3
698113 1 3
698448 1 3
698712 2 3
698783 1 3
698783 4 71
699071 2 3
699117 1 3
699117 4 46
699432 2 3
699451 1 3
699451 4 19
699745 2 3
699786 1 3
699786 4 41
700091 2 3
700120 1 3
700120 4 29
700406 2 3
700454 1 3
700454 4 48
700740 2 3
700788 1 3
700788 4 48
701059 2 3
701122 1 3
701122 4 63
701407 2 3
701456 1 3
701456 4 49
701740 2 3
701790 1 3
701790 4 50
702051 2 3
702124 1 3
702124 4 73
702390 2 3
702459 1 3
702459 4 69
702716 2 3
702793 1 3
702793 4 77
703052 2 3
703128 1 3
703128 4 76
703386 2 3
703463 1 3
703463 4 77
703709 2 3
703798 1 3
703798 4 89
704061 2 3
704133 1 3
704133 4 72
704405 2 3
704468 1 3
704468 4 63
704744 2 3
704802 1 3
704802 4 58
705090 2 3
705136 1 3
705136 4 46
705423 2 3
705470 1 3
705470 4 47
705743 2 3
705805 1 3
705805 4 62
706059 2 3
706139 1 3
706139 4 80
706420 2 3
706473 1 3
706473 4 53
706769 2 3
706808 1 3
706808 4 39
707084 2 3
707143 1 3
707143 4 59
707420 2 3
707477 1 3
707477 4 57
707758 2 3
707811 1 3
707811 4 53
708042 2 3
708145 1 3
708145 4 103
708420 2 3
708480 1 3
708480 4 60
708791 2 3
708814 1 3
708814 4 23
709152 2 3
709504 2 3
709816 2 3
710183 2 3
710508 2 3
710831 2 3
711148 2 3
711450 2 3
711786 2 3
712125 2 3
712428 2 3
712734 2 3
713056 2 3
713381 2 3
713709 2 3
714026 2 3
714334 2 3
714647 2 3
714973 2 3
715281 2 3
720748 1 4
721000 1 4
721126 2 4
721251 1 4
721251 4 125
721355 2 4
721251 4 -104
721502 1 4
721567 2 4
721502 4 -65
721741 2 4
721754 1 4
721754 4 13
721963 2 4
722005 1 4
722005 4 42
722214 2 4
722256 1 4
722256 4 42
722497 2 4
722507 1 4
722507 4 10
722755 2 4
722758 1 4
722758 4 3
723010 1 4
723031 2 4
723010 4 -21
723254 2 4
723261 1 4
723261 4 7
723460 2 4
723513 1 4
723513 4 53
723728 2 4
723765 1 4
723765 4 37
723974 2 4
724017 1 4
724017 4 43
724239 2 4
724268 1 4
724268 4 29
724487 2 4
724519 1 4
724519 4 32
724750 2 4
724770 1 4
724770 4 20
725003 2 4
725021 1 4
725021 4 18
725245 2 4
725272 1 4
725272 4 27
725517 2 4
725524 1 4
725524 4 7
725762 2 4
725775 1 4
725775 4 13
726003 2 4
726026 1 4
726026 4 23
726258 2 4
726277 1 4
726277 4 19
726492 2 4
726528 1 4
726528 4 36
726778 2 4
726780 1 4
726780 4 2
727009 2 4
727259 2 4
727518 2 4
727778 2 4
728050 2 4
728294 2 4
728541 2 4
728792 2 4
729071 2 4
729302 2 4
729580 2 4
729834 2 4
730069 2 4
730334 2 4
730571 2 4
730810 2 4
731070 2 4
731305 2 4
731530 2 4
737004 1 5
737205 1 5
737406 1 5
737607 1 5
737624 2 5
737607 4 -17
737794 2 5
737808 1 5
737808 4 14
738009 1 5
738013 2 5
738009 4 -4
738210 1 5
738218 2 5
738210 4 -8
738408 2 5
738411 1 5
738411 4 3
738590 2 5
738612 1 5
738612 4 22
738813 1 5
738820 2 5
738813 4 -7
739014 1 5
739029 2 5
739014 4 -15
739215 1 5
739230 2 5
739215 4 -15
739415 2 5
739417 1 5
739417 4 2
739599 2 5
739618 1 5
739618 4 19
739791 2 5
739819 1 5
739819 4 28
739980 2 5
740020 1 5
740020 4 40
740221 1 5
740221 2 5
740221 4 -0
740412 2 5
740422 1 5
740422 4 10
740596 2 5
740623 1 5
740623 4 27
740775 2 5
740824 1 5
740824 4 49
740993 2 5
741025 1 5
741025 4 32
741226 1 5
741238 2 5
741226 4 -12
741427 1 5
741442 2 5
741427 4 -15
741624 2 5
741628 1 5
741628 4 4
741797 2 5
741829 1 5
741829 4 32
741981 2 5
742035 1 5
742035 4 54
742230 2 5
742236 1 5
742236 4 6
742458 2 5
742660 2 5
742922 2 5
743182 2 5
743488 2 5
743823 2 5
744182 2 5
744560 2 5
744939 2 5
745325 2 5
745715 2 5
746073 2 5
753260 1 0.5
753676 2 0.5
753260 4 -416
755261 1 0.5
755399 2 0.5
755261 4 -138
757116 2 0.5
757262 1 0.5
757262 4 146
758983 2 0.5
759263 1 0.5
759263 4 280
760872 2 0.5
761264 1 0.5
761264 4 392
762982 2 0.5
763265 1 0.5
763265 4 283
764998 2 0.5
765266 1 0.5
765266 4 268
767268 1 0.5
767336 2 0.5
767268 4 -68
769227 2 0.5
769269 1 0.5
769269 4 42
770990 2 0.5
771271 1 0.5
771271 4 281
772888 2 0.5
773272 1 0.5
773272 4 384
774947 2 0.5
775274 1 0.5
775274 4 327
776944 2 0.5
777276 1 0.5
777276 4 332
778994 2 0.5
779277 1 0.5
779277 4 283
781008 2 0.5
781279 1 0.5
781279 4 271
783166 2 0.5
783280 1 0.5
783280 4 114
785096 2 0.5
785282 1 0.5
785282 4 186
787107 2 0.5
787284 1 0.5
787284 4 177
788991 2 0.5
789285 1 0.5
789285 4 294
791085 2 0.5
791286 1 0.5
791286 4 201
793216 2 0.5
793287 1 0.5
793287 4 71
795266 2 0.5
795288 1 0.5
795288 4 22
797165 2 0.5
797289 1 0.5
797289 4 124
799290 1 0.5
799297 2 0.5
799290 4 -7
801241 2 0.5
801291 1 0.5
801291 4 50
803161 2 0.5
803292 1 0.5
803292 4 131
805014 2 0.5
805293 1 0.5
805293 4 279
807015 2 0.5
807294 1 0.5
807294 4 279
809005 2 0.5
810733 2 0.5
812299 2 0.5
813618 2 0.5
814819 2 0.5
815939 2 0.5
816971 2 0.5
817648 2 0.5
818208 2 0.5
818726 2 0.5
819236 2 0.5
819741 2 0.5
820234 2 0.5
820724 2 0.5
821200 2 0.5
821660 2 0.5
822117 2 0.5
822615 2 0.5
823083 2 0.5
823509 2 0.5
823942 2 0.5
824359 2 0.5
824747 2 0.5
825055 2 0.5
825383 2 0.5
825616 2 0.5
825859 2 0.5
826057 2 0.5
826276 2 0.5
826478 2 0.5
826687 2 0.5
826868 2 0.5
827087 2 0.5
827317 2 0.5
827563 2 0.5
827819 2 0.5
828078 2 0.5
828587 2 0.5
829146 2 0.5
829708 2 0.5
830276 2 0.5
830812 2 0.5
831358 2 0.5
831895 2 0.5
832417 2 0.5
834620 2 0.5
835064 2 0.5
835515 2 0.5
835937 2 0.5
836363 2 0.5
836776 2 0.5
837198 2 0.5
837615 2 0.5
838022 2 0.5
838453 2 0.5
838925 2 0.5
841226 2 0.5
841865 2 0.5
844956 2 0.5
845318 2 0.5
845799 2 0.5
846182 2 0.5
846557 2 0.5
846939 2 0.5
852820 1 2
853307 2 2
853322 1 2
853322 4 15
853685 2 2
853823 1 2
853823 4 138
854206 2 2
854324 1 2
854324 4 118
854738 2 2
854825 1 2
854825 4 87
855235 2 2
855327 1 2
855327 4 92
855723 2 2
855829 1 2
855829 4 106
856218 2 2
856330 1 2
856330 4 112
856722 2 2
856831 1 2
856831 4 109
857189 2 2
857332 1 2
857332 4 143
857694 2 2
857833 1 2
857833 4 139
858191 2 2
858335 1 2
858335 4 144
858701 2 2
858837 1 2
858837 4 136
859205 2 2
859339 1 2
859339 4 134
859680 2 2
859840 1 2
859840 4 160
860175 2 2
860342 1 2
860342 4 167
860719 2 2
860843 1 2
860843 4 124
861188 2 2
861344 1 2
861344 4 156
861683 2 2
861845 1 2
861845 4 162
862163 2 2
862347 1 2
862347 4 184
862706 2 2
862848 1 2
862848 4 142
863202 2 2
863350 1 2
863350 4 148
863714 2 2
863851 1 2
863851 4 137
864193 2 2
864352 1 2
864352 4 159
864689 2 2
864854 1 2
864854 4 165
865217 2 2
865355 1 2
865355 4 138
865725 2 2
865856 1 2
865856 4 131
866220 2 2
866642 2 2
867040 2 2
867420 2 2
867765 2 2
868112 2 2
868431 2 2
868751 2 2
869076 2 2
869397 2 2
869723 2 2
870029 2 2
870345 2 2
870635 2 2
870955 2 2
871272 2 2
871573 2 2
871898 2 2
872216 2 2
872527 2 2
872794 2 2
873102 2 2
873414 2 2
873733 2 2
874047 2 2
874359 2 2
874660 2 2
874973 2 2
875284 2 2
875594 2 2
881880 1 1
882291 2 1
881880 4 -411
882729 2 1
882881 1 1
882881 4 152
883747 2 1
883882 1 1
883882 4 135
884785 2 1
884883 1 1
884883 4 98
885764 2 1
885884 1 1
885884 4 120
886748 2 1
886885 1 1
886885 4 137
887718 2 1
887886 1 1
887886 4 168
888703 2 1
888888 1 1
888888 4 185
889612 2 1
889889 1 1
889889 4 277
890665 2 1
890891 1 1
890891 4 226
891733 2 1
891892 1 1
891892 4 159
892717 2 1
892893 1 1
892893 4 176
893757 2 1
893895 1 1
893895 4 138
894744 2 1
894896 1 1
894896 4 152
895750 2 1
895897 1 1
895897 4 147
896758 2 1
896898 1 1
896898 4 140
897725 2 1
897899 1 1
897899 4 174
898719 2 1
898900 1 1
898900 4 181
899732 2 1
899901 1 1
899901 4 169
900727 2 1
900903 1 1
900903 4 176
901851 2 1
901904 1 1
901904 4 53
902817 2 1
902905 1 1
902905 4 88
903742 2 1
903906 1 1
903906 4 164
904749 2 1
904908 1 1
904908 4 159
905657 2 1
905910 1 1
905910 4 253
906696 2 1
906911 1 1
906911 4 215
907716 2 1
907912 1 1
907912 4 196
908766 2 1
908914 1 1
908914 4 148
909762 2 1
909915 1 1
909915 4 153
910772 2 1
910916 1 1
910916 4 144
911738 2 1
911917 1 1
911917 4 179
912817 2 1
912919 1 1
912919 4 102
913759 2 1
913920 1 1
913920 4 161
914733 2 1
915621 2 1
916470 2 1
917346 2 1
918184 2 1
919026 2 1
919855 2 1
920682 2 1
921495 2 1
922356 2 1
923235 2 1
924101 2 1
924946 2 1
925807 2 1
926638 2 1
927478 2 1
928352 2 1
929176 2 1
930027 2 1
930832 2 1
931671 2 1
932558 2 1
933320 2 1
984260 3 790
984259 5 90
986263 1 0.5
987009 2 0.5
986263 4 -746
987507 2 0.5
988264 1 0.5
988264 4 757
988420 2 0.5
988264 4 -156
990082 2 0.5
990266 1 0.5
990266 4 184
991942 2 0.5
992267 1 0.5
992267 4 325
994030 2 0.5
994268 1 0.5
994268 4 238
995991 2 0.5
996269 1 0.5
996269 4 278
997883 2 0.5
998270 1 0.5
998270 4 387
1000204 2 0.5
1000271 1 0.5
1000271 4 67
1002101 2 0.5
1002272 1 0.5
1002272 4 171
1004009 2 0.5
1004274 1 0.5
1004274 4 265
1006275 1 0.5
1006302 2 0.5
1006275 4 -27
1007894 2 0.5
1008277 1 0.5
1008277 4 383
1010062 2 0.5
1010279 1 0.5
1010279 4 217
1012098 2 0.5
1012280 1 0.5
1012280 4 182
1014047 2 0.5
1014281 1 0.5
1014281 4 234
1015988 2 0.5
1016283 1 0.5
1016283 4 295
1017999 2 0.5
1018285 1 0.5
1018285 4 286
1020033 2 0.5
1020286 1 0.5
1020286 4 253
1021972 2 0.5
1022287 1 0.5
1022287 4 315
1024187 2 0.5
1024289 1 0.5
1024289 4 102
1026186 2 0.5
1026291 1 0.5
1026291 4 105
1028092 2 0.5
1028293 1 0.5
1028293 4 201
1030145 2 0.5
1030295 1 0.5
1030295 4 150
1032058 2 0.5
1032296 1 0.5
1032296 4 238
1034209 2 0.5
1034297 1 0.5
1034297 4 88
1036115 2 0.5
1036298 1 0.5
1036298 4 183
1038012 2 0.5
1038299 1 0.5
1038299 4 287
1040055 2 0.5
1040300 1 0.5
1040300 4 245
1041977 2 0.5
1042301 1 0.5
1042301 4 324
1044164 2 0.5
1044303 1 0.5
1044303 4 139
1046141 2 0.5
1046304 1 0.5
1046304 4 163
1048249 2 0.5
1048305 1 0.5
1048305 4 56
1050194 2 0.5
1052110 2 0.5
1054052 2 0.5
1055854 2 0.5
1057545 2 0.5
1059126 2 0.5
1060433 2 0.5
1061314 2 0.5
1062080 2 0.5
1062899 2 0.5
1063688 2 0.5
1064775 2 0.5
1065513 2 0.5
1066254 2 0.5
1066959 2 0.5
1067676 2 0.5
1068371 2 0.5
1069091 2 0.5
1069800 2 0.5
1070532 2 0.5
1071255 2 0.5
1071972 2 0.5
1072700 2 0.5
1073418 2 0.5
1074160 2 0.5
1074884 2 0.5
1075604 2 0.5
1076340 2 0.5
1077090 2 0.5
1077805 2 0.5
1078535 2 0.5
1079235 2 0.5
1079955 2 0.5
1080668 2 0.5
1081407 2 0.5
1082149 2 0.5
1082884 2 0.5
1083590 2 0.5
1084341 2 0.5
1085068 2 0.5
1085814 2 0.5
1086540 2 0.5
1087283 2 0.5
1087990 2 0.5
1093829 1 2
1094331 1 2
1094385 2 2
1094331 4 -54
1094731 2 2
1094833 1 2
1094833 4 102
1095210 2 2
1095335 1 2
1095335 4 125
1095740 2 2
1095837 1 2
1095837 4 97
1096270 2 2
1096338 1 2
1096338 4 68
1096774 2 2
1096839 1 2
1096839 4 65
1097338 2 2
1097340 1 2
1097340 4 2
1097832 2 2
1097841 1 2
1097841 4 9
1098307 2 2
1098342 1 2
1098342 4 35
1098788 2 2
1098843 1 2
1098843 4 55
1099268 2 2
1099345 1 2
1099345 4 77
1099782 2 2
1099847 1 2
1099847 4 65
1100307 2 2
1100348 1 2
1100348 4 41
1100802 2 2
1100849 1 2
1100849 4 47
1101281 2 2
1101350 1 2
1101350 4 69
1101773 2 2
1101852 1 2
1101852 4 79
1102272 2 2
1102353 1 2
1102353 4 81
1102803 2 2
1102854 1 2
1102854 4 51
1103327 2 2
1103355 1 2
1103355 4 28
1103803 2 2
1103856 1 2
1103856 4 53
1104332 2 2
1104357 1 2
1104357 4 25
1104829 2 2
1104858 1 2
1104858 4 29
1105301 2 2
1105360 1 2
1105360 4 59
1105824 2 2
1105861 1 2
1105861 4 37
1106304 2 2
1106362 1 2
1106362 4 58
1106758 2 2
1106863 1 2
1106863 4 105
1107326 2 2
1107364 1 2
1107364 4 38
1107829 2 2
1107866 1 2
1107866 4 37
1108280 2 2
1108368 1 2
1108368 4 88
1108813 2 2
1108869 1 2
1108869 4 56
1109326 2 2
1109370 1 2
1109370 4 44
1109840 2 2
1110339 2 2
1110825 2 2
1111325 2 2
1111826 2 2
1112299 2 2
1112786 2 2
1113293 2 2
1113794 2 2
1114301 2 2
1114816 2 2
1115298 2 2
1115796 2 2
1116302 2 2
1116797 2 2
1117316 2 2
1117800 2 2
1118286 2 2
1118769 2 2
1119267 2 2
1124643 1 4
1124894 1 4
1125034 2 4
1125145 1 4
1125145 4 111
1125387 2 4
1125396 1 4
1125396 4 9
1125614 2 4
1125647 1 4
1125647 4 33
1125891 2 4
1125898 1 4
1125898 4 7
1126149 1 4
1126246 2 4
1126149 4 -97
1126400 1 4
1126500 2 4
1126400 4 -100
1126651 1 4
1126683 2 4
1126651 4 -32
1126902 1 4
1126954 2 4
1126902 4 -52
1127154 1 4
1127173 2 4
1127154 4 -19
1127406 1 4
1127417 2 4
1127406 4 -11
1127653 2 4
1127657 1 4
1127657 4 4
1127903 2 4
1127909 1 4
1127909 4 6
1128160 1 4
1128161 2 4
1128160 4 -1
1128394 2 4
1128411 1 4
1128411 4 17
1128641 2 4
1128663 1 4
1128663 4 22
1128885 2 4
1128914 1 4
1128914 4 29
1129147 2 4
1129165 1 4
1129165 4 18
1129395 2 4
1129416 1 4
1129416 4 21
1129658 2 4
1129668 1 4
1129668 4 10
1129893 2 4
1129919 1 4
1129919 4 26
1130132 2 4
1130170 1 4
1130170 4 38
1130400 2 4
1130421 1 4
1130421 4 21
1130645 2 4
1130673 1 4
1130673 4 28
1130907 2 4
1131212 2 4
1131595 2 4
1132030 2 4
1132502 2 4
1133086 2 4
1133595 2 4
1134161 2 4
1134708 2 4
1135263 2 4
1141361 1 1.5
1142014 2 1.5
1142028 1 1.5
1142028 4 14
1142674 2 1.5
1142695 1 1.5
1142695 4 21
1143346 2 1.5
1143362 1 1.5
1143362 4 16
1144004 2 1.5
1144029 1 1.5
1144029 4 25
1144635 2 1.5
1144696 1 1.5
1144696 4 61
1145363 1 1.5
1145364 2 1.5
1145363 4 -1
1146004 2 1.5
1146031 1 1.5
1146031 4 27
1146649 2 1.5
1146699 1 1.5
1146699 4 50
1147262 2 1.5
1147367 1 1.5
1147367 4 105
1147931 2 1.5
1148034 1 1.5
1148034 4 103
1148600 2 1.5
1148702 1 1.5
1148702 4 102
1149304 2 1.5
1149369 1 1.5
1149369 4 65
1149954 2 1.5
1150037 1 1.5
1150037 4 83
1150586 2 1.5
1150704 1 1.5
1150704 4 118
1151245 2 1.5
1151371 1 1.5
1151371 4 126
1151978 2 1.5
1152038 1 1.5
1152038 4 60
1152616 2 1.5
1152705 1 1.5
1152705 4 89
1153298 2 1.5
1153373 1 1.5
1153373 4 75
1153920 2 1.5
1154040 1 1.5
1154040 4 120
1154593 2 1.5
1154707 1 1.5
1154707 4 114
1155238 2 1.5
1155374 1 1.5
1155374 4 136
1155946 2 1.5
1156041 1 1.5
1156041 4 95
1156616 2 1.5
1156708 1 1.5
1156708 4 92
1157279 2 1.5
1157375 1 1.5
1157375 4 96
1157951 2 1.5
1158043 1 1.5
1158043 4 92
1158607 2 1.5
1158710 1 1.5
1158710 4 103
1159301 2 1.5
1159378 1 1.5
1159378 4 77
1159973 2 1.5
1160045 1 1.5
1160045 4 72
1160630 2 1.5
1160712 1 1.5
1160712 4 82
1161261 2 1.5
1161380 1 1.5
1161380 4 119
1161933 2 1.5
1162600 2 1.5
1163231 2 1.5
1163876 2 1.5
1164536 2 1.5
1165210 2 1.5
1165855 2 1.5
1166529 2 1.5
1167167 2 1.5
1167830 2 1.5
1168478 2 1.5
1169119 2 1.5
1169733 2 1.5
1170392 2 1.5
1171053 2 1.5
1171719 2 1.5
1172340 2 1.5
1173014 2 1.5
1173656 2 1.5
1174284 2 1.5
1179923 1 5
1180124 1 5
1180326 1 5
1180528 1 5
1180723 2 5
1180729 1 5
1180729 4 6
1180931 1 5
1180942 2 5
1180931 4 -11
1181133 1 5
1181133 2 5
1181133 4 -0
1181334 1 5
1181340 2 5
1181334 4 -6
1181536 1 5
1181554 2 5
1181536 4 -18
1181737 1 5
1181763 2 5
1181737 4 -26
1181938 1 5
1181958 2 5
1181938 4 -20
1182140 1 5
1182158 2 5
1182140 4 -18
1182339 2 5
1182341 1 5
1182341 4 2
1182512 2 5
1182542 1 5
1182542 4 30
1182674 2 5
1182743 1 5
1182743 4 69
1182938 2 5
1182945 1 5
1182945 4 7
1183146 1 5
1183156 2 5
1183146 4 -10
1183347 1 5
1183347 2 5
1183347 4 -0
1183529 2 5
1183549 1 5
1183549 4 20
1183708 2 5
1183750 1 5
1183750 4 42
1183891 2 5
1183951 1 5
1183951 4 60
1184153 1 5
1184156 2 5
1184153 4 -3
1184350 2 5
1184354 1 5
1184354 4 4
1184548 2 5
1184555 1 5
1184555 4 7
1184743 2 5
1184756 1 5
1184756 4 13
1184941 2 5
1184958 1 5
1184958 4 17
1185120 2 5
1185305 2 5
1185488 2 5
1185666 2 5
1185885 2 5
1186066 2 5
1186266 2 5
1186450 2 5
1186716 2 5
1186954 2 5
1187183 2 5
1187372 2 5
1187624 2 5
1187812 2 5
1188054 2 5
1188250 2 5
1188458 2 5
1188641 2 5
1188838 2 5
1194422 1 3
1194756 1 3
1195090 1 3
1195424 1 3
1195688 2 3
1195758 1 3
1195758 4 70
1196073 2 3
1196092 1 3
1196092 4 19
1196402 2 3
1196426 1 3
1196426 4 24
1196738 2 3
1196760 1 3
1196760 4 22
1197076 2 3
1197094 1 3
1197094 4 18
1197397 2 3
1197428 1 3
1197428 4 31
1197716 2 3
1197762 1 3
1197762 4 46
1198070 2 3
1198097 1 3
1198097 4 27
1198388 2 3
1198432 1 3
1198432 4 44
1198720 2 3
1198766 1 3
1198766 4 46
1199081 2 3
1199101 1 3
1199101 4 20
1199403 2 3
1199435 1 3
1199435 4 32
1199708 2 3
1199770 1 3
1199770 4 62
1200064 2 3
1200104 1 3
1200104 4 40
1200381 2 3
1200438 1 3
1200438 4 57
1200692 2 3
1200773 1 3
1200773 4 81
1201075 2 3
1201107 1 3
1201107 4 32
1201425 2 3
1201442 1 3
1201442 4 17
1201719 2 3
1201776 1 3
1201776 4 57
1202050 2 3
1202110 1 3
1202110 4 60
1202350 2 3
1202444 1 3
1202444 4 94
1202716 2 3
1203095 2 3
1203470 2 3
1203829 2 3
1204210 2 3
1204608 2 3
1205069 2 3
1205558 2 3
1206135 2 3
1206796 2 3
1207350 2 3
1207852 2 3
1208408 2 3
1208974 2 3
1215127 1 1
1215798 2 1
1216128 1 1
1216128 4 330
1217105 2 1
1217130 1 1
1217130 4 25
1218034 2 1
1218132 1 1
1218132 4 98
1219071 2 1
1219133 1 1
1219133 4 62
1220015 2 1
1220134 1 1
1220134 4 119
1220984 2 1
1221135 1 1
1221135 4 151
1221920 2 1
1222137 1 1
1222137 4 217
1222951 2 1
1223139 1 1
1223139 4 188
1223951 2 1
1224140 1 1
1224140 4 189
1224962 2 1
1225141 1 1
1225141 4 179
1225987 2 1
1226142 1 1
1226142 4 155
1227067 2 1
1227143 1 1
1227143 4 76
1228037 2 1
1228145 1 1
1228145 4 108
1229057 2 1
1229146 1 1
1229146 4 89
1230038 2 1
1230147 1 1
1230147 4 109
1231064 2 1
1231149 1 1
1231149 4 85
1232036 2 1
1232150 1 1
1232150 4 114
1233001 2 1
1233151 1 1
1233151 4 150
1234056 2 1
1234153 1 1
1234153 4 97
1235077 2 1
1235154 1 1
1235154 4 77
1236076 2 1
1236155 1 1
1236155 4 79
1237060 2 1
1237157 1 1
1237157 4 97
1238037 2 1
1238158 1 1
1238158 4 121
1238974 2 1
1239159 1 1
1239159 4 185
1239979 2 1
1240160 1 1
1240160 4 181
1241058 2 1
1241161 1 1
1241161 4 103
1242035 2 1
1242163 1 1
1242163 4 128
1243074 2 1
1243164 1 1
1243164 4 90
1244071 2 1
1244165 1 1
1244165 4 94
1245151 2 1
1245166 1 1
1245166 4 15
1246148 2 1
1246168 1 1
1246168 4 20
1247127 2 1
1247170 1 1
1247170 4 43
1248162 2 1
1249144 2 1
1250150 2 1
1251076 2 1
1252024 2 1
1253009 2 1
1253957 2 1
1254932 2 1
1255863 2 1
1256707 2 1
1257770 2 1
1258696 2 1
1259590 2 1
1260550 2 1
1261499 2 1
1262489 2 1
1263456 2 1
1264441 2 1
1265433 2 1
1266326 2 1
1267228 2 1
1300114 3 1131
1300113 5 60
1301116 1 1
1301644 2 1
1302071 2 1
1302117 1 1
1302117 4 46
1303060 2 1
1303118 1 1
1303118 4 58
1304017 2 1
1304120 1 1
1304120 4 103
1305054 2 1
1305122 1 1
1305122 4 68
1306037 2 1
1306123 1 1
1306123 4 86
1307009 2 1
1307124 1 1
1307124 4 115
1307972 2 1
1308126 1 1
1308126 4 154
1309002 2 1
1309127 1 1
1309127 4 125
1310025 2 1
1310128 1 1
1310128 4 103
1311104 2 1
1311129 1 1
1311129 4 25
1312014 2 1
1312130 1 1
1312130 4 116
1312920 2 1
1313131 1 1
1313131 4 211
1313975 2 1
1314132 1 1
1314132 4 157
1315048 2 1
1315133 1 1
1315133 4 85
1316020 2 1
1316134 1 1
1316134 4 114
1316969 2 1
1317135 1 1
1317135 4 166
1317964 2 1
1318136 1 1
1318136 4 172
1319089 2 1
1319137 1 1
1319137 4 48
1320048 2 1
1320139 1 1
1320139 4 91
1320956 2 1
1321140 1 1
1321140 4 184
1321953 2 1
1322141 1 1
1322141 4 188
1322967 2 1
1323142 1 1
1323142 4 175
1323939 2 1
1324144 1 1
1324144 4 205
1324933 2 1
1325145 1 1
1325145 4 212
1326011 2 1
1326912 2 1
1327802 2 1
1328673 2 1
1329563 2 1
1330437 2 1
1331258 2 1
1332078 2 1
1332915 2 1
1333736 2 1
1334656 2 1
1335489 2 1
1336293 2 1
1337132 2 1
1337965 2 1
1338819 2 1
1339578 2 1
1340327 2 1
1341075 2 1
1341843 2 1
1342570 2 1
1343333 2 1
1344093 2 1
1344861 2 1
1350527 1 4
1350778 1 4
1351030 1 4
1351082 2 4
1351030 4 -52
1351281 1 4
1351282 2 4
1351281 4 -1
1351532 1 4
1351547 2 4
1351532 4 -15
1351783 1 4
1351786 2 4
1351783 4 -3
1352034 1 4
1352050 2 4
1352034 4 -16
1352264 2 4
1352285 1 4
1352285 4 21
1352522 2 4
1352536 1 4
1352536 4 14
1352779 2 4
1352787 1 4
1352787 4 8
1353038 1 4
1353045 2 4
1353038 4 -7
1353278 2 4
1353289 1 4
1353289 4 11
1353514 2 4
1353540 1 4
1353540 4 26
1353755 2 4
1353791 1 4
1353791 4 36
1354028 2 4
1354042 1 4
1354042 4 14
1354268 2 4
1354296 1 4
1354296 4 28
1354507 2 4
1354547 1 4
1354547 4 40
1354777 2 4
1354798 1 4
1354798 4 21
1355032 2 4
1355049 1 4
1355049 4 17
1355262 2 4
1355300 1 4
1355300 4 38
1355527 2 4
1355551 1 4
1355551 4 24
1355779 2 4
1355802 1 4
1355802 4 23
1356020 2 4
1356053 1 4
1356053 4 33
1356312 1 4
1356312 2 4
1356312 4 -0
1356562 2 4
1356563 1 4
1356563 4 1
1356766 2 4
1356814 1 4
1356814 4 48
1357046 2 4
1357065 1 4
1357065 4 19
1357292 2 4
1357316 1 4
1357316 4 24
1357534 2 4
1357567 1 4
1357567 4 33
1357764 2 4
1357818 1 4
1357818 4 54
1358045 2 4
1358069 1 4
1358069 4 24
1358314 2 4
1358320 1 4
1358320 4 6
1358521 2 4
1358571 1 4
1358571 4 50
1358792 2 4
1359068 2 4
1359337 2 4
1359583 2 4
1359875 2 4
1360186 2 4
1360502 2 4
1360833 2 4
1361211 2 4
1361602 2 4
1361971 2 4
1362332 2 4
1362742 2 4
1363110 2 4
1363523 2 4
1369094 1 2
1369595 1 2
1369600 2 2
1369595 4 -5
1370037 2 2
1370097 1 2
1370097 4 60
1370535 2 2
1370598 1 2
1370598 4 63
1371046 2 2
1371099 1 2
1371099 4 53
1371540 2 2
1371600 1 2
1371600 4 60
1372039 2 2
1372101 1 2
1372101 4 62
1372530 2 2
1372602 1 2
1372602 4 72
1373052 2 2
1373103 1 2
1373103 4 51
1373533 2 2
1373605 1 2
1373605 4 72
1374020 2 2
1374107 1 2
1374107 4 87
1374513 2 2
1374608 1 2
1374608 4 95
1375073 2 2
1375109 1 2
1375109 4 36
1375544 2 2
1375610 1 2
1375610 4 66
1376021 2 2
1376111 1 2
1376111 4 90
1376551 2 2
1376612 1 2
1376612 4 61
1377084 2 2
1377113 1 2
1377113 4 29
1377539 2 2
1377615 1 2
1377615 4 76
1378061 2 2
1378116 1 2
1378116 4 55
1378565 2 2
1378618 1 2
1378618 4 53
1379066 2 2
1379119 1 2
1379119 4 53
1379579 2 2
1379620 1 2
1379620 4 41
1380063 2 2
1380121 1 2
1380121 4 58
1380585 2 2
1380622 1 2
1380622 4 37
1381069 2 2
1381124 1 2
1381124 4 55
1381562 2 2
1381626 1 2
1381626 4 64
1382063 2 2
1382570 2 2
1383086 2 2
1383559 2 2
1384053 2 2
1384559 2 2
1385028 2 2
1385527 2 2
1386003 2 2
1386479 2 2
1386968 2 2
1387446 2 2
1387951 2 2
1388442 2 2
1388937 2 2
1389470 2 2
1389944 2 2
1390422 2 2
1390915 2 2
1391420 2 2
1396982 1 3
1397317 1 3
1397652 1 3
1397986 1 3
1398294 2 3
1398320 1 3
1398320 4 26
1398610 2 3
1398654 1 3
1398654 4 44
1398966 2 3
1398989 1 3
1398989 4 23
1399300 2 3
1399323 1 3
1399323 4 23
1399620 2 3
1399657 1 3
1399657 4 37
1399931 2 3
1399991 1 3
1399991 4 60
1400295 2 3
1400325 1 3
1400325 4 30
1400602 2 3
1400660 1 3
1400660 4 58
1400966 2 3
1400994 1 3
1400994 4 28
1401288 2 3
1401328 1 3
1401328 4 40
1401619 2 3
1401663 1 3
1401663 4 44
1401958 2 3
1401998 1 3
1401998 4 40
1402310 2 3
1402332 1 3
1402332 4 22
1402617 2 3
1402666 1 3
1402666 4 49
1402940 2 3
1403001 1 3
1403001 4 61
1403263 2 3
1403335 1 3
1403335 4 72
1403623 2 3
1403670 1 3
1403670 4 47
1403960 2 3
1404004 1 3
1404004 4 44
1404329 2 3
1404338 1 3
1404338 4 9
1404661 2 3
1404673 1 3
1404673 4 12
1404974 2 3
1405007 1 3
1405007 4 33
1405302 2 3
1405341 1 3
1405341 4 39
1405629 2 3
1405675 1 3
1405675 4 46
1405989 2 3
1406009 1 3
1406009 4 20
1406313 2 3
1406343 1 3
1406343 4 30
1406657 2 3
1406677 1 3
1406677 4 20
1406954 2 3
1407011 1 3
1407011 4 57
1407308 2 3
1407648 2 3
1408007 2 3
1408346 2 3
1408681 2 3
1409045 2 3
1409402 2 3
1409747 2 3
1410090 2 3
1410434 2 3
1410798 2 3
1411253 2 3
1411567 2 3
1411913 2 3
1412273 2 3
1412614 2 3
1412942 2 3
1413287 2 3
1413629 2 3
1418999 1 5
1419200 1 5
1419350 2 5
1419401 1 5
1419401 4 51
1419559 2 5
1419602 1 5
1419602 4 43
1419748 2 5
1419803 1 5
1419803 4 55
1419922 2 5
1420005 1 5
1420005 4 83
1420097 2 5
1420005 4 -92
1420206 1 5
1420289 2 5
1420206 4 -83
1420408 1 5
1420487 2 5
1420408 4 -79
1420609 1 5
1420674 2 5
1420609 4 -65
1420810 1 5
1420870 2 5
1420810 4 -60
1421011 1 5
1421043 2 5
1421011 4 -32
1421212 1 5
1421215 2 5
1421212 4 -3
1421413 1 5
1421414 2 5
1421413 4 -1
1421608 2 5
1421614 1 5
1421614 4 6
1421799 2 5
1421816 1 5
1421816 4 17
1421992 2 5
1422017 1 5
1422017 4 25
1422198 2 5
1422218 1 5
1422218 4 20
1422419 1 5
1422441 2 5
1422419 4 -22
1422620 1 5
1422641 2 5
1422620 4 -21
1422821 1 5
1422838 2 5
1422821 4 -17
1423021 2 5
1423023 1 5
1423023 4 2
1423205 2 5
1423225 1 5
1423225 4 20
1423426 1 5
1423432 2 5
1423426 4 -6
1423628 1 5
1423634 2 5
1423628 4 -6
1423819 2 5
1423830 1 5
1423830 4 11
1424004 2 5
1424032 1 5
1424032 4 28
1424186 2 5
1424233 1 5
1424233 4 47
1424354 2 5
1424435 1 5
1424435 4 81
1424592 2 5
1424637 1 5
1424637 4 45
1424838 1 5
1424844 2 5
1424838 4 -6
1425039 1 5
1425240 2 5
1425459 2 5
1425748 2 5
1425959 2 5
1426217 2 5
1426405 2 5
1426619 2 5
1426823 2 5
1427031 2 5
1427258 2 5
1427517 2 5
1427752 2 5
1427955 2 5
1428159 2 5
1428366 2 5
1428571 2 5
1428843 2 5
1434729 1 1.5
1435191 2 1.5
1435396 1 1.5
1435396 4 205
1436024 2 1.5
1436063 1 1.5
1436063 4 39
1436694 2 1.5
1436731 1 1.5
1436731 4 37
1437322 2 1.5
1437398 1 1.5
1437398 4 76
1437984 2 1.5
1438065 1 1.5
1438065 4 81
1438615 2 1.5
1438732 1 1.5
1438732 4 117
1439309 2 1.5
1439399 1 1.5
1439399 4 90
1440007 2 1.5
1440066 1 1.5
1440066 4 59
1440625 2 1.5
1440734 1 1.5
1440734 4 109
1441253 2 1.5
1441401 1 1.5
1441401 4 148
1441965 2 1.5
1442068 1 1.5
1442068 4 103
1442664 2 1.5
1442735 1 1.5
1442735 4 71
1443334 2 1.5
1443402 1 1.5
1443402 4 68
1443963 2 1.5
1444069 1 1.5
1444069 4 106
1444632 2 1.5
1444736 1 1.5
1444736 4 104
1445306 2 1.5
1445403 1 1.5
1445403 4 97
1445967 2 1.5
1446070 1 1.5
1446070 4 103
1446653 2 1.5
1446737 1 1.5
1446737 4 84
1447338 2 1.5
1447404 1 1.5
1447404 4 66
1448060 2 1.5
1448071 1 1.5
1448071 4 11
1448684 2 1.5
1448738 1 1.5
1448738 4 54
1449332 2 1.5
1449405 1 1.5
1449405 4 73
1450003 2 1.5
1450072 1 1.5
1450072 4 69
1450678 2 1.5
1450739 1 1.5
1450739 4 61
1451331 2 1.5
1451406 1 1.5
1451406 4 75
1452002 2 1.5
1452073 1 1.5
1452073 4 71
1452622 2 1.5
1452741 1 1.5
1452741 4 119
1453298 2 1.5
1453408 1 1.5
1453408 4 110
1453878 2 1.5
1454075 1 1.5
1454075 4 197
1454663 2 1.5
1454742 1 1.5
1454742 4 79
1455317 2 1.5
1455410 1 1.5
1455410 4 93
1456077 1 1.5
1456081 2 1.5
1456077 4 -4
1456652 2 1.5
1456744 1 1.5
1456744 4 92
1457319 2 1.5
1458016 2 1.5
1458672 2 1.5
1459338 2 1.5
1460002 2 1.5
1460661 2 1.5
1461347 2 1.5
1461991 2 1.5
1462628 2 1.5
1463277 2 1.5
1463959 2 1.5
1464533 2 1.5
1465200 2 1.5
1465883 2 1.5
1466604 2 1.5
1467239 2 1.5
1467909 2 1.5
1468602 2 1.5
1469242 2 1.5
1469877 2 1.5
1477089 1 0.5
1477850 2 0.5
1477089 4 -761
1479090 1 0.5
1481091 1 0.5
1481167 2 0.5
1481091 4 -76
1482665 2 0.5
1483093 1 0.5
1483093 4 428
1484752 2 0.5
1485094 1 0.5
1485094 4 342
1486772 2 0.5
1487095 1 0.5
1487095 4 323
1488711 2 0.5
1489097 1 0.5
1489097 4 386
1490759 2 0.5
1491098 1 0.5
1491098 4 339
1492687 2 0.5
1493099 1 0.5
1493099 4 412
1494697 2 0.5
1495101 1 0.5
1495101 4 404
1496546 2 0.5
1497102 1 0.5
1497102 4 556
1498589 2 0.5
1499103 1 0.5
1499103 4 514
1500534 2 0.5
1501105 1 0.5
1501105 4 571
1502492 2 0.5
1503107 1 0.5
1503107 4 615
1504728 2 0.5
1505109 1 0.5
1505109 4 381
1506850 2 0.5
1507110 1 0.5
1507110 4 260
1508984 2 0.5
1509111 1 0.5
1509111 4 127
1511059 2 0.5
1511113 1 0.5
1511113 4 54
1512910 2 0.5
1513114 1 0.5
1513114 4 204
1515095 2 0.5
1515115 1 0.5
1515115 4 20
1516928 2 0.5
1517116 1 0.5
1517116 4 188
1518890 2 0.5
1519117 1 0.5
1519117 4 227
1521106 2 0.5
1521118 1 0.5
1521118 4 12
1522945 2 0.5
1523120 1 0.5
1523120 4 175
1524908 2 0.5
1525122 1 0.5
1525122 4 214
1526956 2 0.5
1527123 1 0.5
1527123 4 167
1529060 2 0.5
1529124 1 0.5
1529124 4 64
1531033 2 0.5
1531125 1 0.5
1531125 4 92
1533126 1 0.5
1533200 2 0.5
1533126 4 -74
1534998 2 0.5
1535127 1 0.5
1535127 4 129
1536800 2 0.5
1538930 2 0.5
1541295 2 0.5
1543215 2 0.5
1545093 2 0.5
1546908 2 0.5
1548718 2 0.5
1550677 2 0.5
1552333 2 0.5
1553845 2 0.5
1555294 2 0.5
1556549 2 0.5
1557664 2 0.5
1558695 2 0.5
1559572 2 0.5
1560448 2 0.5
1561278 2 0.5
1562023 2 0.5
1562746 2 0.5
1563488 2 0.5
1564294 2 0.5
1565012 2 0.5
1565771 2 0.5
1566509 2 0.5
1567245 2 0.5
1568015 2 0.5
1568759 2 0.5
1569528 2 0.5
1570250 2 0.5
1571004 2 0.5
1571720 2 0.5
1572483 2 0.5
1573224 2 0.5
1573989 2 0.5
1574717 2 0.5
1613198 3 1481
1613197 5 0
1613400 1 5
1613602 1 5
1613804 1 5
1614005 1 5
1614064 2 5
1614005 4 -59
1614206 1 5
1614268 2 5
1614206 4 -62
1614408 1 5
1614495 2 5
1614408 4 -87
1614610 1 5
1614683 2 5
1614610 4 -73
1614811 1 5
1614893 2 5
1614811 4 -82
1615012 1 5
1615077 2 5
1615012 4 -65
1615213 1 5
1615293 2 5
1615213 4 -80
1615414 1 5
1615468 2 5
1615414 4 -54
1615615 1 5
1615648 2 5
1615615 4 -33
1615816 1 5
1615830 2 5
1615816 4 -14
1616017 1 5
1616028 2 5
1616017 4 -11
1616205 2 5
1616218 1 5
1616218 4 13
1616405 2 5
1616419 1 5
1616419 4 14
1616608 2 5
1616620 1 5
1616620 4 12
1616800 2 5
1616822 1 5
1616822 4 22
1617007 2 5
1617024 1 5
1617024 4 17
1617214 2 5
1617225 1 5
1617225 4 11
1617413 2 5
1617426 1 5
1617426 4 13
1617616 2 5
1617627 1 5
1617627 4 11
1617818 2 5
1617828 1 5
1617828 4 10
1618019 2 5
1618029 1 5
1618029 4 10
1618213 2 5
1618230 1 5
1618230 4 17
1618404 2 5
1618616 2 5
1618820 2 5
1619024 2 5
1619232 2 5
1619430 2 5
1619624 2 5
1619831 2 5
1620063 2 5
1620256 2 5
1620474 2 5
1620651 2 5
1620855 2 5
1621032 2 5
1621217 2 5
1621405 2 5
1621614 2 5
1621795 2 5
1622001 2 5
1622188 2 5
1627753 1 2
1628254 1 2
1628414 2 2
1628254 4 -160
1628737 2 2
1628756 1 2
1628756 4 19
1629181 2 2
1629257 1 2
1629257 4 76
1629699 2 2
1629758 1 2
1629758 4 59
1630193 2 2
1630259 1 2
1630259 4 66
1630702 2 2
1630760 1 2
1630760 4 58
1631196 2 2
1631261 1 2
1631261 4 65
1631716 2 2
1631762 1 2
1631762 4 46
1632145 2 2
1632264 1 2
1632264 4 119
1632606 2 2
1632765 1 2
1632765 4 159
1633166 2 2
1633267 1 2
1633267 4 101
1633694 2 2
1633768 1 2
1633768 4 74
1634212 2 2
1634269 1 2
1634269 4 57
1634719 2 2
1634770 1 2
1634770 4 51
1635199 2 2
1635271 1 2
1635271 4 72
1635709 2 2
1635772 1 2
1635772 4 63
1636221 2 2
1636274 1 2
1636274 4 53
1636737 2 2
1636776 1 2
1636776 4 39
1637207 2 2
1637278 1 2
1637278 4 71
1637695 2 2
1637779 1 2
1637779 4 84
1638194 2 2
1638281 1 2
1638281 4 87
1638712 2 2
1638782 1 2
1638782 4 70
1639212 2 2
1639284 1 2
1639284 4 72
1639739 2 2
1639785 1 2
1639785 4 46
1640215 2 2
1640286 1 2
1640286 4 71
1640725 2 2
1640788 1 2
1640788 4 63
1641204 2 2
1641653 2 2
1642093 2 2
1642552 2 2
1642968 2 2
1643410 2 2
1643828 2 2
1644223 2 2
1644643 2 2
1645028 2 2
1645395 2 2
1645737 2 2
1646074 2 2
1646397 2 2
1646696 2 2
1646994 2 2
1647285 2 2
1647549 2 2
1647844 2 2
1648123 2 2
1648406 2 2
1648672 2 2
1648939 2 2
1649201 2 2
1649458 2 2
1649742 2 2
1649999 2 2
1650280 2 2
1650543 2 2
1650803 2 2
1656144 1 3
1656479 1 3
1656604 2 3
1656479 4 -125
1656814 1 3
1657097 2 3
1657149 1 3
1657149 4 52
1657440 2 3
1657484 1 3
1657484 4 44
1657773 2 3
1657819 1 3
1657819 4 46
1658145 2 3
1658153 1 3
1658153 4 8
1658452 2 3
1658487 1 3
1658487 4 35
1658776 2 3
1658822 1 3
1658822 4 46
1659112 2 3
1659157 1 3
1659157 4 45
1659444 2 3
1659491 1 3
1659491 4 47
1659767 2 3
1659825 1 3
1659825 4 58
1660098 2 3
1660159 1 3
1660159 4 61
1660447 2 3
1660494 1 3
1660494 4 47
1660774 2 3
1660828 1 3
1660828 4 54
1661090 2 3
1661163 1 3
1661163 4 73
1661445 2 3
1661497 1 3
1661497 4 52
1661784 2 3
1661831 1 3
1661831 4 47
1662128 2 3
1662166 1 3
1662166 4 38
1662447 2 3
1662501 1 3
1662501 4 54
1662774 2 3
1662835 1 3
1662835 4 61
1663097 2 3
1663169 1 3
1663169 4 72
1663437 2 3
1663503 1 3
1663503 4 66
1663790 2 3
1663837 1 3
1663837 4 47
1664134 2 3
1664172 1 3
1664172 4 38
1664479 2 3
1664506 1 3
1664506 4 27
1664816 2 3
1664840 1 3
1664840 4 24
1665140 2 3
1665174 1 3
1665174 4 34
1665485 2 3
1665508 1 3
1665508 4 23
1665816 2 3
1665842 1 3
1665842 4 26
1666111 2 3
1666176 1 3
1666176 4 65
1666459 2 3
1666510 1 3
1666510 4 51
1666782 2 3
1666844 1 3
1666844 4 62
1667149 2 3
1667178 1 3
1667178 4 29
1667478 2 3
1667789 2 3
1668120 2 3
1668440 2 3
1668745 2 3
1669069 2 3
1669361 2 3
1669652 2 3
1669943 2 3
1670248 2 3
1670527 2 3
1670817 2 3
1671156 2 3
1671431 2 3
1671727 2 3
1672035 2 3
1672319 2 3
1672597 2 3
1672909 2 3
1673180 2 3
1673498 2 3
1673783 2 3
1679112 1 4
1679364 1 4
1679615 1 4
1679866 1 4
1679884 2 4
1679866 4 -18
1680090 2 4
1680117 1 4
1680117 4 27
1680349 2 4
1680368 1 4
1680368 4 19
1680570 2 4
1680619 1 4
1680619 4 49
1680863 2 4
1680870 1 4
1680870 4 7
1681083 2 4
1681122 1 4
1681122 4 39
1681360 2 4
1681373 1 4
1681373 4 13
1681593 2 4
1681624 1 4
1681624 4 31
1681858 2 4
1681876 1 4
1681876 4 18
1682096 2 4
1682127 1 4
1682127 4 31
1682347 2 4
1682385 1 4
1682385 4 38
1682631 2 4
1682636 1 4
1682636 4 5
1682854 2 4
1682887 1 4
1682887 4 33
1683129 2 4
1683138 1 4
1683138 4 9
1683377 2 4
1683389 1 4
1683389 4 12
1683623 2 4
1683640 1 4
1683640 4 17
1683855 2 4
1683891 1 4
1683891 4 36
1684127 2 4
1684142 1 4
1684142 4 15
1684377 2 4
1684393 1 4
1684393 4 16
1684617 2 4
1684644 1 4
1684644 4 27
1684864 2 4
1684895 1 4
1684895 4 31
1685125 2 4
1685146 1 4
1685146 4 21
1685362 2 4
1685398 1 4
1685398 4 36
1685624 2 4
1685649 1 4
1685649 4 25
1685879 2 4
1685901 1 4
1685901 4 22
1686203 1 4
1686241 2 4
1686203 4 -38
1686454 1 4
1686470 2 4
1686454 4 -16
1686685 2 4
1686705 1 4
1686705 4 20
1686892 2 4
1686956 1 4
1686956 4 64
1687196 2 4
1687428 2 4
1687644 2 4
1687847 2 4
1688056 2 4
1688272 2 4
1688484 2 4
1688701 2 4
1688914 2 4
1689151 2 4
1689372 2 4
1689593 2 4
1689857 2 4
1690085 2 4
1690328 2 4
1690532 2 4
1690778 2 4
1691000 2 4
1691242 2 4
1691494 2 4
1691711 2 4
1691949 2 4
1697980 1 1
1698566 2 1
1698982 1 1
1698982 4 416
1699734 2 1
1699983 1 1
1699983 4 249
1700565 2 1
1700984 1 1
1700984 4 419
1701705 2 1
1701986 1 1
1701986 4 281
1702770 2 1
1702987 1 1
1702987 4 217
1703725 2 1
1703988 1 1
1703988 4 263
1704827 2 1
1704989 1 1
1704989 4 162
1705819 2 1
1705990 1 1
1705990 4 171
1706777 2 1
1706991 1 1
1706991 4 214
1707778 2 1
1707992 1 1
1707992 4 214
1708833 2 1
1708993 1 1
1708993 4 160
1709853 2 1
1709995 1 1
1709995 4 142
1710894 2 1
1710997 1 1
1710997 4 103
1711920 2 1
1711998 1 1
1711998 4 78
1712786 2 1
1713000 1 1
1713000 4 214
1713762 2 1
1714002 1 1
1714002 4 240
1714771 2 1
1715003 1 1
1715003 4 232
1715780 2 1
1716004 1 1
1716004 4 224
1716805 2 1
1717005 1 1
1717005 4 200
1717816 2 1
1718006 1 1
1718006 4 190
1718770 2 1
1719008 1 1
1719008 4 238
1719711 2 1
1720009 1 1
1720009 4 298
1720608 2 1
1721010 1 1
1721010 4 402
1721789 2 1
1722012 1 1
1722012 4 223
1722830 2 1
1723014 1 1
1723014 4 184
1723843 2 1
1724015 1 1
1724015 4 172
1724827 2 1
1725016 1 1
1725016 4 189
1725789 2 1
1726017 1 1
1726017 4 228
1726749 2 1
1727018 1 1
1727018 4 269
1727769 2 1
1728019 1 1
1728019 4 250
1728879 2 1
1729020 1 1
1729020 4 141
1729910 2 1
1730693 2 1
1731324 2 1
1731839 2 1
1732252 2 1
1732687 2 1
1733119 2 1
1733570 2 1
1734016 2 1
1734465 2 1
1734887 2 1
1735310 2 1
1735700 2 1
1736146 2 1
1736588 2 1
1737034 2 1
1737461 2 1
1737903 2 1
1738328 2 1
1738771 2 1
1739190 2 1
1739615 2 1
1740040 2 1
1740451 2 1
1740858 2 1
1741281 2 1
1741697 2 1
1742098 2 1
1742519 2 1
1742947 2 1
1743336 2 1
1743758 2 1
1744183 2 1
1744608 2 1
1745044 2 1
1745443 2 1
1745845 2 1
1746277 2 1
1746686 2 1
1747076 2 1
1747489 2 1
1747920 2 1
1748339 2 1
1748769 2 1
1754709 1 1.5
1755115 2 1.5
1755376 1 1.5
1755376 4 261
1755931 2 1.5
1756043 1 1.5
1756043 4 112
1756652 2 1.5
1756711 1 1.5
1756711 4 59
1757294 2 1.5
1757378 1 1.5
1757378 4 84
1757995 2 1.5
1758045 1 1.5
1758045 4 50
1758584 2 1.5
1758713 1 1.5
1758713 4 129
1759253 2 1.5
1759380 1 1.5
1759380 4 127
1759930 2 1.5
1760048 1 1.5
1760048 4 118
1760637 2 1.5
1760716 1 1.5
1760716 4 79
1761268 2 1.5
1761383 1 1.5
1761383 4 115
1761961 2 1.5
1762050 1 1.5
1762050 4 89
1762627 2 1.5
1762718 1 1.5
1762718 4 91
1763281 2 1.5
1763386 1 1.5
1763386 4 105
1763937 2 1.5
1764054 1 1.5
1764054 4 117
1764576 2 1.5
1764722 1 1.5
1764722 4 146
1765260 2 1.5
1765389 1 1.5
1765389 4 129
1765920 2 1.5
1766056 1 1.5
1766056 4 136
1766604 2 1.5
1766723 1 1.5
1766723 4 119
1767259 2 1.5
1767390 1 1.5
1767390 4 131
1767933 2 1.5
1768057 1 1.5
1768057 4 124
1768576 2 1.5
1768724 1 1.5
1768724 4 148
1769235 2 1.5
1769391 1 1.5
1769391 4 156
1769921 2 1.5
1770058 1 1.5
1770058 4 137
1770600 2 1.5
1770725 1 1.5
1770725 4 125
1771234 2 1.5
1771392 1 1.5
1771392 4 158
1771950 2 1.5
1772060 1 1.5
1772060 4 110
1772617 2 1.5
1772728 1 1.5
1772728 4 111
1773295 2 1.5
1773395 1 1.5
1773395 4 100
1774013 2 1.5
1774062 1 1.5
1774062 4 49
1774631 2 1.5
1774730 1 1.5
1774730 4 99
1775308 2 1.5
1775397 1 1.5
1775397 4 89
1775989 2 1.5
1776600 2 1.5
1777183 2 1.5
1777778 2 1.5
1778371 2 1.5
1778953 2 1.5
1779540 2 1.5
1780113 2 1.5
1780691 2 1.5
1781218 2 1.5
1781753 2 1.5
1782264 2 1.5
1782758 2 1.5
1783276 2 1.5
1783765 2 1.5
1784254 2 1.5
1784761 2 1.5
1785263 2 1.5
1785774 2 1.5
1786285 2 1.5
1786776 2 1.5
1787287 2 1.5
1787788 2 1.5
1788279 2 1.5
1795740 1 0.5
1796162 2 0.5
1795740 4 -422
1797741 1 0.5
1797879 2 0.5
1797741 4 -138
1799549 2 0.5
1799743 1 0.5
1799743 4 194
1801516 2 0.5
1801744 1 0.5
1801744 4 228
1803154 2 0.5
1803745 1 0.5
1803745 4 591
1805192 2 0.5
1805747 1 0.5
1805747 4 555
1807035 2 0.5
1807748 1 0.5
1807748 4 713
1809177 2 0.5
1809749 1 0.5
1809749 4 572
1811290 2 0.5
1811750 1 0.5
1811750 4 460
1813526 2 0.5
1813751 1 0.5
1813751 4 225
1815621 2 0.5
1815753 1 0.5
1815753 4 132
1817507 2 0.5
1817754 1 0.5
1817754 4 247
1819452 2 0.5
1819755 1 0.5
1819755 4 303
1821756 1 0.5
1821941 2 0.5
1821756 4 -185
1823297 2 0.5
1823757 1 0.5
1823757 4 460
1825356 2 0.5
1825758 1 0.5
1825758 4 402
1827531 2 0.5
1827759 1 0.5
1827759 4 228
1829495 2 0.5
1829760 1 0.5
1829760 4 265
1831408 2 0.5
1831762 1 0.5
1831762 4 354
1833509 2 0.5
1833764 1 0.5
1833764 4 255
1835616 2 0.5
1835766 1 0.5
1835766 4 150
1837651 2 0.5
1837767 1 0.5
1837767 4 116
1839508 2 0.5
1839768 1 0.5
1839768 4 260
1841761 2 0.5
1841769 1 0.5
1841769 4 8
1843663 2 0.5
1843770 1 0.5
1843770 4 107
1845711 2 0.5
1845771 1 0.5
1845771 4 60
1847453 2 0.5
1847772 1 0.5
1847772 4 319
1849527 2 0.5
1849774 1 0.5
1849774 4 247
1851537 2 0.5
1851776 1 0.5
1851776 4 239
1853736 2 0.5
1853777 1 0.5
1853777 4 41
1855779 1 0.5
1855874 2 0.5
1855779 4 -95
1857539 2 0.5
1857780 1 0.5
1857780 4 241
1859473 2 0.5
1860955 2 0.5
1862144 2 0.5
1863002 2 0.5
1863529 2 0.5
1864057 2 0.5
1864677 2 0.5
1865177 2 0.5
1865767 2 0.5
1866493 2 0.5
1866862 2 0.5
1867303 2 0.5
1867754 2 0.5
1868236 2 0.5
1868720 2 0.5
1869215 2 0.5
1869693 2 0.5
1870178 2 0.5
1870205 2 0.5
1870650 2 0.5
1870669 2 0.5
1871100 2 0.5
1871128 2 0.5
1871611 2 0.5
1871644 2 0.5
1872103 2 0.5
1872572 2 0.5
1873044 2 0.5
1873539 2 0.5
1873569 2 0.5
1874002 2 0.5
1874028 2 0.5
1874494 2 0.5
1874533 2 0.5
1874970 2 0.5
1874982 2 0.5
1875455 2 0.5
1875489 2 0.5
1875924 2 0.5
1875936 2 0.5
1876373 2 0.5
1876843 2 0.5
1877318 2 0.5
1877806 2 0.5
1878308 2 0.5
1878735 2 0.5
1879203 2 0.5
1879674 2 0.5
1880158 2 0.5
1880613 2 0.5
1881054 2 0.5
1881499 2 0.5
1881969 2 0.5
1881987 2 0.5
1882440 2 0.5
1882920 2 0.5
1883378 2 0.5
1883404 2 0.5
1883865 2 0.5
1884340 2 0.5
1884811 2 0.5
1885303 2 0.5
1885788 2 0.5
1885813 2 0.5
1886263 2 0.5
1886711 2 0.5
1887149 2 0.5
1887630 2 0.5
1888146 2 0.5
1888564 2 0.5
1889069 2 0.5
1889558 2 0.5
1890066 2 0.5
1890576 2 0.5
1891098 2 0.5
1891619 2 0.5
1892142 2 0.5
1892682 2 0.5
1893218 2 0.5
1893761 2 0.5
1894299 2 0.5
1894867 2 0.5
1895413 2 0.5
1895974 2 0.5
1896552 2 0.5
1897098 2 0.5
1897657 2 0.5
1948099 3 1934
1948099 5 150
1949094 2 1
1949101 1 1
1949101 4 7
1949701 2 1
1950102 1 1
1950102 4 401
1951103 1 1
1951112 2 1
1951103 4 -9
1951985 2 1
1952104 1 1
1952104 4 119
1953010 2 1
1953106 1 1
1953106 4 96
1953940 2 1
1954108 1 1
1954108 4 168
1954991 2 1
1955109 1 1
1955109 4 118
1955890 2 1
1956110 1 1
1956110 4 220
1956989 2 1
1957112 1 1
1957112 4 123
1958028 2 1
1958114 1 1
1958114 4 86
1959020 2 1
1959115 1 1
1959115 4 95
1959947 2 1
1960116 1 1
1960116 4 169
1960962 2 1
1961117 1 1
1961117 4 155
1961970 2 1
1962118 1 1
1962118 4 148
1963024 2 1
1963120 1 1
1963120 4 96
1963979 2 1
1964121 1 1
1964121 4 142
1964950 2 1
1965122 1 1
1965122 4 172
1966009 2 1
1966123 1 1
1966123 4 114
1967027 2 1
1967124 1 1
1967124 4 97
1968108 2 1
1968125 1 1
1968125 4 17
1969004 2 1
1969126 1 1
1969126 4 122
1969966 2 1
1970127 1 1
1970127 4 161
1970980 2 1
1971128 1 1
1971128 4 148
1971994 2 1
1972129 1 1
1972129 4 135
1972942 2 1
1973130 1 1
1973130 4 188
1973910 2 1
1974132 1 1
1974132 4 222
1974999 2 1
1975134 1 1
1975134 4 135
1976063 2 1
1976135 1 1
1976135 4 72
1977050 2 1
1977137 1 1
1977137 4 87
1977986 2 1
1978967 2 1
1979987 2 1
1980949 2 1
1981891 2 1
1982823 2 1
1983752 2 1
1984720 2 1
1985625 2 1
1986544 2 1
1987443 2 1
1988296 2 1
1989127 2 1
1989917 2 1
1990859 2 1
1991784 2 1
1992648 2 1
1993566 2 1
1994451 2 1
1995345 2 1
1996279 2 1
2002661 1 2
2003162 1 2
2003307 2 2
2003162 4 -145
2003587 2 2
2003664 1 2
2003664 4 77
2004056 2 2
2004165 1 2
2004165 4 109
2004601 2 2
2004667 1 2
2004667 4 66
2005111 2 2
2005168 1 2
2005168 4 57
2005627 2 2
2005669 1 2
2005669 4 42
2006171 1 2
2006172 2 2
2006171 4 -1
2006665 2 2
2006672 1 2
2006672 4 7
2007126 2 2
2007174 1 2
2007174 4 48
2007627 2 2
2007676 1 2
2007676 4 49
2008138 2 2
2008177 1 2
2008177 4 39
2008654 2 2
2008679 1 2
2008679 4 25
2009167 2 2
2009180 1 2
2009180 4 13
2009681 1 2
2009682 2 2
2009681 4 -1
2010182 1 2
2010236 2 2
2010182 4 -54
2010683 1 2
2010683 2 2
2010683 4 -0
2011177 2 2
2011184 1 2
2011184 4 7
2011677 2 2
2011686 1 2
2011686 4 9
2012188 1 2
2012206 2 2
2012188 4 -18
2012689 1 2
2012692 2 2
2012689 4 -3
2013183 2 2
2013190 1 2
2013190 4 7
2013673 2 2
2013691 1 2
2013691 4 18
2014175 2 2
2014192 1 2
2014192 4 17
2014654 2 2
2014693 1 2
2014693 4 39
2015173 2 2
2015194 1 2
2015194 4 21
2015681 2 2
2016343 2 2
2016951 2 2
2017504 2 2
2018050 2 2
2018623 2 2
2019223 2 2
2019796 2 2
2020433 2 2
2020986 2 2
2021615 2 2
2022203 2 2
2022839 2 2
2023514 2 2
2024218 2 2
2024828 2 2
2030885 1 1.5
2031541 2 1.5
2031553 1 1.5
2031553 4 12
2032184 2 1.5
2032220 1 1.5
2032220 4 36
2032868 2 1.5
2032888 1 1.5
2032888 4 20
2033512 2 1.5
2033556 1 1.5
2033556 4 44
2034143 2 1.5
2034223 1 1.5
2034223 4 80
2034807 2 1.5
2034890 1 1.5
2034890 4 83
2035456 2 1.5
2035558 1 1.5
2035558 4 102
2036152 2 1.5
2036225 1 1.5
2036225 4 73
2036788 2 1.5
2036892 1 1.5
2036892 4 104
2037481 2 1.5
2037559 1 1.5
2037559 4 78
2038149 2 1.5
2038227 1 1.5
2038227 4 78
2038798 2 1.5
2038894 1 1.5
2038894 4 96
2039417 2 1.5
2039561 1 1.5
2039561 4 144
2040091 2 1.5
2040228 1 1.5
2040228 4 137
2040765 2 1.5
2040895 1 1.5
2040895 4 130
2041462 2 1.5
2041563 1 1.5
2041563 4 101
2042113 2 1.5
2042231 1 1.5
2042231 4 118
2042775 2 1.5
2042899 1 1.5
2042899 4 124
2043460 2 1.5
2043566 1 1.5
2043566 4 106
2044105 2 1.5
2044234 1 1.5
2044234 4 129
2044776 2 1.5
2044902 1 1.5
2044902 4 126
2045508 2 1.5
2045570 1 1.5
2045570 4 62
2046127 2 1.5
2046238 1 1.5
2046238 4 111
2046787 2 1.5
2046905 1 1.5
2046905 4 118
2047446 2 1.5
2047572 1 1.5
2047572 4 126
2048134 2 1.5
2048239 1 1.5
2048239 4 105
2048822 2 1.5
2048906 1 1.5
2048906 4 84
2049448 2 1.5
2050132 2 1.5
2050814 2 1.5
2051474 2 1.5
2052167 2 1.5
2052842 2 1.5
2053570 2 1.5
2054300 2 1.5
2055015 2 1.5
2055727 2 1.5
2056429 2 1.5
2057222 2 1.5
2057872 2 1.5
2058577 2 1.5
2059294 2 1.5
2060023 2 1.5
2060708 2 1.5
2061477 2 1.5
2062184 2 1.5
2067449 1 5
2067650 1 5
2067852 1 5
2067930 2 5
2067852 4 -78
2068053 1 5
2068237 2 5
2068254 1 5
2068254 4 17
2068442 2 5
2068456 1 5
2068456 4 14
2068645 2 5
2068657 1 5
2068657 4 12
2068859 1 5
2068870 2 5
2068859 4 -11
2069055 2 5
2069060 1 5
2069060 4 5
2069225 2 5
2069262 1 5
2069262 4 37
2069392 2 5
2069464 1 5
2069464 4 72
2069589 2 5
2069666 1 5
2069666 4 77
2069783 2 5
2069868 1 5
2069868 4 85
2069960 2 5
2069868 4 -92
2070070 1 5
2070161 2 5
2070070 4 -91
2070272 1 5
2070333 2 5
2070272 4 -61
2070473 1 5
2070519 2 5
2070473 4 -46
2070674 1 5
2070716 2 5
2070674 4 -42
2070875 1 5
2070901 2 5
2070875 4 -26
2071076 1 5
2071080 2 5
2071076 4 -4
2071252 2 5
2071277 1 5
2071277 4 25
2071431 2 5
2071479 1 5
2071479 4 48
2071680 1 5
2071692 2 5
2071680 4 -12
2071881 1 5
2071987 2 5
2072082 1 5
2072082 4 95
2072170 2 5
2072082 4 -88
2072283 1 5
2072352 2 5
2072283 4 -69
2072485 1 5
2072568 2 5
2072485 4 -83
2072687 1 5
2072779 2 5
2072687 4 -92
2072888 1 5
2072991 2 5
2073089 1 5
2073089 4 98
2073189 2 5
2073089 4 -100
2073290 1 5
2073417 2 5
2073491 1 5
2073491 4 74
2073650 2 5
2073912 2 5
2074116 2 5
2074361 2 5
2074577 2 5
2074791 2 5
2075016 2 5
2075238 2 5
2075457 2 5
2075712 2 5
2075913 2 5
2076115 2 5
2076322 2 5
2076517 2 5
2076718 2 5
2076906 2 5
2077110 2 5
2077292 2 5
2082764 1 4
2083015 1 4
2083266 1 4
2083517 1 4
2083521 2 4
2083517 4 -4
2083769 1 4
2083769 2 4
2083769 4 -0
2083986 2 4
2084021 1 4
2084021 4 35
2084255 2 4
2084272 1 4
2084272 4 17
2084500 2 4
2084523 1 4
2084523 4 23
2084754 2 4
2084774 1 4
2084774 4 20
2084990 2 4
2085025 1 4
2085025 4 35
2085263 2 4
2085276 1 4
2085276 4 13
2085478 2 4
2085528 1 4
2085528 4 50
2085730 2 4
2085780 1 4
2085780 4 50
2086006 2 4
2086031 1 4
2086031 4 25
2086242 2 4
2086282 1 4
2086282 4 40
2086504 2 4
2086534 1 4
2086534 4 30
2086747 2 4
2086785 1 4
2086785 4 38
2087004 2 4
2087037 1 4
2087037 4 33
2087273 2 4
2087288 1 4
2087288 4 15
2087504 2 4
2087539 1 4
2087539 4 35
2087769 2 4
2087790 1 4
2087790 4 21
2088009 2 4
2088042 1 4
2088042 4 33
2088264 2 4
2088293 1 4
2088293 4 29
2088508 2 4
2088544 1 4
2088544 4 36
2088764 2 4
2088796 1 4
2088796 4 32
2088970 2 4
2089048 1 4
2089048 4 78
2089248 2 4
2089299 1 4
2089299 4 51
2089476 2 4
2089550 1 4
2089550 4 74
2089787 2 4
2089801 1 4
2089801 4 14
2090053 1 4
2090068 2 4
2090053 4 -15
2090305 1 4
2090309 2 4
2090305 4 -4
2090557 1 4
2090578 2 4
2090557 4 -21
2090808 1 4
2091066 2 4
2091553 2 4
2091974 2 4
2092475 2 4
2092978 2 4
2093522 2 4
2094058 2 4
2094572 2 4
2095056 2 4
2095578 2 4
2102831 1 0.5
2103433 2 0.5
2102831 4 -602
2104832 1 0.5
2104990 2 0.5
2104832 4 -158
2106833 1 0.5
2106835 2 0.5
2106833 4 -2
2108530 2 0.5
2108834 1 0.5
2108834 4 304
2110692 2 0.5
2110835 1 0.5
2110835 4 143
2112308 2 0.5
2112836 1 0.5
2112836 4 528
2114665 2 0.5
2114838 1 0.5
2114838 4 173
2116654 2 0.5
2116839 1 0.5
2116839 4 185
2118354 2 0.5
2118841 1 0.5
2118841 4 487
2120556 2 0.5
2120842 1 0.5
2120842 4 286
2122647 2 0.5
2122844 1 0.5
2122844 4 197
2124446 2 0.5
2124845 1 0.5
2124845 4 399
2126603 2 0.5
2126846 1 0.5
2126846 4 243
2128734 2 0.5
2128848 1 0.5
2128848 4 114
2130675 2 0.5
2130849 1 0.5
2130849 4 174
2132700 2 0.5
2132850 1 0.5
2132850 4 150
2134851 1 0.5
2134930 2 0.5
2134851 4 -79
2136719 2 0.5
2136852 1 0.5
2136852 4 133
2138846 2 0.5
2138853 1 0.5
2138853 4 7
2140599 2 0.5
2140855 1 0.5
2140855 4 256
2142793 2 0.5
2142856 1 0.5
2142856 4 63
2144857 1 0.5
2144947 2 0.5
2144857 4 -90
2146762 2 0.5
2146858 1 0.5
2146858 4 96
2148712 2 0.5
2148859 1 0.5
2148859 4 147
2150860 1 0.5
2150914 2 0.5
2150860 4 -54
2152716 2 0.5
2152861 1 0.5
2152861 4 145
2154642 2 0.5
2154862 1 0.5
2154862 4 220
2156561 2 0.5
2156864 1 0.5
2156864 4 303
2158624 2 0.5
2158865 1 0.5
2158865 4 241
2160746 2 0.5
2160866 1 0.5
2160866 4 120
2162791 2 0.5
2162868 1 0.5
2162868 4 77
2164716 2 0.5
2164869 1 0.5
2164869 4 153
2166727 2 0.5
2168613 2 0.5
2170457 2 0.5
2172101 2 0.5
2173677 2 0.5
2175606 2 0.5
2177254 2 0.5
2179053 2 0.5
2180810 2 0.5
2182729 2 0.5
2184512 2 0.5
2186401 2 0.5
2188467 2 0.5
2190354 2 0.5
2192264 2 0.5
2194194 2 0.5
2195818 2 0.5
2197463 2 0.5
2198939 2 0.5
2200755 2 0.5
2202622 2 0.5
2204239 2 0.5
2210334 1 3
2210668 1 3
2210953 2 3
2211002 1 3
2211002 4 49
2211310 2 3
2211336 1 3
2211336 4 26
2211642 2 3
2211670 1 3
2211670 4 28
2211979 2 3
2212004 1 3
2212004 4 25
2212314 2 3
2212338 1 3
2212338 4 24
2212623 2 3
2212673 1 3
2212673 4 50
2212968 2 3
2213007 1 3
2213007 4 39
2213326 2 3
2213341 1 3
2213341 4 15
2213657 2 3
2213675 1 3
2213675 4 18
2213986 2 3
2214009 1 3
2214009 4 23
2214301 2 3
2214343 1 3
2214343 4 42
2214629 2 3
2214677 1 3
2214677 4 48
2214967 2 3
2215011 1 3
2215011 4 44
2215338 2 3
2215345 1 3
2215345 4 7
2215650 2 3
2215679 1 3
2215679 4 29
2215961 2 3
2216014 1 3
2216014 4 53
2216312 2 3
2216348 1 3
2216348 4 36
2216657 2 3
2216682 1 3
2216682 4 25
2216978 2 3
2217016 1 3
2217016 4 38
2217297 2 3
2217350 1 3
2217350 4 53
2217630 2 3
2217684 1 3
2217684 4 54
2217965 2 3
2218019 1 3
2218019 4 54
2218315 2 3
2218353 1 3
2218353 4 38
2218639 2 3
2218687 1 3
2218687 4 48
2218980 2 3
2219021 1 3
2219021 4 41
2219311 2 3
2219779 2 3
2220262 2 3
2220791 2 3
2221301 2 3
2221927 2 3
2222463 2 3
2222936 2 3
2223420 2 3
2223889 2 3
2224387 2 3
2224903 2 3
2225428 2 3
2260833 3 2249
2260832 5 60
