746519 5 120
746897 1 4
747148 1 4
747399 1 4
747650 1 4
747901 1 4
748152 1 4
748404 1 4
748655 1 4
748906 1 4
749157 1 4
749409 1 4
749531 2 4
749409 4 -122
749660 1 4
749970 2 4
750218 2 4
750515 2 4
750715 2 4
750963 2 4
751142 2 4
751446 2 4
751645 2 4
751820 2 4
752016 2 4
752260 2 4
752456 2 4
752716 2 4
752956 2 4
753199 2 4
753494 2 4
753687 2 4
753886 2 4
754147 2 4
754313 2 4
754473 2 4
754636 2 4
760183 1 2
760532 2 2
760684 1 2
760684 4 152
761018 2 2
761185 1 2
761185 4 167
761514 2 2
761686 1 2
761686 4 172
761993 2 2
762188 1 2
762188 4 195
762400 2 2
762188 4 -212
762689 1 2
762961 2 2
763190 1 2
763190 4 229
763536 2 2
763692 1 2
763692 4 156
764051 2 2
764194 1 2
764194 4 143
764562 2 2
764695 1 2
764695 4 133
765040 2 2
765197 1 2
765197 4 157
765546 2 2
765699 1 2
765699 4 153
766032 2 2
766200 1 2
766200 4 168
766539 2 2
766701 1 2
766701 4 162
767026 2 2
767202 1 2
767202 4 176
767558 2 2
767704 1 2
767704 4 146
768026 2 2
768205 1 2
768205 4 179
768592 2 2
768707 1 2
768707 4 115
769110 2 2
769208 1 2
769208 4 98
769563 2 2
769709 1 2
769709 4 146
770102 2 2
770210 1 2
770210 4 108
770552 2 2
770712 1 2
770712 4 160
771106 2 2
771214 1 2
771214 4 108
771619 2 2
771715 1 2
771715 4 96
772115 2 2
772217 1 2
772217 4 102
772602 2 2
772718 1 2
772718 4 116
773045 2 2
773219 1 2
773219 4 174
773534 2 2
773721 1 2
773721 4 187
774073 2 2
774222 1 2
774222 4 149
774572 2 2
774724 1 2
774724 4 152
775089 2 2
775225 1 2
775225 4 136
775540 2 2
775726 1 2
775726 4 186
776036 2 2
776228 1 2
776228 4 192
776565 2 2
777072 2 2
777425 2 2
777738 2 2
778092 2 2
778437 2 2
778802 2 2
779139 2 2
779487 2 2
779814 2 2
780147 2 2
780430 2 2
780716 2 2
781092 2 2
781393 2 2
781749 2 2
782114 2 2
782467 2 2
782829 2 2
783194 2 2
783553 2 2
783916 2 2
784276 2 2
784614 2 2
784955 2 2
785310 2 2
785585 2 2
785986 2 2
791451 1 5
791652 1 5
791854 1 5
792055 1 5
792257 1 5
792458 1 5
792659 1 5
792696 2 5
792659 4 -37
792860 1 5
792869 2 5
792860 4 -9
793054 2 5
793061 1 5
793061 4 7
793221 2 5
793262 1 5
793262 4 41
793386 2 5
793463 1 5
793463 4 77
793552 2 5
793463 4 -89
793664 1 5
793735 2 5
793664 4 -71
793866 1 5
793920 2 5
793866 4 -54
794068 1 5
794100 2 5
794068 4 -32
794269 1 5
794283 2 5
794269 4 -14
794470 1 5
794498 2 5
794470 4 -28
794671 1 5
794683 2 5
794671 4 -12
794872 1 5
794873 2 5
794872 4 -1
795059 2 5
795073 1 5
795073 4 14
795232 2 5
795274 1 5
795274 4 42
795390 2 5
795475 1 5
795475 4 85
795569 2 5
795475 4 -94
795677 1 5
795756 2 5
795677 4 -79
795878 1 5
795952 2 5
795878 4 -74
796079 1 5
796150 2 5
796079 4 -71
796281 1 5
796364 2 5
796281 4 -83
796483 1 5
796751 2 5
796961 2 5
797396 2 5
797738 2 5
798167 2 5
798593 2 5
799036 2 5
799466 2 5
799893 2 5
800339 2 5
805839 1 3
806088 2 3
806174 1 3
806174 4 86
806332 2 3
806174 4 -158
806508 1 3
806607 2 3
806508 4 -99
806843 1 3
806868 2 3
806843 4 -25
807168 2 3
807178 1 3
807178 4 10
807481 2 3
807512 1 3
807512 4 31
807796 2 3
807846 1 3
807846 4 50
808098 2 3
808180 1 3
808180 4 82
808435 2 3
808514 1 3
808514 4 79
808786 2 3
808849 1 3
808849 4 63
809099 2 3
809184 1 3
809184 4 85
809461 2 3
809518 1 3
809518 4 57
809770 2 3
809852 1 3
809852 4 82
810074 2 3
810186 1 3
810186 4 112
810468 2 3
810521 1 3
810521 4 53
810764 2 3
810855 1 3
810855 4 91
811121 2 3
811189 1 3
811189 4 68
811440 2 3
811523 1 3
811523 4 83
811774 2 3
811857 1 3
811857 4 83
812097 2 3
812192 1 3
812192 4 95
812447 2 3
812527 1 3
812527 4 80
812767 2 3
812861 1 3
812861 4 94
813170 2 3
813195 1 3
813195 4 25
813448 2 3
813529 1 3
813529 4 81
813789 2 3
813863 1 3
813863 4 74
814140 2 3
814197 1 3
814197 4 57
814494 2 3
814531 1 3
814531 4 37
814787 2 3
814865 1 3
814865 4 78
815145 2 3
815199 1 3
815199 4 54
815452 2 3
815533 1 3
815533 4 81
815824 2 3
815867 1 3
815867 4 43
816159 2 3
816201 1 3
816201 4 42
816486 2 3
816535 1 3
816535 4 49
816754 2 3
816869 1 3
816869 4 115
817140 2 3
817509 2 3
817994 2 3
818478 2 3
818950 2 3
819437 2 3
819932 2 3
820397 2 3
820919 2 3
821495 2 3
822057 2 3
822657 2 3
823187 2 3
829552 1 1
829800 2 1
829552 4 -248
830048 2 1
829552 4 -496
830553 1 1
830697 2 1
830553 4 -144
831499 2 1
831555 1 1
831555 4 56
832472 2 1
832557 1 1
832557 4 85
833503 2 1
833558 1 1
833558 4 55
834434 2 1
834559 1 1
834559 4 125
835435 2 1
835560 1 1
835560 4 125
836489 2 1
836562 1 1
836562 4 73
837459 2 1
837564 1 1
837564 4 105
838513 2 1
838565 1 1
838565 4 52
839482 2 1
839566 1 1
839566 4 84
840482 2 1
840567 1 1
840567 4 85
841477 2 1
841569 1 1
841569 4 92
842541 2 1
842571 1 1
842571 4 30
843419 2 1
843572 1 1
843572 4 153
844473 2 1
844573 1 1
844573 4 100
845563 2 1
845574 1 1
845574 4 11
846501 2 1
846575 1 1
846575 4 74
847402 2 1
847577 1 1
847577 4 175
848388 2 1
848578 1 1
848578 4 190
849304 2 1
849579 1 1
849579 4 275
850328 2 1
850580 1 1
850580 4 252
851474 2 1
851581 1 1
851581 4 107
852386 2 1
852582 1 1
852582 4 196
853583 1 1
854451 2 1
855476 2 1
856537 2 1
857622 2 1
858756 2 1
859835 2 1
860841 2 1
861852 2 1
862847 2 1
863853 2 1
864826 2 1
865851 2 1
866819 2 1
867737 2 1
868678 2 1
869681 2 1
870669 2 1
871614 2 1
872552 2 1
873640 2 1
880713 1 0.5
881120 2 0.5
880713 4 -407
882714 1 0.5
882891 2 0.5
882714 4 -177
884712 2 0.5
884715 1 0.5
884715 4 3
886716 1 0.5
886859 2 0.5
886716 4 -143
888416 2 0.5
888717 1 0.5
888717 4 301
890339 2 0.5
890719 1 0.5
890719 4 380
892720 1 0.5
892801 2 0.5
892720 4 -81
894574 2 0.5
894721 1 0.5
894721 4 147
896426 2 0.5
896722 1 0.5
896722 4 296
898717 2 0.5
898724 1 0.5
898724 4 7
900725 1 0.5
900839 2 0.5
900725 4 -114
902618 2 0.5
902726 1 0.5
902726 4 108
904262 2 0.5
904728 1 0.5
904728 4 466
906729 1 0.5
906870 2 0.5
906729 4 -141
908668 2 0.5
908731 1 0.5
908731 4 63
910732 1 0.5
910805 2 0.5
910732 4 -73
912679 2 0.5
912733 1 0.5
912733 4 54
914599 2 0.5
914734 1 0.5
914734 4 135
916460 2 0.5
916736 1 0.5
916736 4 276
918683 2 0.5
918737 1 0.5
918737 4 54
920738 1 0.5
920771 2 0.5
920738 4 -33
922389 2 0.5
922739 1 0.5
922739 4 350
924642 2 0.5
924740 1 0.5
924740 4 98
926742 1 0.5
926889 2 0.5
926742 4 -147
928744 1 0.5
928869 2 0.5
928744 4 -125
930745 1 0.5
930883 2 0.5
930745 4 -138
932412 2 0.5
932746 1 0.5
932746 4 334
934649 2 0.5
934747 1 0.5
934747 4 98
936724 2 0.5
936749 1 0.5
936749 4 25
938642 2 0.5
938750 1 0.5
938750 4 108
940752 1 0.5
942612 2 0.5
944374 2 0.5
946140 2 0.5
947973 2 0.5
949891 2 0.5
951901 2 0.5
953716 2 0.5
955545 2 0.5
957412 2 0.5
959264 2 0.5
961120 2 0.5
963031 2 0.5
964729 2 0.5
966350 2 0.5
968223 2 0.5
970179 2 0.5
972041 2 0.5
973883 2 0.5
975608 2 0.5
977506 2 0.5
979359 2 0.5
986542 1 1.5
986789 2 1.5
986542 4 -247
987055 2 1.5
987209 1 1.5
987209 4 154
987691 2 1.5
987876 1 1.5
987876 4 185
988375 2 1.5
988543 1 1.5
988543 4 168
989006 2 1.5
989210 1 1.5
989210 4 204
989761 2 1.5
989878 1 1.5
989878 4 117
990376 2 1.5
990545 1 1.5
990545 4 169
991060 2 1.5
991213 1 1.5
991213 4 153
991702 2 1.5
991880 1 1.5
991880 4 178
992425 2 1.5
992547 1 1.5
992547 4 122
993036 2 1.5
993215 1 1.5
993215 4 179
993709 2 1.5
993882 1 1.5
993882 4 173
994395 2 1.5
994550 1 1.5
994550 4 155
995035 2 1.5
995217 1 1.5
995217 4 182
995747 2 1.5
995884 1 1.5
995884 4 137
996426 2 1.5
996551 1 1.5
996551 4 125
997066 2 1.5
997218 1 1.5
997218 4 152
997780 2 1.5
997885 1 1.5
997885 4 105
998408 2 1.5
998552 1 1.5
998552 4 144
999036 2 1.5
999219 1 1.5
999219 4 183
999703 2 1.5
999886 1 1.5
999886 4 183
1000363 2 1.5
1000553 1 1.5
1000553 4 190
1001029 2 1.5
1001220 1 1.5
1001220 4 191
1001698 2 1.5
1001887 1 1.5
1001887 4 189
1002373 2 1.5
1002555 1 1.5
1002555 4 182
1003020 2 1.5
1003222 1 1.5
1003222 4 202
1003676 2 1.5
1003890 1 1.5
1003890 4 214
1004373 2 1.5
1004558 1 1.5
1004558 4 185
1005095 2 1.5
1005225 1 1.5
1005225 4 130
1005777 2 1.5
1005892 1 1.5
1005892 4 115
1006427 2 1.5
1006559 1 1.5
1006559 4 132
1007117 2 1.5
1007226 1 1.5
1007226 4 109
1007769 2 1.5
1008419 2 1.5
1009050 2 1.5
1009670 2 1.5
1010274 2 1.5
1010919 2 1.5
1011507 2 1.5
1012128 2 1.5
1012706 2 1.5
1013306 2 1.5
1013877 2 1.5
1014473 2 1.5
1015076 2 1.5
1015641 2 1.5
1016220 2 1.5
1016788 2 1.5
1017326 2 1.5
1017825 2 1.5
1018309 2 1.5
1018833 2 1.5
1019320 2 1.5
1019812 2 1.5
1020317 2 1.5
1201042 3 517
1201042 5 30
1201377 1 3
1201414 3 518
1201711 1 3
1202045 1 3
1202300 3 518
1202379 1 3
1202699 3 518
1202714 1 3
1203022 3 518
1203048 1 3
1203355 3 518
1203382 1 3
1203716 1 3
1204050 1 3
1204360 2 3
1204385 1 3
1204385 4 25
1204580 2 3
1204719 1 3
1204719 4 139
1205032 2 3
1205054 1 3
1205054 4 22
1205182 3 521
1205384 2 3
1205388 1 3
1205388 4 4
1205722 1 3
1205738 2 3
1205722 4 -16
1206056 1 3
1206114 2 3
1206056 4 -58
1206391 1 3
1206447 2 3
1206391 4 -56
1206725 1 3
1206778 2 3
1206725 4 -53
1207071 1 3
1207133 2 3
1207071 4 -62
1207406 1 3
1207430 2 3
1207406 4 -24
1207740 1 3
1207749 2 3
1207740 4 -9
1208047 2 3
1208074 1 3
1208074 4 27
1208388 2 3
1208408 1 3
1208408 4 20
1208663 2 3
1208742 1 3
1208742 4 79
1209034 2 3
1209076 1 3
1209076 4 42
1209389 2 3
1209410 1 3
1209410 4 21
1209710 2 3
1209744 1 3
1209744 4 34
1210057 2 3
1210078 1 3
1210078 4 21
1210412 1 3
1210421 2 3
1210412 4 -9
1210746 1 3
1210759 2 3
1210746 4 -13
1211081 1 3
1211389 2 3
1211754 2 3
1212089 2 3
1212425 2 3
1212740 2 3
1213104 2 3
1213449 2 3
1213792 2 3
1214136 2 3
1214494 2 3
1214838 2 3
1215181 2 3
1215523 2 3
1215826 2 3
1216189 2 3
1216477 2 3
1216827 2 3
1217125 2 3
1217445 2 3
1217748 2 3
1223763 1 1
1224071 2 1
1223763 4 -308
1224764 1 1
1224902 2 1
1224764 4 -138
1225765 1 1
1225815 2 1
1225765 4 -50
1226692 2 1
1226767 1 1
1226767 4 75
1227617 2 1
1227768 1 1
1227768 4 151
1228591 2 1
1228770 1 1
1228770 4 179
1229593 2 1
1229771 1 1
1229771 4 178
1230487 2 1
1230772 1 1
1230772 4 285
1231606 2 1
1231774 1 1
1231774 4 168
1232519 2 1
1232775 1 1
1232775 4 256
1233495 2 1
1233777 1 1
1233777 4 282
1234486 2 1
1234778 1 1
1234778 4 292
1235706 2 1
1235780 1 1
1235780 4 74
1236600 2 1
1236781 1 1
1236781 4 181
1237480 2 1
1237782 1 1
1237782 4 302
1238600 2 1
1238784 1 1
1238784 4 184
1239786 1 1
1240206 2 1
1239786 4 -420
1240787 1 1
1240846 2 1
1240787 4 -59
1241491 2 1
1241788 1 1
1241788 4 297
1242339 2 1
1242790 1 1
1242790 4 451
1243598 2 1
1243791 1 1
1243791 4 193
1244690 2 1
1244793 1 1
1244793 4 103
1245677 2 1
1245795 1 1
1245795 4 118
1246660 2 1
1246796 1 1
1246796 4 136
1247679 2 1
1247797 1 1
1247797 4 118
1248650 2 1
1248799 1 1
1248799 4 149
1249733 2 1
1249800 1 1
1249800 4 67
1250643 2 1
1250801 1 1
1250801 4 158
1251570 2 1
1251802 1 1
1251802 4 232
1252757 2 1
1252803 1 1
1252803 4 46
1253485 2 1
1253804 1 1
1253804 4 319
1254723 2 1
1254805 1 1
1254805 4 82
1255791 2 1
1255806 1 1
1255806 4 15
1256807 1 1
1257505 2 1
1258010 2 1
1258423 2 1
1258769 2 1
1259103 2 1
1259434 2 1
1259744 2 1
1260068 2 1
1260384 2 1
1260716 2 1
1261011 2 1
1261332 2 1
1261608 2 1
1261904 2 1
1262215 2 1
1262505 2 1
1262826 2 1
1263120 2 1
1263453 2 1
1263743 2 1
1264066 2 1
1264350 2 1
1264675 2 1
1264996 2 1
1265334 2 1
1265628 2 1
1265943 2 1
1266245 2 1
1266530 2 1
1266865 2 1
1267160 2 1
1267452 2 1
1267755 2 1
1268096 2 1
1268388 2 1
1268668 2 1
1268950 2 1
1269219 2 1
1269469 2 1
1269739 2 1
1269961 2 1
1270194 2 1
1270389 2 1
1270577 2 1
1270788 2 1
1270969 2 1
1271151 2 1
1271315 2 1
1271485 2 1
1271660 2 1
1271832 2 1
1271993 2 1
1272143 2 1
1272320 2 1
1272478 2 1
1272635 2 1
1272795 2 1
1272953 2 1
1273117 2 1
1273288 2 1
1273494 2 1
1273668 2 1
1273899 2 1
1274074 2 1
1274257 2 1
1274449 2 1
1274620 2 1
1274807 2 1
1275000 2 1
1275190 2 1
1275358 2 1
1275531 2 1
1275713 2 1
1275884 2 1
1276050 2 1
1276216 2 1
1276400 2 1
1276564 2 1
1276737 2 1
1282030 1 5
1282232 1 5
1282389 2 5
1282433 1 5
1282433 4 44
1282634 1 5
1282749 2 5
1282836 1 5
1282836 4 87
1283009 2 5
1283037 1 5
1283037 4 28
1283238 1 5
1283273 2 5
1283238 4 -35
1283439 1 5
1283501 2 5
1283439 4 -62
1283640 1 5
1283692 2 5
1283640 4 -52
1283841 1 5
1283911 2 5
1283841 4 -70
1284042 1 5
1284136 2 5
1284042 4 -94
1284243 1 5
1284331 2 5
1284243 4 -88
1284445 1 5
1284530 2 5
1284445 4 -85
1284646 1 5
1284748 2 5
1284847 1 5
1284847 4 99
1284971 2 5
1285048 1 5
1285048 4 77
1285195 2 5
1285249 1 5
1285249 4 54
1285431 2 5
1285451 1 5
1285451 4 20
1285652 1 5
1285668 2 5
1285652 4 -16
1285853 1 5
1285887 2 5
1285853 4 -34
1286054 1 5
1286109 2 5
1286054 4 -55
1286255 1 5
1286321 2 5
1286255 4 -66
1286458 1 5
1286531 2 5
1286458 4 -73
1286659 1 5
1286731 2 5
1286659 4 -72
1286860 1 5
1286926 2 5
1286860 4 -66
1287061 1 5
1287159 2 5
1287061 4 -98
1287263 1 5
1287361 2 5
1287263 4 -98
1287464 1 5
1287538 2 5
1287464 4 -74
1287665 1 5
1287919 2 5
1288410 2 5
1288825 2 5
1289235 2 5
1289585 2 5
1289929 2 5
1290218 2 5
1290560 2 5
1290854 2 5
1291136 2 5
1291407 2 5
1296938 1 4
1297189 1 4
1297432 2 4
1297440 1 4
1297440 4 8
1297638 2 4
1297691 1 4
1297691 4 53
1297857 2 4
1297943 1 4
1297943 4 86
1298085 2 4
1298194 1 4
1298194 4 109
1298387 2 4
1298445 1 4
1298445 4 58
1298651 2 4
1298696 1 4
1298696 4 45
1298899 2 4
1298947 1 4
1298947 4 48
1299134 2 4
1299198 1 4
1299198 4 64
1299359 2 4
1299449 1 4
1299449 4 90
1299678 2 4
1299701 1 4
1299701 4 23
1299896 2 4
1299952 1 4
1299952 4 56
1300142 2 4
1300203 1 4
1300203 4 61
1300376 2 4
1300455 1 4
1300455 4 79
1300642 2 4
1300706 1 4
1300706 4 64
1300892 2 4
1300957 1 4
1300957 4 65
1301192 2 4
1301208 1 4
1301208 4 16
1301412 2 4
1301460 1 4
1301460 4 48
1301614 2 4
1301711 1 4
1301711 4 97
1301802 2 4
1301711 4 -91
1301962 1 4
1302019 2 4
1301962 4 -57
1302213 1 4
1302231 2 4
1302213 4 -18
1302433 2 4
1302464 1 4
1302464 4 31
1302640 2 4
1302715 1 4
1302715 4 75
1302881 2 4
1302967 1 4
1302967 4 86
1303108 2 4
1303335 2 4
1303616 2 4
1303807 2 4
1304039 2 4
1304216 2 4
1304401 2 4
1304650 2 4
1304910 2 4
1305084 2 4
1305265 2 4
1305463 2 4
1305767 2 4
1305950 2 4
1306122 2 4
1306316 2 4
1306627 2 4
1306806 2 4
1306974 2 4
1307145 2 4
1307427 2 4
1307601 2 4
1307752 2 4
1307923 2 4
1313489 1 2
1313724 2 2
1313489 4 -235
1313991 1 2
1314012 2 2
1313991 4 -21
1314401 2 2
1314492 1 2
1314492 4 91
1314858 2 2
1314993 1 2
1314993 4 135
1315358 2 2
1315494 1 2
1315494 4 136
1315829 2 2
1315996 1 2
1315996 4 167
1316314 2 2
1316497 1 2
1316497 4 183
1316828 2 2
1316998 1 2
1316998 4 170
1317309 2 2
1317499 1 2
1317499 4 190
1317866 2 2
1318001 1 2
1318001 4 135
1318360 2 2
1318502 1 2
1318502 4 142
1318812 2 2
1319003 1 2
1319003 4 191
1319334 2 2
1319505 1 2
1319505 4 171
1319835 2 2
1320007 1 2
1320007 4 172
1320303 2 2
1320511 1 2
1320511 4 208
1320846 2 2
1321012 1 2
1321012 4 166
1321323 2 2
1321513 1 2
1321513 4 190
1321857 2 2
1322014 1 2
1322014 4 157
1322425 2 2
1322516 1 2
1322516 4 91
1322862 2 2
1323017 1 2
1323017 4 155
1323308 2 2
1323519 1 2
1323519 4 211
1323779 2 2
1324020 1 2
1324020 4 241
1324330 2 2
1324521 1 2
1324521 4 191
1324854 2 2
1325023 1 2
1325023 4 169
1325363 2 2
1325525 1 2
1325525 4 162
1325843 2 2
1326026 1 2
1326026 4 183
1326360 2 2
1326653 2 2
1326872 2 2
1327069 2 2
1327242 2 2
1327400 2 2
1327551 2 2
1327707 2 2
1327867 2 2
1328013 2 2
1328175 2 2
1328330 2 2
1328478 2 2
1328630 2 2
1328791 2 2
1328933 2 2
1329115 2 2
1329276 2 2
1329435 2 2
1329596 2 2
1329766 2 2
1329936 2 2
1330113 2 2
1330284 2 2
1330450 2 2
1330635 2 2
1330815 2 2
1330989 2 2
1331170 2 2
1331331 2 2
1331503 2 2
1331829 2 2
1332272 2 2
1332644 2 2
1332964 2 2
1333271 2 2
1333535 2 2
1333801 2 2
1334033 2 2
1334286 2 2
1334510 2 2
1334735 2 2
1334953 2 2
1335201 2 2
1335438 2 2
1335661 2 2
1335860 2 2
1341716 1 1.5
1342010 2 1.5
1341716 4 -294
1342383 1 1.5
1342511 2 1.5
1342383 4 -128
1342875 2 1.5
1343050 1 1.5
1343050 4 175
1343604 2 1.5
1343718 1 1.5
1343718 4 114
1344165 2 1.5
1344385 1 1.5
1344385 4 220
1344862 2 1.5
1345052 1 1.5
1345052 4 190
1345576 2 1.5
1345719 1 1.5
1345719 4 143
1346219 2 1.5
1346386 1 1.5
1346386 4 167
1346953 2 1.5
1347053 1 1.5
1347053 4 100
1347591 2 1.5
1347720 1 1.5
1347720 4 129
1348279 2 1.5
1348387 1 1.5
1348387 4 108
1348921 2 1.5
1349054 1 1.5
1349054 4 133
1349555 2 1.5
1349721 1 1.5
1349721 4 166
1350143 2 1.5
1350389 1 1.5
1350389 4 246
1350909 2 1.5
1351056 1 1.5
1351056 4 147
1351561 2 1.5
1351724 1 1.5
1351724 4 163
1352234 2 1.5
1352391 1 1.5
1352391 4 157
1352940 2 1.5
1353058 1 1.5
1353058 4 118
1353545 2 1.5
1353725 1 1.5
1353725 4 180
1354220 2 1.5
1354392 1 1.5
1354392 4 172
1354919 2 1.5
1355059 1 1.5
1355059 4 140
1355560 2 1.5
1355726 1 1.5
1355726 4 166
1356260 2 1.5
1356394 1 1.5
1356394 4 134
1357061 1 1.5
1357063 2 1.5
1357061 4 -2
1357609 2 1.5
1357729 1 1.5
1357729 4 120
1358229 2 1.5
1358396 1 1.5
1358396 4 167
1358955 2 1.5
1359064 1 1.5
1359064 4 109
1359731 1 1.5
1359740 2 1.5
1359731 4 -9
1360304 2 1.5
1360399 1 1.5
1360399 4 95
1360958 2 1.5
1361066 1 1.5
1361066 4 108
1361651 2 1.5
1361734 1 1.5
1361734 4 83
1362341 2 1.5
1362401 1 1.5
1362401 4 60
1362887 2 1.5
1363069 1 1.5
1363069 4 182
1363606 2 1.5
1363736 1 1.5
1363736 4 130
1364260 2 1.5
1364699 2 1.5
1365064 2 1.5
1365352 2 1.5
1365643 2 1.5
1365924 2 1.5
1366251 2 1.5
1366541 2 1.5
1366823 2 1.5
1367088 2 1.5
1367370 2 1.5
1367619 2 1.5
1367943 2 1.5
1368214 2 1.5
1368499 2 1.5
1368760 2 1.5
1369016 2 1.5
1369273 2 1.5
1369516 2 1.5
1369753 2 1.5
1370009 2 1.5
1370263 2 1.5
1370480 2 1.5
1370684 2 1.5
1370893 2 1.5
1371080 2 1.5
1371262 2 1.5
1371432 2 1.5
1371611 2 1.5
1371787 2 1.5
1371959 2 1.5
1372119 2 1.5
1372287 2 1.5
1372453 2 1.5
1372618 2 1.5
1372779 2 1.5
1372938 2 1.5
1373097 2 1.5
1373246 2 1.5
1373407 2 1.5
1373571 2 1.5
1373752 2 1.5
1373943 2 1.5
1374126 2 1.5
1374290 2 1.5
1374457 2 1.5
1374625 2 1.5
1374799 2 1.5
1374967 2 1.5
1375138 2 1.5
1375333 2 1.5
1375513 2 1.5
1375678 2 1.5
1375862 2 1.5
1376040 2 1.5
1376231 2 1.5
1376389 2 1.5
1376558 2 1.5
1376722 2 1.5
1376918 2 1.5
1384079 1 0.5
1384447 2 0.5
1384079 4 -368
1385231 2 0.5
1386080 1 0.5
1386080 4 849
1386349 2 0.5
1386080 4 -269
1387112 2 0.5
1388081 1 0.5
1388081 4 969
1388226 2 0.5
1388081 4 -145
1390082 1 0.5
1390194 2 0.5
1390082 4 -112
1392074 2 0.5
1392084 1 0.5
1392084 4 10
1393829 2 0.5
1394085 1 0.5
1394085 4 256
1395916 2 0.5
1396087 1 0.5
1396087 4 171
1397907 2 0.5
1398088 1 0.5
1398088 4 181
1399864 2 0.5
1400089 1 0.5
1400089 4 225
1401680 2 0.5
1402090 1 0.5
1402090 4 410
1404091 1 0.5
1404210 2 0.5
1404091 4 -119
1406092 1 0.5
1406233 2 0.5
1406092 4 -141
1408046 2 0.5
1408093 1 0.5
1408093 4 47
1410094 1 0.5
1410217 2 0.5
1410094 4 -123
1412095 1 0.5
1412219 2 0.5
1412095 4 -124
1414002 2 0.5
1414097 1 0.5
1414097 4 95
1415969 2 0.5
1416098 1 0.5
1416098 4 129
1417800 2 0.5
1418100 1 0.5
1418100 4 300
1419743 2 0.5
1420102 1 0.5
1420102 4 359
1422103 1 0.5
1422152 2 0.5
1422103 4 -49
1424019 2 0.5
1424104 1 0.5
1424104 4 85
1426078 2 0.5
1426106 1 0.5
1426106 4 28
1427856 2 0.5
1428107 1 0.5
1428107 4 251
1429759 2 0.5
1430108 1 0.5
1430108 4 349
1432110 1 0.5
1432168 2 0.5
1432110 4 -58
1433999 2 0.5
1434112 1 0.5
1434112 4 113
1435850 2 0.5
1436113 1 0.5
1436113 4 263
1437757 2 0.5
1438114 1 0.5
1438114 4 357
1439805 2 0.5
1441746 2 0.5
1443686 2 0.5
1445717 2 0.5
1447992 2 0.5
1450336 2 0.5
1452598 2 0.5
1454723 2 0.5
1456627 2 0.5
1458691 2 0.5
1460802 2 0.5
1462504 2 0.5
1464650 2 0.5
1466568 2 0.5
1468482 2 0.5
1470813 2 0.5
1473037 2 0.5
1475214 2 0.5
1477403 2 0.5
1591814 3 969
1591813 5 90
1592817 1 1
1593620 2 1
1593818 1 1
1593818 4 198
1594562 2 1
1594820 1 1
1594820 4 258
1595467 2 1
1595822 1 1
1595822 4 355
1596479 2 1
1596823 1 1
1596823 4 344
1597509 2 1
1597824 1 1
1597824 4 315
1598505 2 1
1598825 1 1
1598825 4 320
1599613 2 1
1599826 1 1
1599826 4 213
1600539 2 1
1600828 1 1
1600828 4 289
1601615 2 1
1601829 1 1
1601829 4 214
1602646 2 1
1602831 1 1
1602831 4 185
1603710 2 1
1603832 1 1
1603832 4 122
1604594 2 1
1604833 1 1
1604833 4 239
1605593 2 1
1605834 1 1
1605834 4 241
1606533 2 1
1606835 1 1
1606835 4 302
1607544 2 1
1607836 1 1
1607836 4 292
1608528 2 1
1608837 1 1
1608837 4 309
1609731 2 1
1609838 1 1
1609838 4 107
1610772 2 1
1610839 1 1
1610839 4 67
1611812 2 1
1611841 1 1
1611841 4 29
1612780 2 1
1612843 1 1
1612843 4 63
1613694 2 1
1613844 1 1
1613844 4 150
1614666 2 1
1614845 1 1
1614845 4 179
1615615 2 1
1615846 1 1
1615846 4 231
1616677 2 1
1616847 1 1
1616847 4 170
1617717 2 1
1618769 2 1
1619741 2 1
1620642 2 1
1621556 2 1
1622361 2 1
1623173 2 1
1623993 2 1
1624709 2 1
1625375 2 1
1625961 2 1
1626531 2 1
1626997 2 1
1627506 2 1
1627993 2 1
1628532 2 1
1629060 2 1
1629612 2 1
1630149 2 1
1630658 2 1
1631134 2 1
1631602 2 1
1632082 2 1
1632498 2 1
1632937 2 1
1633356 2 1
1633749 2 1
1634107 2 1
1634489 2 1
1634866 2 1
1635209 2 1
1635569 2 1
1635921 2 1
1636295 2 1
1636647 2 1
1642204 1 3
1642539 1 3
1642627 2 3
1642539 4 -88
1642871 2 3
1642873 1 3
1642873 4 2
1643134 2 3
1643207 1 3
1643207 4 73
1643495 2 3
1643541 1 3
1643541 4 46
1643818 2 3
1643875 1 3
1643875 4 57
1644168 2 3
1644209 1 3
1644209 4 41
1644469 2 3
1644543 1 3
1644543 4 74
1644805 2 3
1644877 1 3
1644877 4 72
1645163 2 3
1645212 1 3
1645212 4 49
1645479 2 3
1645546 1 3
1645546 4 67
1645832 2 3
1645880 1 3
1645880 4 48
1646175 2 3
1646214 1 3
1646214 4 39
1646516 2 3
1646548 1 3
1646548 4 32
1646812 2 3
1646882 1 3
1646882 4 70
1647157 2 3
1647217 1 3
1647217 4 60
1647468 2 3
1647551 1 3
1647551 4 83
1647819 2 3
1647885 1 3
1647885 4 66
1648146 2 3
1648220 1 3
1648220 4 74
1648490 2 3
1648554 1 3
1648554 4 64
1648809 2 3
1648888 1 3
1648888 4 79
1649150 2 3
1649223 1 3
1649223 4 73
1649479 2 3
1649557 1 3
1649557 4 78
1649816 2 3
1649892 1 3
1649892 4 76
1650141 2 3
1650226 1 3
1650226 4 85
1650489 2 3
1650561 1 3
1650561 4 72
1650842 2 3
1650895 1 3
1650895 4 53
1651152 2 3
1651229 1 3
1651229 4 77
1651471 2 3
1651564 1 3
1651564 4 93
1651818 2 3
1651898 1 3
1651898 4 80
1652060 2 3
1651898 4 -162
1652233 1 3
1652488 2 3
1652567 1 3
1652567 4 79
1652830 2 3
1652901 1 3
1652901 4 71
1653149 2 3
1653504 2 3
1653853 2 3
1654178 2 3
1654524 2 3
1654785 2 3
1655169 2 3
1655373 2 3
1655559 2 3
1655714 2 3
1655865 2 3
1656022 2 3
1656160 2 3
1656360 2 3
1656516 2 3
1656770 2 3
1656943 2 3
1657112 2 3
1657277 2 3
1657443 2 3
1657608 2 3
1657782 2 3
1657947 2 3
1658112 2 3
1658276 2 3
1658448 2 3
1658629 2 3
1658797 2 3
1658956 2 3
1659121 2 3
1659309 2 3
1659486 2 3
1659648 2 3
1665195 1 2
1665531 2 2
1665696 1 2
1665696 4 165
1666036 2 2
1666197 1 2
1666197 4 161
1666555 2 2
1666698 1 2
1666698 4 143
1667084 2 2
1667199 1 2
1667199 4 115
1667552 2 2
1667700 1 2
1667700 4 148
1668039 2 2
1668202 1 2
1668202 4 163
1668547 2 2
1668703 1 2
1668703 4 156
1669059 2 2
1669204 1 2
1669204 4 145
1669492 2 2
1669709 1 2
1669709 4 217
1670046 2 2
1670210 1 2
1670210 4 164
1670536 2 2
1670711 1 2
1670711 4 175
1671005 2 2
1671213 1 2
1671213 4 208
1671526 2 2
1671714 1 2
1671714 4 188
1672034 2 2
1672216 1 2
1672216 4 182
1672542 2 2
1672717 1 2
1672717 4 175
1673092 2 2
1673218 1 2
1673218 4 126
1673547 2 2
1673719 1 2
1673719 4 172
1674026 2 2
1674220 1 2
1674220 4 194
1674537 2 2
1674722 1 2
1674722 4 185
1675034 2 2
1675224 1 2
1675224 4 190
1675574 2 2
1675726 1 2
1675726 4 152
1676003 2 2
1676227 1 2
1676227 4 224
1676590 2 2
1676728 1 2
1676728 4 138
1677039 2 2
1677230 1 2
1677230 4 191
1677603 2 2
1677731 1 2
1677731 4 128
1678063 2 2
1678233 1 2
1678233 4 170
1678588 2 2
1678735 1 2
1678735 4 147
1679070 2 2
1679236 1 2
1679236 4 166
1679591 2 2
1680055 2 2
1680481 2 2
1680838 2 2
1681235 2 2
1681587 2 2
1681926 2 2
1682263 2 2
1682563 2 2
1682840 2 2
1683183 2 2
1683510 2 2
1683858 2 2
1684184 2 2
1684423 2 2
1684745 2 2
1685034 2 2
1685403 2 2
1685635 2 2
1686001 2 2
1686189 2 2
1686596 2 2
1686768 2 2
1687182 2 2
1687363 2 2
1687766 2 2
1687943 2 2
1688317 2 2
1688484 2 2
1688894 2 2
1689064 2 2
1696260 1 0.5
1696716 2 0.5
1696260 4 -456
1697547 2 0.5
1698261 1 0.5
1698261 4 714
1700262 1 0.5
1700394 2 0.5
1700262 4 -132
1702263 1 0.5
1702403 2 0.5
1702263 4 -140
1704069 2 0.5
1704264 1 0.5
1704264 4 195
1706023 2 0.5
1706265 1 0.5
1706265 4 242
1708266 1 0.5
1708331 2 0.5
1708266 4 -65
1710266 2 0.5
1710268 1 0.5
1710268 4 2
1712168 2 0.5
1712269 1 0.5
1712269 4 101
1714208 2 0.5
1714270 1 0.5
1714270 4 62
1716244 2 0.5
1716271 1 0.5
1716271 4 27
1718160 2 0.5
1718273 1 0.5
1718273 4 113
1719939 2 0.5
1720314 1 0.5
1720314 4 375
1721944 2 0.5
1722315 1 0.5
1722315 4 371
1723999 2 0.5
1724317 1 0.5
1724317 4 318
1725976 2 0.5
1726318 1 0.5
1726318 4 342
1728194 2 0.5
1728320 1 0.5
1728320 4 126
1730321 1 0.5
1730385 2 0.5
1730321 4 -64
1732200 2 0.5
1732322 1 0.5
1732322 4 122
1734292 2 0.5
1734324 1 0.5
1734324 4 32
1736198 2 0.5
1736325 1 0.5
1736325 4 127
1738016 2 0.5
1738327 1 0.5
1738327 4 311
1740107 2 0.5
1740328 1 0.5
1740328 4 221
1742117 2 0.5
1742330 1 0.5
1742330 4 213
1744272 2 0.5
1744331 1 0.5
1744331 4 59
1746332 1 0.5
1746414 2 0.5
1746332 4 -82
1748122 2 0.5
1748333 1 0.5
1748333 4 211
1750084 2 0.5
1750334 1 0.5
1750334 4 250
1752121 2 0.5
1752335 1 0.5
1752335 4 214
1754336 1 0.5
1754530 2 0.5
1754336 4 -194
1756123 2 0.5
1756337 1 0.5
1756337 4 214
1758157 2 0.5
1760057 2 0.5
1761983 2 0.5
1764302 2 0.5
1766541 2 0.5
1768747 2 0.5
1771041 2 0.5
1773302 2 0.5
1775633 2 0.5
1777640 2 0.5
1779887 2 0.5
1782191 2 0.5
1784402 2 0.5
1786339 2 0.5
1788484 2 0.5
1791094 2 0.5
1793020 2 0.5
1795369 2 0.5
1801611 1 4
1801863 1 4
1801901 2 4
1801863 4 -38
1802114 1 4
1802142 2 4
1802114 4 -28
1802356 2 4
1802365 1 4
1802365 4 9
1802564 2 4
1802617 1 4
1802617 4 53
1802808 2 4
1802868 1 4
1802868 4 60
1803080 2 4
1803119 1 4
1803119 4 39
1803350 2 4
1803370 1 4
1803370 4 20
1803572 2 4
1803622 1 4
1803622 4 50
1803766 2 4
1803874 1 4
1803874 4 108
1803967 2 4
1803874 4 -93
1804125 1 4
1804141 2 4
1804125 4 -16
1804351 2 4
1804376 1 4
1804376 4 25
1804521 2 4
1804627 1 4
1804627 4 106
1804692 2 4
1804627 4 -65
1804878 1 4
1804968 2 4
1804878 4 -90
1805129 1 4
1805140 2 4
1805129 4 -11
1805288 2 4
1805380 1 4
1805380 4 92
1805468 2 4
1805380 4 -88
1805631 1 4
1805643 2 4
1805631 4 -12
1805840 2 4
1805883 1 4
1805883 4 43
1806003 2 4
1805883 4 -120
1806134 1 4
1806166 2 4
1806134 4 -32
1806331 2 4
1806385 1 4
1806385 4 54
1806487 2 4
1806385 4 -102
1806636 1 4
1806646 2 4
1806636 4 -10
1806820 2 4
1806888 1 4
1806888 4 68
1807026 2 4
1807140 1 4
1807140 4 114
1807246 2 4
1807140 4 -106
1807391 1 4
1807486 2 4
1807391 4 -95
1807643 1 4
1807721 2 4
1807643 4 -78
1807894 1 4
1807939 2 4
1807894 4 -45
1808145 1 4
1808150 2 4
1808145 4 -5
1808349 2 4
1808396 1 4
1808396 4 47
1808573 2 4
1808647 1 4
1808647 4 74
1808860 2 4
1808898 1 4
1808898 4 38
1809090 2 4
1809149 1 4
1809149 4 59
1809319 2 4
1809400 1 4
1809400 4 81
1809619 2 4
1809652 1 4
1809652 4 33
1809825 2 4
1810088 2 4
1810306 2 4
1810493 2 4
1810665 2 4
1810834 2 4
1810991 2 4
1811150 2 4
1811302 2 4
1811448 2 4
1811598 2 4
1811750 2 4
1812034 2 4
1812210 2 4
1812414 2 4
1812679 2 4
1812918 2 4
1813074 2 4
1813470 2 4
1813638 2 4
1813760 2 4
1813914 2 4
1814234 2 4
1814426 2 4
1814571 2 4
1820340 1 1.5
1820652 2 1.5
1820340 4 -312
1821007 1 1.5
1821183 2 1.5
1821007 4 -176
1821674 1 1.5
1821674 2 1.5
1821674 4 -0
1822270 2 1.5
1822342 1 1.5
1822342 4 72
1822857 2 1.5
1823009 1 1.5
1823009 4 152
1823531 2 1.5
1823676 1 1.5
1823676 4 145
1824234 2 1.5
1824343 1 1.5
1824343 4 109
1824877 2 1.5
1825010 1 1.5
1825010 4 133
1825622 2 1.5
1825677 1 1.5
1825677 4 55
1826289 2 1.5
1826344 1 1.5
1826344 4 55
1826947 2 1.5
1827011 1 1.5
1827011 4 64
1827613 2 1.5
1827678 1 1.5
1827678 4 65
1828252 2 1.5
1828345 1 1.5
1828345 4 93
1828871 2 1.5
1829012 1 1.5
1829012 4 141
1829563 2 1.5
1829679 1 1.5
1829679 4 116
1830238 2 1.5
1830347 1 1.5
1830347 4 109
1830970 2 1.5
1831014 1 1.5
1831014 4 44
1831593 2 1.5
1831681 1 1.5
1831681 4 88
1832244 2 1.5
1832348 1 1.5
1832348 4 104
1832906 2 1.5
1833015 1 1.5
1833015 4 109
1833568 2 1.5
1833683 1 1.5
1833683 4 115
1834214 2 1.5
1834351 1 1.5
1834351 4 137
1834896 2 1.5
1835018 1 1.5
1835018 4 122
1835595 2 1.5
1835685 1 1.5
1835685 4 90
1836264 2 1.5
1836352 1 1.5
1836352 4 88
1836934 2 1.5
1837019 1 1.5
1837019 4 85
1837570 2 1.5
1837686 1 1.5
1837686 4 116
1838257 2 1.5
1838353 1 1.5
1838353 4 96
1838925 2 1.5
1839020 1 1.5
1839020 4 95
1839575 2 1.5
1839687 1 1.5
1839687 4 112
1840268 2 1.5
1840355 1 1.5
1840355 4 87
1840977 2 1.5
1841022 1 1.5
1841022 4 45
1841626 2 1.5
1842302 2 1.5
1843003 2 1.5
1843677 2 1.5
1844372 2 1.5
1845058 2 1.5
1845748 2 1.5
1846495 2 1.5
1847144 2 1.5
1847814 2 1.5
1848527 2 1.5
1849265 2 1.5
1849924 2 1.5
1850594 2 1.5
1851239 2 1.5
1851887 2 1.5
1852515 2 1.5
1853059 2 1.5
1853532 2 1.5
1853947 2 1.5
1854316 2 1.5
1859565 1 5
1859767 1 5
1859895 2 5
1859968 1 5
1859968 4 73
1860064 2 5
1859968 4 -96
1860170 1 5
1860262 2 5
1860170 4 -92
1860371 1 5
1860429 2 5
1860371 4 -58
1860572 1 5
1860578 2 5
1860572 4 -6
1860726 2 5
1860774 1 5
1860774 4 48
1860882 2 5
1860975 1 5
1860975 4 93
1861041 2 5
1860975 4 -66
1861176 1 5
1861220 2 5
1861176 4 -44
1861378 1 5
1861388 2 5
1861378 4 -10
1861557 2 5
1861580 1 5
1861580 4 23
1861726 2 5
1861781 1 5
1861781 4 55
1861898 2 5
1861982 1 5
1861982 4 84
1862057 2 5
1861982 4 -75
1862184 1 5
1862220 2 5
1862184 4 -36
1862385 1 5
1862395 2 5
1862385 4 -10
1862575 2 5
1862586 1 5
1862586 4 11
1862759 2 5
1862788 1 5
1862788 4 29
1862937 2 5
1862990 1 5
1862990 4 53
1863116 2 5
1863191 1 5
1863191 4 75
1863301 2 5
1863392 1 5
1863392 4 91
1863488 2 5
1863392 4 -96
1863594 1 5
1863667 2 5
1863594 4 -73
1863796 1 5
1863835 2 5
1863796 4 -39
1863997 1 5
1863998 2 5
1863997 4 -1
1864168 2 5
1864199 1 5
1864199 4 31
1864356 2 5
1864400 1 5
1864400 4 44
1864557 2 5
1864601 1 5
1864601 4 44
1864740 2 5
1864802 1 5
1864802 4 62
1864914 2 5
1865004 1 5
1865004 4 90
1865099 2 5
1865004 4 -95
1865205 1 5
1865270 2 5
1865205 4 -65
1865407 1 5
1865437 2 5
1865407 4 -30
1865600 2 5
1865608 1 5
1865608 4 8
1865769 2 5
1865810 1 5
1865810 4 41
1865934 2 5
1866011 1 5
1866011 4 77
1866257 2 5
1866586 2 5
1866976 2 5
1867350 2 5
1867727 2 5
1868074 2 5
1868433 2 5
1868800 2 5
1869164 2 5
1869570 2 5
1869947 2 5
1925885 3 1365
1925884 5 60
1925894 2 4
1925885 4 -9
1926136 1 4
1926388 1 4
1926639 1 4
1926668 2 4
1926639 4 -29
1926889 2 4
1926891 1 4
1926891 4 2
1927109 2 4
1927143 1 4
1927143 4 34
1927304 2 4
1927394 1 4
1927394 4 90
1927612 2 4
1927645 1 4
1927645 4 33
1927879 2 4
1927896 1 4
1927896 4 17
1928114 2 4
1928147 1 4
1928147 4 33
1928313 2 4
1928398 1 4
1928398 4 85
1928536 2 4
1928650 1 4
1928650 4 114
1928742 2 4
1928650 4 -92
1928902 1 4
1928928 2 4
1928902 4 -26
1929143 2 4
1929154 1 4
1929154 4 11
1929329 2 4
1929406 1 4
1929406 4 77
1929515 2 4
1929406 4 -109
1929658 1 4
1929691 2 4
1929658 4 -33
1929870 2 4
1929910 1 4
1929910 4 40
1930034 2 4
1929910 4 -124
1930161 1 4
1930197 2 4
1930161 4 -36
1930381 2 4
1930412 1 4
1930412 4 31
1930551 2 4
1930663 1 4
1930663 4 112
1930732 2 4
1930663 4 -69
1930914 1 4
1930948 2 4
1930914 4 -34
1931138 2 4
1931166 1 4
1931166 4 28
1931352 2 4
1931417 1 4
1931417 4 65
1931612 2 4
1931668 1 4
1931668 4 56
1931856 2 4
1931919 1 4
1931919 4 63
1932018 2 4
1931919 4 -99
1932170 1 4
1932369 2 4
1932536 2 4
1932709 2 4
1932863 2 4
1933004 2 4
1933152 2 4
1933303 2 4
1933448 2 4
1933604 2 4
1933745 2 4
1933896 2 4
1934042 2 4
1934189 2 4
1934335 2 4
1934510 2 4
1934767 2 4
1934950 2 4
1935106 2 4
1935273 2 4
1935414 2 4
1935576 2 4
1935795 2 4
1935970 2 4
1936118 2 4
1936273 2 4
1936430 2 4
1936575 2 4
1936729 2 4
1936892 2 4
1937051 2 4
1943193 1 1
1943457 2 1
1943193 4 -264
1944109 2 1
1944194 1 1
1944194 4 85
1945196 1 1
1945209 2 1
1945196 4 -13
1946095 2 1
1946197 1 1
1946197 4 102
1947085 2 1
1947198 1 1
1947198 4 113
1948109 2 1
1948199 1 1
1948199 4 90
1949017 2 1
1949201 1 1
1949201 4 184
1950039 2 1
1950203 1 1
1950203 4 164
1951076 2 1
1951204 1 1
1951204 4 128
1952114 2 1
1952205 1 1
1952205 4 91
1953130 2 1
1953207 1 1
1953207 4 77
1954131 2 1
1954208 1 1
1954208 4 77
1955146 2 1
1955210 1 1
1955210 4 64
1956076 2 1
1956211 1 1
1956211 4 135
1957090 2 1
1957212 1 1
1957212 4 122
1958080 2 1
1958214 1 1
1958214 4 134
1959071 2 1
1959216 1 1
1959216 4 145
1960135 2 1
1960217 1 1
1960217 4 82
1961119 2 1
1961218 1 1
1961218 4 99
1961941 2 1
1962219 1 1
1962219 4 278
1963165 2 1
1963220 1 1
1963220 4 55
1964108 2 1
1964221 1 1
1964221 4 113
1965223 1 1
1966139 2 1
1966224 1 1
1966224 4 85
1967018 2 1
1967225 1 1
1967225 4 207
1967970 2 1
1968227 1 1
1968227 4 257
1969228 1 1
1969920 2 1
1970230 1 1
1970230 4 310
1971119 2 1
1971231 1 1
1971231 4 112
1972202 2 1
1973164 2 1
1974183 2 1
1975013 2 1
1975716 2 1
1976259 2 1
1976666 2 1
1977054 2 1
1977391 2 1
1977735 2 1
1978060 2 1
1978391 2 1
1978690 2 1
1979049 2 1
1979360 2 1
1979744 2 1
1980078 2 1
1980400 2 1
1980739 2 1
1981081 2 1
1981400 2 1
1981733 2 1
1982010 2 1
1982306 2 1
1982602 2 1
1982855 2 1
1983117 2 1
1983288 2 1
1983448 2 1
1983598 2 1
1983743 2 1
1983891 2 1
1984036 2 1
1984174 2 1
1984323 2 1
1984490 2 1
1984620 2 1
1984776 2 1
1984924 2 1
1985081 2 1
1985235 2 1
1985394 2 1
1985542 2 1
1985704 2 1
1985857 2 1
1986031 2 1
1986352 2 1
1986832 2 1
1987292 2 1
1987669 2 1
1988018 2 1
1988331 2 1
1988610 2 1
1988930 2 1
1989254 2 1
1989579 2 1
1989904 2 1
1990210 2 1
1990517 2 1
1990828 2 1
1991093 2 1
1996754 1 2
1997255 1 2
1997574 2 2
1997757 1 2
1997757 4 183
1998096 2 2
1998258 1 2
1998258 4 162
1998650 2 2
1998760 1 2
1998760 4 110
1999228 2 2
1999261 1 2
1999261 4 33
1999728 2 2
1999762 1 2
1999762 4 34
2000167 2 2
2000263 1 2
2000263 4 96
2000664 2 2
2000764 1 2
2000764 4 100
2001149 2 2
2001265 1 2
2001265 4 116
2001711 2 2
2001766 1 2
2001766 4 55
2002268 1 2
2002301 2 2
2002268 4 -33
2002769 1 2
2003271 1 2
2003376 2 2
2003271 4 -105
2003767 2 2
2003772 1 2
2003772 4 5
2004214 2 2
2004274 1 2
2004274 4 60
2004649 2 2
2004775 1 2
2004775 4 126
2005190 2 2
2005276 1 2
2005276 4 86
2005650 2 2
2005778 1 2
2005778 4 128
2006186 2 2
2006279 1 2
2006279 4 93
2006662 2 2
2006780 1 2
2006780 4 118
2007143 2 2
2007282 1 2
2007282 4 139
2007652 2 2
2007783 1 2
2007783 4 131
2008139 2 2
2008284 1 2
2008284 4 145
2008673 2 2
2008786 1 2
2008786 4 113
2009090 2 2
2009287 1 2
2009287 4 197
2009678 2 2
2009789 1 2
2009789 4 111
2010104 2 2
2010291 1 2
2010291 4 187
2010805 1 2
2011229 2 2
2011306 1 2
2011306 4 77
2011694 2 2
2011807 1 2
2011807 4 113
2012179 2 2
2012308 1 2
2012308 4 129
2012652 2 2
2012809 1 2
2012809 4 157
2013157 2 2
2013511 2 2
2013681 2 2
2013907 2 2
2014077 2 2
2014231 2 2
2014383 2 2
2014530 2 2
2014666 2 2
2014813 2 2
2014958 2 2
2015104 2 2
2015246 2 2
2015405 2 2
2015558 2 2
2015711 2 2
2015874 2 2
2016019 2 2
2016173 2 2
2016383 2 2
2016577 2 2
2016733 2 2
2016893 2 2
2017041 2 2
2017214 2 2
2017380 2 2
2017548 2 2
2017715 2 2
2017891 2 2
2018063 2 2
2018228 2 2
2018388 2 2
2018545 2 2
2018694 2 2
2018866 2 2
2019083 2 2
2019271 2 2
2019425 2 2
2019573 2 2
2019721 2 2
2019897 2 2
2020056 2 2
2020220 2 2
2020374 2 2
2020531 2 2
2020701 2 2
2020904 2 2
2021044 2 2
2021205 2 2
2021368 2 2
2021524 2 2
2021679 2 2
2021844 2 2
2022011 2 2
2022238 2 2
2022392 2 2
2022565 2 2
2022730 2 2
2028576 2 0.5
2027831 4 -745
2029447 2 0.5
2029832 1 0.5
2029832 4 385
2030159 2 0.5
2029832 4 -327
2030917 2 0.5
2031833 1 0.5
2031833 4 916
2033834 1 0.5
2033983 2 0.5
2033834 4 -149
2035836 1 0.5
2035981 2 0.5
2035836 4 -145
2037829 2 0.5
2037837 1 0.5
2037837 4 8
2039496 2 0.5
2039838 1 0.5
2039838 4 342
2041604 2 0.5
2041839 1 0.5
2041839 4 235
2043470 2 0.5
2043840 1 0.5
2043840 4 370
2045607 2 0.5
2045841 1 0.5
2045841 4 234
2047716 2 0.5
2047842 1 0.5
2047842 4 126
2049843 1 0.5
2049962 2 0.5
2049843 4 -119
2051845 1 0.5
2051947 2 0.5
2051845 4 -102
2053846 1 0.5
2053852 2 0.5
2053846 4 -6
2055625 2 0.5
2055848 1 0.5
2055848 4 223
2057667 2 0.5
2057850 1 0.5
2057850 4 183
2059851 1 0.5
2059905 2 0.5
2059851 4 -54
2061852 1 0.5
2061863 2 0.5
2061852 4 -11
2063785 2 0.5
2063853 1 0.5
2063853 4 68
2065855 1 0.5
2065934 2 0.5
2065855 4 -79
2067611 2 0.5
2067856 1 0.5
2067856 4 245
2069717 2 0.5
2069857 1 0.5
2069857 4 140
2071708 2 0.5
2071858 1 0.5
2071858 4 150
2073452 2 0.5
2073859 1 0.5
2073859 4 407
2075407 2 0.5
2075860 1 0.5
2075860 4 453
2077861 1 0.5
2078069 2 0.5
2077861 4 -208
2079862 1 0.5
2079863 2 0.5
2079862 4 -1
2081695 2 0.5
2081863 1 0.5
2081863 4 168
2083864 1 0.5
2083869 2 0.5
2083864 4 -5
2085865 1 0.5
2086019 2 0.5
2085865 4 -154
2087718 2 0.5
2087866 1 0.5
2087866 4 148
2089669 2 0.5
2089867 1 0.5
2089867 4 198
2091543 2 0.5
2091868 1 0.5
2091868 4 325
2093673 2 0.5
2095666 2 0.5
2097838 2 0.5
2100196 2 0.5
2102347 2 0.5
2104586 2 0.5
2106627 2 0.5
2109042 2 0.5
2111398 2 0.5
2113678 2 0.5
2116734 2 0.5
2119157 2 0.5
2121644 2 0.5
2123986 2 0.5
2126506 2 0.5
2128912 2 0.5
2131476 2 0.5
2137328 1 3
2137662 1 3
2137997 1 3
2138037 2 3
2137997 4 -40
2138312 2 3
2138331 1 3
2138331 4 19
2138608 2 3
2138665 1 3
2138665 4 57
2138980 2 3
2138999 1 3
2138999 4 19
2139249 2 3
2139333 1 3
2139333 4 84
2139618 2 3
2139667 1 3
2139667 4 49
2139969 2 3
2140001 1 3
2140001 4 32
2140278 2 3
2140336 1 3
2140336 4 58
2140644 2 3
2140671 1 3
2140671 4 27
2140926 2 3
2141006 1 3
2141006 4 80
2141317 2 3
2141340 1 3
2141340 4 23
2141631 2 3
2141675 1 3
2141675 4 44
2141950 2 3
2142010 1 3
2142010 4 60
2142320 2 3
2142345 1 3
2142345 4 25
2142585 2 3
2142679 1 3
2142679 4 94
2142969 2 3
2143014 1 3
2143014 4 45
2143258 2 3
2143348 1 3
2143348 4 90
2143609 2 3
2143683 1 3
2143683 4 74
2143937 2 3
2144018 1 3
2144018 4 81
2144297 2 3
2144352 1 3
2144352 4 55
2144632 2 3
2144686 1 3
2144686 4 54
2144961 2 3
2145020 1 3
2145020 4 59
2145293 2 3
2145354 1 3
2145354 4 61
2145620 2 3
2145960 2 3
2146272 2 3
2146611 2 3
2146929 2 3
2147291 2 3
2147555 2 3
2147881 2 3
2148111 2 3
2148271 2 3
2148537 2 3
2148734 2 3
2148890 2 3
2149037 2 3
2149317 2 3
2149488 2 3
2149624 2 3
2149767 2 3
2149920 2 3
2150263 2 3
2150417 2 3
2150555 2 3
2150704 2 3
2150865 2 3
2151183 2 3
2151349 2 3
2151494 2 3
2151639 2 3
2151808 2 3
2157237 1 5
2157439 1 5
2157590 2 5
2157640 1 5
2157640 4 50
2157841 1 5
2157989 2 5
2158043 1 5
2158043 4 54
2158181 2 5
2158244 1 5
2158244 4 63
2158346 2 5
2158446 1 5
2158446 4 100
2158522 2 5
2158446 4 -76
2158647 1 5
2158716 2 5
2158647 4 -69
2158848 1 5
2158918 2 5
2158848 4 -70
2159049 1 5
2159116 2 5
2159049 4 -67
2159251 1 5
2159293 2 5
2159251 4 -42
2159453 1 5
2159491 2 5
2159453 4 -38
2159654 1 5
2159666 2 5
2159654 4 -12
2159839 2 5
2159855 1 5
2159855 4 16
2160007 2 5
2160056 1 5
2160056 4 49
2160192 2 5
2160257 1 5
2160257 4 65
2160432 2 5
2160458 1 5
2160458 4 26
2160653 2 5
2160659 1 5
2160659 4 6
2160826 2 5
2160860 1 5
2160860 4 34
2161012 2 5
2161062 1 5
2161062 4 50
2161196 2 5
2161264 1 5
2161264 4 68
2161410 2 5
2161465 1 5
2161465 4 55
2161603 2 5
2161667 1 5
2161667 4 64
2161786 2 5
2161868 1 5
2161868 4 82
2161960 2 5
2161868 4 -92
2162070 1 5
2162316 2 5
2162583 2 5
2162798 2 5
2162946 2 5
2163108 2 5
2163270 2 5
2163439 2 5
2163609 2 5
2163816 2 5
2163979 2 5
2164141 2 5
2164309 2 5
2164476 2 5
2164637 2 5
2164817 2 5
2164985 2 5
2165156 2 5
2165331 2 5
2165507 2 5
2165679 2 5
2165849 2 5
2166031 2 5
2171758 1 1.5
2171977 2 1.5
2171758 4 -219
2172253 2 1.5
2172425 1 1.5
2172425 4 172
2173039 2 1.5
2173092 1 1.5
2173092 4 53
2173670 2 1.5
2173759 1 1.5
2173759 4 89
2174273 2 1.5
2174427 1 1.5
2174427 4 154
2174942 2 1.5
2175094 1 1.5
2175094 4 152
2175665 2 1.5
2175761 1 1.5
2175761 4 96
2176304 2 1.5
2176428 1 1.5
2176428 4 124
2176941 2 1.5
2177095 1 1.5
2177095 4 154
2177716 2 1.5
2177762 1 1.5
2177762 4 46
2178293 2 1.5
2178429 1 1.5
2178429 4 136
2178921 2 1.5
2179096 1 1.5
2179096 4 175
2179645 2 1.5
2179763 1 1.5
2179763 4 118
2180348 2 1.5
2180430 1 1.5
2180430 4 82
2181002 2 1.5
2181097 1 1.5
2181097 4 95
2181671 2 1.5
2181764 1 1.5
2181764 4 93
2182402 2 1.5
2182431 1 1.5
2182431 4 29
2183009 2 1.5
2183098 1 1.5
2183098 4 89
2183616 2 1.5
2183766 1 1.5
2183766 4 150
2184364 2 1.5
2184433 1 1.5
2184433 4 69
2185068 2 1.5
2185100 1 1.5
2185100 4 32
2185672 2 1.5
2185767 1 1.5
2185767 4 95
2186318 2 1.5
2186434 1 1.5
2186434 4 116
2186940 2 1.5
2187101 1 1.5
2187101 4 161
2187743 2 1.5
2187769 1 1.5
2187769 4 26
2188310 2 1.5
2188436 1 1.5
2188436 4 126
2188949 2 1.5
2189402 2 1.5
2189805 2 1.5
2190110 2 1.5
2190432 2 1.5
2190726 2 1.5
2191009 2 1.5
2191275 2 1.5
2191507 2 1.5
2191725 2 1.5
2191976 2 1.5
2192155 2 1.5
2192329 2 1.5
2192504 2 1.5
2192652 2 1.5
2192807 2 1.5
2192976 2 1.5
2193148 2 1.5
2193327 2 1.5
2193509 2 1.5
2193672 2 1.5
2193891 2 1.5
2194073 2 1.5
2194258 2 1.5
2194446 2 1.5
2194638 2 1.5
2194807 2 1.5
2195005 2 1.5
2195192 2 1.5
2195381 2 1.5
2195572 2 1.5
2195731 2 1.5
2195903 2 1.5
2196099 2 1.5
2196278 2 1.5
2196494 2 1.5
2196693 2 1.5
2196875 2 1.5
2197056 2 1.5
2197425 2 1.5
2197883 2 1.5
2198265 2 1.5
2198670 2 1.5
2199058 2 1.5
2199440 2 1.5
2199797 2 1.5
2200145 2 1.5
2200474 2 1.5
2200804 2 1.5
2201096 2 1.5
2201351 2 1.5
2201618 2 1.5
2250928 3 1825
2250927 5 0
2251130 1 5
2251331 1 5
2251532 1 5
2251733 1 5
2251842 2 5
2251935 1 5
2251935 4 93
2252116 2 5
2252137 1 5
2252137 4 21
2252333 2 5
2252338 1 5
2252338 4 5
2252508 2 5
2252539 1 5
2252539 4 31
2252702 2 5
2252741 1 5
2252741 4 39
2252932 2 5
2252942 1 5
2252942 4 10
2253143 1 5
2253149 2 5
2253143 4 -6
2253344 1 5
2253349 2 5
2253344 4 -5
2253522 2 5
2253545 1 5
2253545 4 23
2253680 2 5
2253747 1 5
2253747 4 67
2253857 2 5
2253948 1 5
2253948 4 91
2254054 2 5
2254149 1 5
2254149 4 95
2254230 2 5
2254149 4 -81
2254350 1 5
2254388 2 5
2254350 4 -38
2254543 2 5
2254552 1 5
2254552 4 9
2254693 2 5
2254753 1 5
2254753 4 60
2254856 2 5
2254954 1 5
2254954 4 98
2255012 2 5
2254954 4 -58
2255155 1 5
2255173 2 5
2255155 4 -18
2255337 2 5
2255357 1 5
2255357 4 20
2255492 2 5
2255559 1 5
2255559 4 67
2255647 2 5
2255559 4 -88
2255760 1 5
2255806 2 5
2255760 4 -46
2255955 2 5
2255961 1 5
2255961 4 6
2256103 2 5
2256163 1 5
2256163 4 60
2256263 2 5
2256163 4 -100
2256364 1 5
2256421 2 5
2256364 4 -57
2256565 1 5
2256579 2 5
2256565 4 -14
2256742 2 5
2256766 1 5
2256766 4 24
2256911 2 5
2256968 1 5
2256968 4 57
2257081 2 5
2257169 1 5
2257169 4 88
2257227 2 5
2257169 4 -58
2257370 1 5
2257386 2 5
2257370 4 -16
2257540 2 5
2257571 1 5
2257571 4 31
2257695 2 5
2257840 2 5
2257993 2 5
2258142 2 5
2258285 2 5
2258424 2 5
2258571 2 5
2258711 2 5
2258860 2 5
2259007 2 5
2259162 2 5
2259313 2 5
2259458 2 5
2259608 2 5
2259758 2 5
2259900 2 5
2260054 2 5
2260219 2 5
2260369 2 5
2260523 2 5
2260673 2 5
2260824 2 5
2260982 2 5
2261131 2 5
2261297 2 5
2261457 2 5
2266844 1 4
2267095 1 4
2267187 2 4
2267095 4 -92
2267346 1 4
2267381 2 4
2267346 4 -35
2267594 2 4
2267598 1 4
2267598 4 4
2267819 2 4
2267849 1 4
2267849 4 30
2268010 2 4
2268100 1 4
2268100 4 90
2268325 2 4
2268352 1 4
2268352 4 27
2268548 2 4
2268604 1 4
2268604 4 56
2268781 2 4
2268855 1 4
2268855 4 74
2269044 2 4
2269106 1 4
2269106 4 62
2269314 2 4
2269357 1 4
2269357 4 43
2269538 2 4
2269609 1 4
2269609 4 71
2269862 1 4
2269955 2 4
2269862 4 -93
2270113 1 4
2270137 2 4
2270113 4 -24
2270282 2 4
2270364 1 4
2270364 4 82
2270585 2 4
2270615 1 4
2270615 4 30
2270762 2 4
2270867 1 4
2270867 4 105
2270923 2 4
2270867 4 -56
2271118 1 4
2271147 2 4
2271118 4 -29
2271370 1 4
2271373 2 4
2271370 4 -3
2271604 2 4
2271621 1 4
2271621 4 17
2271841 2 4
2271872 1 4
2271872 4 31
2272045 2 4
2272123 1 4
2272123 4 78
2272240 2 4
2272123 4 -117
2272374 1 4
2272388 2 4
2272374 4 -14
2272580 2 4
2272625 1 4
2272625 4 45
2272780 2 4
2272877 1 4
2272877 4 97
2273007 2 4
2273216 2 4
2273550 2 4
2273766 2 4
2274007 2 4
2274221 2 4
2274429 2 4
2274639 2 4
2274856 2 4
2275077 2 4
2275275 2 4
2275478 2 4
2275647 2 4
2275824 2 4
2276158 2 4
2276332 2 4
2276517 2 4
2276827 2 4
2277016 2 4
2277184 2 4
2277497 2 4
2277664 2 4
2277797 2 4
2283566 1 1.5
2284233 1 1.5
2284900 1 1.5
2284952 2 1.5
2284900 4 -52
2285558 2 1.5
2285567 1 1.5
2285567 4 9
2286199 2 1.5
2286234 1 1.5
2286234 4 35
2286807 2 1.5
2286901 1 1.5
2286901 4 94
2287501 2 1.5
2287568 1 1.5
2287568 4 67
2288149 2 1.5
2288236 1 1.5
2288236 4 87
2288783 2 1.5
2288903 1 1.5
2288903 4 120
2289430 2 1.5
2289570 1 1.5
2289570 4 140
2290163 2 1.5
2290237 1 1.5
2290237 4 74
2290768 2 1.5
2290904 1 1.5
2290904 4 136
2291432 2 1.5
2291571 1 1.5
2291571 4 139
2292115 2 1.5
2292239 1 1.5
2292239 4 124
2292783 2 1.5
2292906 1 1.5
2292906 4 123
2293508 2 1.5
2293573 1 1.5
2293573 4 65
2294114 2 1.5
2294241 1 1.5
2294241 4 127
2294713 2 1.5
2294909 1 1.5
2294909 4 196
2295435 2 1.5
2295576 1 1.5
2295576 4 141
2296117 2 1.5
2296243 1 1.5
2296243 4 126
2296779 2 1.5
2296910 1 1.5
2296910 4 131
2297433 2 1.5
2297577 1 1.5
2297577 4 144
2298089 2 1.5
2298245 1 1.5
2298245 4 156
2298815 2 1.5
2298912 1 1.5
2298912 4 97
2299466 2 1.5
2299579 1 1.5
2299579 4 113
2300110 2 1.5
2300247 1 1.5
2300247 4 137
2300742 2 1.5
2300914 1 1.5
2300914 4 172
2301426 2 1.5
2301581 1 1.5
2301581 4 155
2302094 2 1.5
2302248 1 1.5
2302248 4 154
2302777 2 1.5
2302915 1 1.5
2302915 4 138
2303400 2 1.5
2303583 1 1.5
2303583 4 183
2304117 2 1.5
2304483 2 1.5
2304809 2 1.5
2305035 2 1.5
2305246 2 1.5
2305410 2 1.5
2305560 2 1.5
2305728 2 1.5
2305930 2 1.5
2306122 2 1.5
2306304 2 1.5
2306476 2 1.5
2306640 2 1.5
2306797 2 1.5
2306954 2 1.5
2307114 2 1.5
2307275 2 1.5
2307440 2 1.5
2307603 2 1.5
2307767 2 1.5
2308089 2 1.5
2308247 2 1.5
2308421 2 1.5
2308588 2 1.5
2308765 2 1.5
2308938 2 1.5
2309101 2 1.5
2309426 2 1.5
2309666 2 1.5
2309875 2 1.5
2310049 2 1.5
2310211 2 1.5
2310390 2 1.5
2310630 2 1.5
2310893 2 1.5
2311064 2 1.5
2311226 2 1.5
2311376 2 1.5
2311639 2 1.5
2311810 2 1.5
2311977 2 1.5
2312129 2 1.5
2312289 2 1.5
2312532 2 1.5
2312689 2 1.5
2312863 2 1.5
2313019 2 1.5
2313203 2 1.5
2313502 2 1.5
2313669 2 1.5
2313829 2 1.5
2313980 2 1.5
2314137 2 1.5
2314439 2 1.5
2314614 2 1.5
2314776 2 1.5
2314935 2 1.5
2315080 2 1.5
2315428 2 1.5
2315600 2 1.5
2315755 2 1.5
2315904 2 1.5
2316063 2 1.5
2316439 2 1.5
2316617 2 1.5
2316772 2 1.5
2322425 1 2
2322926 1 2
2323307 2 2
2323427 1 2
2323427 4 120
2323776 2 2
2323928 1 2
2323928 4 152
2324270 2 2
2324429 1 2
2324429 4 159
2324780 2 2
2324931 1 2
2324931 4 151
2325276 2 2
2325433 1 2
2325433 4 157
2325810 2 2
2325934 1 2
2325934 4 124
2326288 2 2
2326435 1 2
2326435 4 147
2326768 2 2
2326936 1 2
2326936 4 168
2327302 2 2
2327437 1 2
2327437 4 135
2327772 2 2
2327939 1 2
2327939 4 167
2328246 2 2
2328440 1 2
2328440 4 194
2328784 2 2
2328941 1 2
2328941 4 157
2329250 2 2
2329442 1 2
2329442 4 192
2329783 2 2
2329943 1 2
2329943 4 160
2330282 2 2
2330445 1 2
2330445 4 163
2330753 2 2
2330946 1 2
2330946 4 193
2331260 2 2
2331447 1 2
2331447 4 187
2331763 2 2
2331949 1 2
2331949 4 186
2332251 2 2
2332450 1 2
2332450 4 199
2332800 2 2
2332951 1 2
2332951 4 151
2333289 2 2
2333452 1 2
2333452 4 163
2333778 2 2
2333954 1 2
2333954 4 176
2334342 2 2
2334456 1 2
2334456 4 114
2334822 2 2
2334957 1 2
2334957 4 135
2335316 2 2
2335459 1 2
2335459 4 143
2335851 2 2
2335961 1 2
2335961 4 110
2336314 2 2
2336463 1 2
2336463 4 149
2336812 2 2
2336964 1 2
2336964 4 152
2337315 2 2
2337465 1 2
2337465 4 150
2337820 2 2
2338118 2 2
2340977 2 2
2341436 2 2
2342332 2 2
2342708 2 2
2343072 2 2
2343392 2 2
2343742 2 2
2344075 2 2
2352924 1 3
2353258 1 3
2353586 2 3
2353593 1 3
2353593 4 7
2353860 2 3
2353928 1 3
2353928 4 68
2354205 2 3
2354263 1 3
2354263 4 58
2354572 2 3
2354597 1 3
2354597 4 25
2354877 2 3
2354948 1 3
2354948 4 71
2355236 2 3
2355282 1 3
2355282 4 46
2355560 2 3
2355616 1 3
2355616 4 56
2355917 2 3
2355950 1 3
2355950 4 33
2356203 2 3
2356285 1 3
2356285 4 82
2356565 2 3
2356619 1 3
2356619 4 54
2356900 2 3
2356953 1 3
2356953 4 53
2357287 1 3
2357291 2 3
2357287 4 -4
2357621 1 3
2357621 2 3
2357621 4 -0
2357944 2 3
2357955 1 3
2357955 4 11
2358289 1 3
2358315 2 3
2358289 4 -26
2358602 2 3
2358624 1 3
2358624 4 22
2358941 2 3
2358958 1 3
2358958 4 17
2359278 2 3
2359292 1 3
2359292 4 14
2359557 2 3
2359627 1 3
2359627 4 70
2359930 2 3
2359961 1 3
2359961 4 31
2360257 2 3
2360295 1 3
2360295 4 38
2360587 2 3
2360630 1 3
2360630 4 43
2360943 2 3
2360964 1 3
2360964 4 21
2361282 2 3
2361298 1 3
2361298 4 16
2361572 2 3
2361632 1 3
2361632 4 60
2361947 2 3
2361966 1 3
2361966 4 19
2362241 2 3
2362538 2 3
2362905 2 3
2363189 2 3
2363511 2 3
2363810 2 3
2364081 2 3
2364329 2 3
2364566 2 3
2364794 2 3
2375649 1 0.5
2377130 2 0.5
2377651 1 0.5
2377651 4 521
2379653 1 0.5
2379794 2 0.5
2379653 4 -141
2381654 1 0.5
2381796 2 0.5
2381654 4 -142
2383458 2 0.5
2383656 1 0.5
2383656 4 198
2385390 2 0.5
2385657 1 0.5
2385657 4 267
2387530 2 0.5
2387658 1 0.5
2387658 4 128
2389660 1 0.5
2389720 2 0.5
2389660 4 -60
2391536 2 0.5
2391661 1 0.5
2391661 4 125
2393663 1 0.5
2393675 2 0.5
2393663 4 -12
2395537 2 0.5
2395665 1 0.5
2395665 4 128
2397653 2 0.5
2397667 1 0.5
2397667 4 14
2399602 2 0.5
2399668 1 0.5
2399668 4 66
2401478 2 0.5
2401669 1 0.5
2401669 4 191
2403226 2 0.5
2403670 1 0.5
2403670 4 444
2405631 2 0.5
2405671 1 0.5
2405671 4 40
2407374 2 0.5
2407672 1 0.5
2407672 4 298
2409603 2 0.5
2409673 1 0.5
2409673 4 70
2411558 2 0.5
2411674 1 0.5
2411674 4 116
2413675 1 0.5
2415625 2 0.5
2415676 1 0.5
2415676 4 51
2417678 1 0.5
2417814 2 0.5
2417678 4 -136
2419646 2 0.5
2419680 1 0.5
2419680 4 34
2421681 1 0.5
2421709 2 0.5
2421681 4 -28
2423596 2 0.5
2423683 1 0.5
2423683 4 87
2425515 2 0.5
2425685 1 0.5
2425685 4 170
2427501 2 0.5
2427687 1 0.5
2427687 4 186
2429480 2 0.5
2429688 1 0.5
2429688 4 208
2431652 2 0.5
2431689 1 0.5
2431689 4 37
2433494 2 0.5
2433690 1 0.5
2433690 4 196
2435271 2 0.5
2436997 2 0.5
2447002 1 1
2448004 1 1
2448121 2 1
2448004 4 -117
2448908 2 1
2449005 1 1
2449005 4 97
2449783 2 1
2450006 1 1
2450006 4 223
2450767 2 1
2451007 1 1
2451007 4 240
2451825 2 1
2452009 1 1
2452009 4 184
2452871 2 1
2453011 1 1
2453011 4 140
2453911 2 1
2454012 1 1
2454012 4 101
2454928 2 1
2455014 1 1
2455014 4 86
2455946 2 1
2456016 1 1
2456016 4 70
2456970 2 1
2457018 1 1
2457018 4 48
2457956 2 1
2458019 1 1
2458019 4 63
2458900 2 1
2459020 1 1
2459020 4 120
2459890 2 1
2460022 1 1
2460022 4 132
2460851 2 1
2461024 1 1
2461024 4 173
2461865 2 1
2462026 1 1
2462026 4 161
2462972 2 1
2463028 1 1
2463028 4 56
2463894 2 1
2464029 1 1
2464029 4 135
2464795 2 1
2465030 1 1
2465030 4 235
2465991 2 1
2466032 1 1
2466032 4 41
2466909 2 1
2467033 1 1
2467033 4 124
2468014 2 1
2468034 1 1
2468034 4 20
2468976 2 1
2469035 1 1
2469035 4 59
2469971 2 1
2470037 1 1
2470037 4 66
2470979 2 1
2471038 1 1
2471038 4 59
2472040 1 1
2473042 1 1
2473098 2 1
2473042 4 -56
2473593 2 1
2474044 1 1
2474044 4 451
2474980 2 1
2475762 2 1
2476395 2 1
2476928 2 1
2477403 2 1
2477858 2 1
2478303 2 1
2478743 2 1
2479223 2 1
2480211 2 1
2480736 2 1
2534801 3 2172
2534800 5 150
2535803 1 1
2536464 2 1
2536804 1 1
2536804 4 340
2537544 2 1
2537805 1 1
2537805 4 261
2538477 2 1
2538806 1 1
2538806 4 329
2539617 2 1
2539808 1 1
2539808 4 191
2540607 2 1
2540809 1 1
2540809 4 202
2541748 2 1
2541810 1 1
2541810 4 62
2542624 2 1
2542811 1 1
2542811 4 187
2543657 2 1
2543812 1 1
2543812 4 155
2544674 2 1
2544813 1 1
2544813 4 139
2545717 2 1
2545814 1 1
2545814 4 97
2546682 2 1
2546815 1 1
2546815 4 133
2547816 1 1
2548684 2 1
2548817 1 1
2548817 4 133
2549643 2 1
2549818 1 1
2549818 4 175
2550703 2 1
2550819 1 1
2550819 4 116
2551585 2 1
2551821 1 1
2551821 4 236
2552656 2 1
2552822 1 1
2552822 4 166
2553676 2 1
2553823 1 1
2553823 4 147
2554825 1 1
2555826 1 1
2556717 2 1
2556827 1 1
2556827 4 110
2557652 2 1
2557828 1 1
2557828 4 176
2558686 2 1
2558829 1 1
2558829 4 143
2559688 2 1
2559830 1 1
2559830 4 142
2560793 2 1
2560831 1 1
2560831 4 38
2561611 2 1
2561832 1 1
2561832 4 221
2562606 2 1
2562833 1 1
2562833 4 227
2563695 2 1
2563834 1 1
2563834 4 139
2564835 1 1
2565836 1 1
2566716 2 1
2566837 1 1
2566837 4 121
2567838 1 1
2568664 2 1
2569743 2 1
2572350 2 1
2581603 1 4
2581854 1 4
2582106 1 4
2582357 1 4
2582593 2 4
2582609 1 4
2582609 4 16
2582849 2 4
2582860 1 4
2582860 4 11
2583039 2 4
2583111 1 4
2583111 4 72
2583225 2 4
2583111 4 -114
2583362 1 4
2583430 2 4
2583362 4 -68
2583614 1 4
2583615 2 4
2583614 4 -1
2583796 2 4
2583865 1 4
2583865 4 69
2584029 2 4
2584116 1 4
2584116 4 87
2584240 2 4
2584116 4 -124
2584368 1 4
2584439 2 4
2584368 4 -71
2584619 1 4
2584640 2 4
2584619 4 -21
2584870 1 4
2584932 2 4
2584870 4 -62
2585112 2 4
2585122 1 4
2585122 4 10
2585371 2 4
2585373 1 4
2585373 4 2
2585537 2 4
2585624 1 4
2585624 4 87
2585699 2 4
2585624 4 -75
2585875 1 4
2585919 2 4
2585875 4 -44
2586100 2 4
2586127 1 4
2586127 4 27
2586252 2 4
2586127 4 -125
2586379 1 4
2586396 2 4
2586379 4 -17
2586570 2 4
2586630 1 4
2586630 4 60
2586724 2 4
2586630 4 -94
2586881 1 4
2587132 1 4
2587266 2 4
2587383 1 4
2587383 4 117
2587452 2 4
2587383 4 -69
2587634 1 4
2587657 2 4
2587634 4 -23
2587871 2 4
2587885 1 4
2587885 4 14
2588083 2 4
2588136 1 4
2588136 4 53
2588285 2 4
2588387 1 4
2588387 4 102
2588445 2 4
2588387 4 -58
2588618 2 4
2588638 1 4
2588638 4 20
2588843 2 4
2588889 1 4
2588889 4 46
2589057 2 4
2589141 1 4
2589141 4 84
2589255 2 4
2589141 4 -114
2589392 1 4
2589457 2 4
2589392 4 -65
2589643 1 4
2589851 2 4
2590013 2 4
2590236 2 4
2590694 2 4
2591112 2 4
2591309 2 4
2592444 2 4
2593117 2 4
2593260 2 4
2599865 1 5
2600067 1 5
2600268 1 5
2600469 1 5
2600508 2 5
2600469 4 -39
2600670 1 5
2600672 2 5
2600670 4 -2
2600824 2 5
2600871 1 5
2600871 4 47
2600977 2 5
2601072 1 5
2601072 4 95
2601121 2 5
2601072 4 -49
2601274 1 5
2601278 2 5
2601274 4 -4
2601420 2 5
2601476 1 5
2601476 4 56
2601568 2 5
2601476 4 -92
2601678 1 5
2601717 2 5
2601678 4 -39
2601870 2 5
2601880 1 5
2601880 4 10
2602035 2 5
2602082 1 5
2602082 4 47
2602204 2 5
2602284 1 5
2602284 4 80
2602399 2 5
2602485 1 5
2602485 4 86
2602580 2 5
2602485 4 -95
2602686 1 5
2602756 2 5
2602686 4 -70
2602887 1 5
2602954 2 5
2602887 4 -67
2603088 1 5
2603134 2 5
2603088 4 -46
2603289 1 5
2603307 2 5
2603289 4 -18
2603491 1 5
2603493 2 5
2603491 4 -2
2603670 2 5
2603692 1 5
2603692 4 22
2603880 2 5
2603893 1 5
2603893 4 13
2604085 2 5
2604094 1 5
2604094 4 9
2604274 2 5
2604295 1 5
2604295 4 21
2604453 2 5
2604497 1 5
2604497 4 44
2604635 2 5
2604699 1 5
2604699 4 64
2604820 2 5
2604901 1 5
2604901 4 81
2604991 2 5
2604901 4 -90
2605103 1 5
2605158 2 5
2605103 4 -55
2605304 1 5
2605321 2 5
2605304 4 -17
2605505 1 5
2605528 2 5
2605505 4 -23
2605706 1 5
2605908 1 5
2606093 2 5
2606109 1 5
2606109 4 16
2606305 2 5
2606310 1 5
2606310 4 5
2606469 2 5
2606511 1 5
2606511 4 42
2606642 2 5
2606819 2 5
2617534 1 0.5
2618631 2 0.5
2619535 1 0.5
2619535 4 904
2619695 2 0.5
2619535 4 -160
2621305 2 0.5
2621536 1 0.5
2621536 4 231
2623329 2 0.5
2623537 1 0.5
2623537 4 208
2625069 2 0.5
2625539 1 0.5
2625539 4 470
2627225 2 0.5
2627541 1 0.5
2627541 4 316
2629176 2 0.5
2629542 1 0.5
2629542 4 366
2631231 2 0.5
2631543 1 0.5
2631543 4 312
2633499 2 0.5
2633544 1 0.5
2633544 4 45
2635393 2 0.5
2635545 1 0.5
2635545 4 152
2637546 1 0.5
2637549 2 0.5
2637546 4 -3
2639253 2 0.5
2639548 1 0.5
2639548 4 295
2641327 2 0.5
2641549 1 0.5
2641549 4 222
2643551 1 0.5
2645269 2 0.5
2645552 1 0.5
2645552 4 283
2647363 2 0.5
2647553 1 0.5
2647553 4 190
2649554 1 0.5
2649620 2 0.5
2649554 4 -66
2651378 2 0.5
2651555 1 0.5
2651555 4 177
2653076 2 0.5
2653556 1 0.5
2653556 4 480
2655118 2 0.5
2655558 1 0.5
2655558 4 440
2657560 1 0.5
2658985 2 0.5
2659561 1 0.5
2659561 4 576
2660973 2 0.5
2661562 1 0.5
2661562 4 589
2663265 2 0.5
2663563 1 0.5
2663563 4 298
2665388 2 0.5
2665564 1 0.5
2665564 4 176
2667443 2 0.5
2667565 1 0.5
2667565 4 122
2669145 2 0.5
2670889 2 0.5
2672297 2 0.5
2681800 1 2
2682301 1 2
2682716 2 2
2682802 1 2
2682802 4 86
2683210 2 2
2683303 1 2
2683303 4 93
2683733 2 2
2683804 1 2
2683804 4 71
2684246 2 2
2684305 1 2
2684305 4 59
2684769 2 2
2684806 1 2
2684806 4 37
2685237 2 2
2685307 1 2
2685307 4 70
2685730 2 2
2685809 1 2
2685809 4 79
2686194 2 2
2686311 1 2
2686311 4 117
2686715 2 2
2686813 1 2
2686813 4 98
2687246 2 2
2687314 1 2
2687314 4 68
2687661 2 2
2687815 1 2
2687815 4 154
2688146 2 2
2688317 1 2
2688317 4 171
2688698 2 2
2688819 1 2
2688819 4 121
2689226 2 2
2689320 1 2
2689320 4 94
2689729 2 2
2689821 1 2
2689821 4 92
2690272 2 2
2690322 1 2
2690322 4 50
2690756 2 2
2690824 1 2
2690824 4 68
2691219 2 2
2691326 1 2
2691326 4 107
2691770 2 2
2691827 1 2
2691827 4 57
2692198 2 2
2692328 1 2
2692328 4 130
2692729 2 2
2692829 1 2
2692829 4 100
2693224 2 2
2693330 1 2
2693330 4 106
2693734 2 2
2693831 1 2
2693831 4 97
2694234 2 2
2694332 1 2
2694332 4 98
2694699 2 2
2694833 1 2
2694833 4 134
2695334 1 2
2695836 1 2
2696337 1 2
2696838 1 2
2697339 1 2
2697841 1 2
2698380 2 2
2707716 1 3
2708052 1 3
2708386 1 3
2708515 2 3
2708386 4 -129
2708721 1 3
2708876 2 3
2708721 4 -155
2709055 1 3
2709142 2 3
2709055 4 -87
2709389 1 3
2709436 2 3
2709389 4 -47
2709698 2 3
2709723 1 3
2709723 4 25
2709982 2 3
2710057 1 3
2710057 4 75
2710367 2 3
2710392 1 3
2710392 4 25
2710726 1 3
2711060 1 3
2711280 2 3
2711394 1 3
2711394 4 114
2711689 2 3
2711728 1 3
2711728 4 39
2712064 1 3
2712064 2 3
2712064 4 -0
2712355 2 3
2712399 1 3
2712399 4 44
2712680 2 3
2712733 1 3
2712733 4 53
2713019 2 3
2713068 1 3
2713068 4 49
2713358 2 3
2713402 1 3
2713402 4 44
2713695 2 3
2713736 1 3
2713736 4 41
2714068 2 3
2714071 1 3
2714071 4 3
2714320 2 3
2714405 1 3
2714405 4 85
2714666 2 3
2714739 1 3
2714739 4 73
2714980 2 3
2715073 1 3
2715073 4 93
2715339 2 3
2715407 1 3
2715407 4 68
2715681 2 3
2715741 1 3
2715741 4 60
2716020 2 3
2716075 1 3
2716075 4 55
2716222 2 3
2716075 4 -147
2716409 1 3
2716743 1 3
2717077 1 3
2717412 1 3
2717669 2 3
2718143 2 3
2718605 2 3
2719075 2 3
2719551 2 3
2720063 2 3
2729732 1 1.5
2730209 2 1.5
2730399 1 1.5
2730399 4 190
2730923 2 1.5
2731067 1 1.5
2731067 4 144
2731596 2 1.5
2731734 1 1.5
2731734 4 138
2732241 2 1.5
2732401 1 1.5
2732401 4 160
2732987 2 1.5
2733069 1 1.5
2733069 4 82
2733612 2 1.5
2733736 1 1.5
2733736 4 124
2734280 2 1.5
2734403 1 1.5
2734403 4 123
2734961 2 1.5
2735070 1 1.5
2735070 4 109
2735585 2 1.5
2735737 1 1.5
2735737 4 152
2736236 2 1.5
2736404 1 1.5
2736404 4 168
2736958 2 1.5
2737071 1 1.5
2737071 4 113
2737656 2 1.5
2737739 1 1.5
2737739 4 83
2738250 2 1.5
2738407 1 1.5
2738407 4 157
2738958 2 1.5
2739074 1 1.5
2739074 4 116
2739603 2 1.5
2739741 1 1.5
2739741 4 138
2740225 2 1.5
2740409 1 1.5
2740409 4 184
2740970 2 1.5
2741076 1 1.5
2741076 4 106
2741640 2 1.5
2741744 1 1.5
2741744 4 104
2742327 2 1.5
2742411 1 1.5
2742411 4 84
2742937 2 1.5
2743079 1 1.5
2743079 4 142
2743747 1 1.5
2743902 2 1.5
2743747 4 -155
2744415 1 1.5
2745082 1 1.5
2745749 1 1.5
2745803 2 1.5
2745749 4 -54
2746405 2 1.5
2746416 1 1.5
2746416 4 11
2747033 2 1.5
2747083 1 1.5
2747083 4 50
2747684 2 1.5
2747751 1 1.5
2747751 4 67
2791410 3 2387
2791409 5 90
