934218 5 120
934836 1 3
935170 1 3
935505 1 3
935641 2 3
935505 4 -136
935839 1 3
935897 2 3
935839 4 -58
936121 2 3
936173 1 3
936173 4 52
936430 2 3
936507 1 3
936507 4 77
936720 2 3
936842 1 3
936842 4 122
936973 2 3
936842 4 -131
937176 1 3
937263 2 3
937176 4 -87
937511 1 3
937526 2 3
937511 4 -15
937794 2 3
937846 1 3
937846 4 52
938088 2 3
938181 1 3
938181 4 93
938395 2 3
938515 1 3
938515 4 120
938723 2 3
938850 1 3
938850 4 127
939054 2 3
939184 1 3
939184 4 130
939407 2 3
939518 1 3
939518 4 111
939714 2 3
939852 1 3
939852 4 138
940080 2 3
940186 1 3
940186 4 106
940428 2 3
940520 1 3
940520 4 92
940777 2 3
940854 1 3
940854 4 77
941119 2 3
941188 1 3
941188 4 69
941450 2 3
941773 2 3
942072 2 3
942370 2 3
942684 2 3
943048 2 3
943394 2 3
943762 2 3
944056 2 3
944339 2 3
944659 2 3
945004 2 3
945374 2 3
945699 2 3
946037 2 3
946342 2 3
946722 2 3
947033 2 3
947386 2 3
947680 2 3
953372 1 2
953873 1 2
954122 2 2
953873 4 -249
954374 1 2
954716 2 2
954876 1 2
954876 4 160
955329 2 2
955378 1 2
955378 4 49
955838 2 2
955879 1 2
955879 4 41
956366 2 2
956380 1 2
956380 4 14
956824 2 2
956882 1 2
956882 4 58
957312 2 2
957383 1 2
957383 4 71
957789 2 2
957884 1 2
957884 4 95
958307 2 2
958385 1 2
958385 4 78
958775 2 2
958887 1 2
958887 4 112
959262 2 2
959388 1 2
959388 4 126
959672 2 2
959889 1 2
959889 4 217
960219 2 2
960391 1 2
960391 4 172
960734 2 2
960892 1 2
960892 4 158
961286 2 2
961393 1 2
961393 4 107
961807 2 2
961895 1 2
961895 4 88
962302 2 2
962396 1 2
962396 4 94
962800 2 2
962897 1 2
962897 4 97
963310 2 2
963398 1 2
963398 4 88
963806 2 2
963899 1 2
963899 4 93
964302 2 2
964401 1 2
964401 4 99
964781 2 2
964902 1 2
964902 4 121
965277 2 2
965404 1 2
965404 4 127
965756 2 2
965905 1 2
965905 4 149
966255 2 2
966407 1 2
966407 4 152
966719 2 2
966909 1 2
966909 4 190
967258 2 2
967410 1 2
967410 4 152
967764 2 2
967912 1 2
967912 4 148
968270 2 2
968414 1 2
968414 4 144
968785 2 2
968915 1 2
968915 4 130
969308 2 2
969416 1 2
969416 4 108
969826 2 2
969917 1 2
969917 4 91
970286 2 2
970802 2 2
971304 2 2
971799 2 2
972327 2 2
972834 2 2
973350 2 2
973867 2 2
974381 2 2
974872 2 2
975384 2 2
975880 2 2
976362 2 2
976864 2 2
977403 2 2
977907 2 2
978433 2 2
978942 2 2
979424 2 2
985940 1 1
986414 2 1
985940 4 -474
986941 1 1
987096 2 1
986941 4 -155
987819 2 1
987942 1 1
987942 4 123
988745 2 1
988944 1 1
988944 4 199
989713 2 1
989945 1 1
989945 4 232
990696 2 1
990946 1 1
990946 4 250
991707 2 1
991948 1 1
991948 4 241
992718 2 1
992949 1 1
992949 4 231
993738 2 1
993950 1 1
993950 4 212
994815 2 1
994951 1 1
994951 4 136
995788 2 1
995953 1 1
995953 4 165
996844 2 1
996954 1 1
996954 4 110
997815 2 1
997955 1 1
997955 4 140
998796 2 1
998957 1 1
998957 4 161
999776 2 1
999958 1 1
999958 4 182
1000829 2 1
1000959 1 1
1000959 4 130
1001791 2 1
1001960 1 1
1001960 4 169
1002720 2 1
1002961 1 1
1002961 4 241
1003805 2 1
1003962 1 1
1003962 4 157
1004847 2 1
1004963 1 1
1004963 4 116
1005893 2 1
1005964 1 1
1005964 4 71
1006832 2 1
1006965 1 1
1006965 4 133
1007800 2 1
1007966 1 1
1007966 4 166
1008712 2 1
1008967 1 1
1008967 4 255
1009748 2 1
1009968 1 1
1009968 4 220
1010814 2 1
1010969 1 1
1010969 4 155
1011799 2 1
1011970 1 1
1011970 4 171
1012791 2 1
1012972 1 1
1012972 4 181
1013763 2 1
1013974 1 1
1013974 4 211
1014738 2 1
1014975 1 1
1014975 4 237
1015722 2 1
1015977 1 1
1015977 4 255
1016712 2 1
1017653 2 1
1018601 2 1
1019517 2 1
1020473 2 1
1021389 2 1
1022274 2 1
1023161 2 1
1024054 2 1
1024931 2 1
1025890 2 1
1026764 2 1
1027631 2 1
1028470 2 1
1029316 2 1
1030153 2 1
1031013 2 1
1031887 2 1
1032749 2 1
1033634 2 1
1034471 2 1
1035319 2 1
1041200 1 5
1041401 1 5
1041603 1 5
1041603 2 5
1041603 4 -0
1041802 2 5
1041805 1 5
1041805 4 3
1041992 2 5
1042006 1 5
1042006 4 14
1042180 2 5
1042208 1 5
1042208 4 28
1042367 2 5
1042410 1 5
1042410 4 43
1042564 2 5
1042612 1 5
1042612 4 48
1042744 2 5
1042813 1 5
1042813 4 69
1042937 2 5
1043015 1 5
1043015 4 78
1043131 2 5
1043217 1 5
1043217 4 86
1043321 2 5
1043418 1 5
1043418 4 97
1043511 2 5
1043418 4 -93
1043619 1 5
1043703 2 5
1043619 4 -84
1043820 1 5
1043885 2 5
1043820 4 -65
1044021 1 5
1044076 2 5
1044021 4 -55
1044222 1 5
1044263 2 5
1044222 4 -41
1044424 1 5
1044457 2 5
1044424 4 -33
1044626 1 5
1044657 2 5
1044626 4 -31
1044828 1 5
1044851 2 5
1044828 4 -23
1045029 1 5
1045038 2 5
1045029 4 -9
1045230 1 5
1045230 2 5
1045230 4 -0
1045422 2 5
1045431 1 5
1045431 4 9
1045611 2 5
1045632 1 5
1045632 4 21
1045806 2 5
1045833 1 5
1045833 4 27
1046012 2 5
1046034 1 5
1046034 4 22
1046214 2 5
1046235 1 5
1046235 4 21
1046416 2 5
1046613 2 5
1046798 2 5
1047001 2 5
1047227 2 5
1047426 2 5
1047616 2 5
1047802 2 5
1048001 2 5
1048198 2 5
1048389 2 5
1048585 2 5
1048782 2 5
1048987 2 5
1049192 2 5
1049389 2 5
1049581 2 5
1049772 2 5
1049961 2 5
1050151 2 5
1057258 1 0.5
1057549 2 0.5
1057258 4 -291
1057990 2 0.5
1057258 4 -732
1059260 1 0.5
1059402 2 0.5
1059260 4 -142
1061025 2 0.5
1061261 1 0.5
1061261 4 236
1063102 2 0.5
1063262 1 0.5
1063262 4 160
1064940 2 0.5
1065263 1 0.5
1065263 4 323
1066869 2 0.5
1067264 1 0.5
1067264 4 395
1068870 2 0.5
1069266 1 0.5
1069266 4 396
1070504 2 0.5
1071267 1 0.5
1071267 4 763
1072781 2 0.5
1073269 1 0.5
1073269 4 488
1074677 2 0.5
1075270 1 0.5
1075270 4 593
1076693 2 0.5
1077271 1 0.5
1077271 4 578
1078273 2 0.5
1079273 1 0.5
1079273 4 1000
1080518 2 0.5
1081274 1 0.5
1081274 4 756
1082938 2 0.5
1083275 1 0.5
1083275 4 337
1085019 2 0.5
1085277 1 0.5
1085277 4 258
1086786 2 0.5
1087279 1 0.5
1087279 4 493
1089151 2 0.5
1089280 1 0.5
1089280 4 129
1090928 2 0.5
1091281 1 0.5
1091281 4 353
1092916 2 0.5
1093282 1 0.5
1093282 4 366
1095049 2 0.5
1095284 1 0.5
1095284 4 235
1097092 2 0.5
1097285 1 0.5
1097285 4 193
1099048 2 0.5
1099287 1 0.5
1099287 4 239
1101198 2 0.5
1101288 1 0.5
1101288 4 90
1103109 2 0.5
1103290 1 0.5
1103290 4 181
1105228 2 0.5
1105292 1 0.5
1105292 4 64
1107110 2 0.5
1107293 1 0.5
1107293 4 183
1109135 2 0.5
1109295 1 0.5
1109295 4 160
1111136 2 0.5
1111296 1 0.5
1111296 4 160
1113238 2 0.5
1113297 1 0.5
1113297 4 59
1115132 2 0.5
1115299 1 0.5
1115299 4 167
1117050 2 0.5
1117300 1 0.5
1117300 4 250
1119044 2 0.5
1119301 1 0.5
1119301 4 257
1121128 2 0.5
1121303 1 0.5
1121303 4 175
1123059 2 0.5
1124882 2 0.5
1126835 2 0.5
1128631 2 0.5
1130333 2 0.5
1132070 2 0.5
1133805 2 0.5
1135444 2 0.5
1137143 2 0.5
1138691 2 0.5
1140214 2 0.5
1141680 2 0.5
1143105 2 0.5
1144539 2 0.5
1145847 2 0.5
1147099 2 0.5
1148343 2 0.5
1149519 2 0.5
1150671 2 0.5
1151718 2 0.5
1152763 2 0.5
1153773 2 0.5
1154763 2 0.5
1155672 2 0.5
1156552 2 0.5
1157421 2 0.5
1158252 2 0.5
1159058 2 0.5
1159838 2 0.5
1160587 2 0.5
1166992 1 1.5
1167330 2 1.5
1167659 1 1.5
1167659 4 329
1167831 2 1.5
1167659 4 -172
1168278 2 1.5
1168327 1 1.5
1168327 4 49
1168906 2 1.5
1168994 1 1.5
1168994 4 88
1169592 2 1.5
1169662 1 1.5
1169662 4 70
1170277 2 1.5
1170329 1 1.5
1170329 4 52
1170950 2 1.5
1170996 1 1.5
1170996 4 46
1171623 2 1.5
1171663 1 1.5
1171663 4 40
1172270 2 1.5
1172330 1 1.5
1172330 4 60
1172930 2 1.5
1172997 1 1.5
1172997 4 67
1173605 2 1.5
1173665 1 1.5
1173665 4 60
1174254 2 1.5
1174332 1 1.5
1174332 4 78
1174929 2 1.5
1174999 1 1.5
1174999 4 70
1175633 2 1.5
1175666 1 1.5
1175666 4 33
1176292 2 1.5
1176334 1 1.5
1176334 4 42
1176981 2 1.5
1177001 1 1.5
1177001 4 20
1177648 2 1.5
1177668 1 1.5
1177668 4 20
1178287 2 1.5
1178336 1 1.5
1178336 4 49
1178938 2 1.5
1179003 1 1.5
1179003 4 65
1179596 2 1.5
1179670 1 1.5
1179670 4 74
1180243 2 1.5
1180337 1 1.5
1180337 4 94
1180949 2 1.5
1181004 1 1.5
1181004 4 55
1181619 2 1.5
1181671 1 1.5
1181671 4 52
1182275 2 1.5
1182338 1 1.5
1182338 4 63
1182966 2 1.5
1183005 1 1.5
1183005 4 39
1183615 2 1.5
1183672 1 1.5
1183672 4 57
1184281 2 1.5
1185011 2 1.5
1185696 2 1.5
1186400 2 1.5
1187102 2 1.5
1187777 2 1.5
1188433 2 1.5
1189084 2 1.5
1189775 2 1.5
1190433 2 1.5
1191067 2 1.5
1191791 2 1.5
1192502 2 1.5
1193208 2 1.5
1193896 2 1.5
1194563 2 1.5
1195259 2 1.5
1195940 2 1.5
1196607 2 1.5
1202265 1 4
1202516 1 4
1202634 2 4
1202516 4 -118
1202767 1 4
1202839 2 4
1202767 4 -72
1203011 2 4
1203018 1 4
1203018 4 7
1203216 2 4
1203270 1 4
1203270 4 54
1203426 2 4
1203521 1 4
1203521 4 95
1203647 2 4
1203773 1 4
1203858 2 4
1203773 4 -85
1204024 1 4
1204072 2 4
1204024 4 -48
1204276 1 4
1204277 2 4
1204276 4 -1
1204489 2 4
1204527 1 4
1204527 4 38
1204722 2 4
1204778 1 4
1204778 4 56
1204947 2 4
1205029 1 4
1205029 4 82
1205158 2 4
1205280 1 4
1205280 4 122
1205372 2 4
1205280 4 -92
1205531 1 4
1205591 2 4
1205531 4 -60
1205782 1 4
1205810 2 4
1205782 4 -28
1206019 2 4
1206034 1 4
1206034 4 15
1206231 2 4
1206285 1 4
1206285 4 54
1206445 2 4
1206537 1 4
1206537 4 92
1206678 2 4
1206788 1 4
1206788 4 110
1206886 2 4
1206788 4 -98
1207040 1 4
1207104 2 4
1207040 4 -64
1207291 1 4
1207322 2 4
1207291 4 -31
1207542 1 4
1207545 2 4
1207542 4 -3
1207785 2 4
1207793 1 4
1207793 4 8
1208003 2 4
1208044 1 4
1208044 4 41
1208209 2 4
1208295 1 4
1208295 4 86
1208440 2 4
1208546 1 4
1208546 4 106
1208677 2 4
1208797 1 4
1208797 4 120
1208886 2 4
1208797 4 -89
1209049 1 4
1209108 2 4
1209049 4 -59
1209301 1 4
1209317 2 4
1209301 4 -16
1209535 2 4
1209552 1 4
1209552 4 17
1209764 2 4
1210387 2 4
1211089 2 4
1211807 2 4
1212546 2 4
1213291 2 4
1214038 2 4
1314185 3 405
1314184 5 30
1314386 1 5
1314587 1 5
1314788 1 5
1314989 1 5
1315190 1 5
1315391 1 5
1315592 1 5
1315793 1 5
1315994 1 5
1316195 1 5
1316396 1 5
1316597 1 5
1316798 1 5
1316999 1 5
1317200 1 5
1317402 1 5
1317603 1 5
1317693 2 5
1317603 4 -90
1317804 1 5
1317889 2 5
1317804 4 -85
1318005 1 5
1318071 2 5
1318005 4 -66
1318206 1 5
1318267 2 5
1318206 4 -61
1318407 1 5
1318440 2 5
1318407 4 -33
1318608 1 5
1318632 2 5
1318608 4 -24
1318809 1 5
1318817 2 5
1318809 4 -8
1319009 2 5
1319010 1 5
1319010 4 1
1319211 1 5
1319215 2 5
1319211 4 -4
1319412 1 5
1319417 2 5
1319412 4 -5
1319613 1 5
1319829 2 5
1320031 2 5
1320220 2 5
1320392 2 5
1320593 2 5
1320801 2 5
1321003 2 5
1321193 2 5
1321417 2 5
1321637 2 5
1321835 2 5
1322028 2 5
1322227 2 5
1322419 2 5
1322609 2 5
1322815 2 5
1323018 2 5
1323216 2 5
1323414 2 5
1323607 2 5
1329136 1 2
1329447 2 2
1329637 1 2
1329637 4 190
1330020 2 2
1330139 1 2
1330139 4 119
1330629 2 2
1330640 1 2
1330640 4 11
1331115 2 2
1331141 1 2
1331141 4 26
1331610 2 2
1331642 1 2
1331642 4 32
1332081 2 2
1332143 1 2
1332143 4 62
1332581 2 2
1332645 1 2
1332645 4 64
1333125 2 2
1333146 1 2
1333146 4 21
1333592 2 2
1333647 1 2
1333647 4 55
1334085 2 2
1334149 1 2
1334149 4 64
1334604 2 2
1334650 1 2
1334650 4 46
1335099 2 2
1335151 1 2
1335151 4 52
1335589 2 2
1335652 1 2
1335652 4 63
1336067 2 2
1336153 1 2
1336153 4 86
1336598 2 2
1336654 1 2
1336654 4 56
1337120 2 2
1337155 1 2
1337155 4 35
1337609 2 2
1337656 1 2
1337656 4 47
1338068 2 2
1338158 1 2
1338158 4 90
1338526 2 2
1338659 1 2
1338659 4 133
1338996 2 2
1339160 1 2
1339160 4 164
1339487 2 2
1339662 1 2
1339662 4 175
1340002 2 2
1340163 1 2
1340163 4 161
1340540 2 2
1340664 1 2
1340664 4 124
1341067 2 2
1341165 1 2
1341165 4 98
1341569 2 2
1342090 2 2
1342554 2 2
1343033 2 2
1343451 2 2
1343866 2 2
1344209 2 2
1344518 2 2
1344790 2 2
1345037 2 2
1345265 2 2
1345488 2 2
1345697 2 2
1345900 2 2
1346105 2 2
1346289 2 2
1346481 2 2
1346679 2 2
1346867 2 2
1347065 2 2
1347256 2 2
1347450 2 2
1347646 2 2
1347830 2 2
1348024 2 2
1348217 2 2
1348403 2 2
1348591 2 2
1348779 2 2
1348983 2 2
1349166 2 2
1349364 2 2
1349559 2 2
1349763 2 2
1349965 2 2
1350156 2 2
1350350 2 2
1350552 2 2
1350741 2 2
1350937 2 2
1351118 2 2
1356522 1 3
1356856 1 3
1356928 2 3
1356856 4 -72
1357175 2 3
1357191 1 3
1357191 4 16
1357430 2 3
1357525 1 3
1357525 4 95
1357774 2 3
1357860 1 3
1357860 4 86
1358070 2 3
1358194 1 3
1358194 4 124
1358365 2 3
1358528 1 3
1358528 4 163
1358657 2 3
1358528 4 -129
1358863 1 3
1358942 2 3
1358863 4 -79
1359198 1 3
1359204 2 3
1359198 4 -6
1359453 2 3
1359532 1 3
1359532 4 79
1359715 2 3
1359867 1 3
1359867 4 152
1359992 2 3
1359867 4 -125
1360201 1 3
1360247 2 3
1360201 4 -46
1360527 2 3
1360535 1 3
1360535 4 8
1360807 2 3
1360869 1 3
1360869 4 62
1361107 2 3
1361203 1 3
1361203 4 96
1361407 2 3
1361537 1 3
1361537 4 130
1361702 2 3
1361537 4 -165
1361871 1 3
1362004 2 3
1361871 4 -133
1362205 1 3
1362263 2 3
1362205 4 -58
1362500 2 3
1362539 1 3
1362539 4 39
1362777 2 3
1362874 1 3
1362874 4 97
1363066 2 3
1363208 1 3
1363208 4 142
1363341 2 3
1363208 4 -133
1363542 1 3
1363628 2 3
1363542 4 -86
1363877 1 3
1363880 2 3
1363877 4 -3
1364147 2 3
1364212 1 3
1364212 4 65
1364422 2 3
1364546 1 3
1364546 4 124
1364699 2 3
1364546 4 -153
1364881 1 3
1364971 2 3
1364881 4 -90
1365215 1 3
1365222 2 3
1365215 4 -7
1365481 2 3
1365549 1 3
1365549 4 68
1365738 2 3
1365883 1 3
1365883 4 145
1365994 2 3
1365883 4 -111
1366217 1 3
1366275 2 3
1366217 4 -58
1366524 2 3
1366551 1 3
1366551 4 27
1366795 2 3
1367066 2 3
1367338 2 3
1367588 2 3
1367838 2 3
1368053 2 3
1368271 2 3
1368486 2 3
1368701 2 3
1368919 2 3
1369123 2 3
1369326 2 3
1369535 2 3
1369751 2 3
1369965 2 3
1370178 2 3
1370379 2 3
1370572 2 3
1370776 2 3
1370969 2 3
1371170 2 3
1371365 2 3
1371562 2 3
1371759 2 3
1371960 2 3
1372148 2 3
1372338 2 3
1372546 2 3
1372723 2 3
1372918 2 3
1373109 2 3
1378901 1 1.5
1379275 2 1.5
1379568 1 1.5
1379568 4 293
1380222 2 1.5
1380235 1 1.5
1380235 4 13
1380902 1 1.5
1381011 2 1.5
1380902 4 -109
1381467 2 1.5
1381569 1 1.5
1381569 4 102
1382221 2 1.5
1382236 1 1.5
1382236 4 15
1382903 1 1.5
1382940 2 1.5
1382903 4 -37
1383570 1 1.5
1383573 2 1.5
1383570 4 -3
1384237 1 1.5
1384250 2 1.5
1384237 4 -13
1384843 2 1.5
1384904 1 1.5
1384904 4 61
1385535 2 1.5
1385571 1 1.5
1385571 4 36
1386238 1 1.5
1386247 2 1.5
1386238 4 -9
1386894 2 1.5
1386906 1 1.5
1386906 4 12
1387545 2 1.5
1387573 1 1.5
1387573 4 28
1388210 2 1.5
1388240 1 1.5
1388240 4 30
1388860 2 1.5
1388907 1 1.5
1388907 4 47
1389517 2 1.5
1389574 1 1.5
1389574 4 57
1390162 2 1.5
1390242 1 1.5
1390242 4 80
1390909 1 1.5
1390911 2 1.5
1390909 4 -2
1391534 2 1.5
1391576 1 1.5
1391576 4 42
1392224 2 1.5
1392243 1 1.5
1392243 4 19
1392911 1 1.5
1392927 2 1.5
1392911 4 -16
1393578 1 1.5
1393643 2 1.5
1393578 4 -65
1394245 1 1.5
1394269 2 1.5
1394245 4 -24
1394905 2 1.5
1394912 1 1.5
1394912 4 7
1395539 2 1.5
1395579 1 1.5
1395579 4 40
1396204 2 1.5
1396247 1 1.5
1396247 4 43
1396911 2 1.5
1396914 1 1.5
1396914 4 3
1397529 2 1.5
1397581 1 1.5
1397581 4 52
1398158 2 1.5
1398249 1 1.5
1398249 4 91
1398927 2 1.5
1399584 2 1.5
1400204 2 1.5
1400808 2 1.5
1401380 2 1.5
1401939 2 1.5
1402489 2 1.5
1403040 2 1.5
1403542 2 1.5
1404083 2 1.5
1404555 2 1.5
1405008 2 1.5
1405457 2 1.5
1405908 2 1.5
1406307 2 1.5
1406664 2 1.5
1407023 2 1.5
1407351 2 1.5
1407661 2 1.5
1407975 2 1.5
1408254 2 1.5
1408534 2 1.5
1408787 2 1.5
1409021 2 1.5
1409271 2 1.5
1409497 2 1.5
1409740 2 1.5
1409973 2 1.5
1410188 2 1.5
1410414 2 1.5
1410665 2 1.5
1410887 2 1.5
1411102 2 1.5
1411323 2 1.5
1411539 2 1.5
1418591 1 0.5
1418854 2 0.5
1418591 4 -263
1419644 2 0.5
1420593 1 0.5
1420593 4 949
1420882 2 0.5
1420593 4 -289
1422338 2 0.5
1422595 1 0.5
1422595 4 257
1424139 2 0.5
1424597 1 0.5
1424597 4 458
1426098 2 0.5
1426598 1 0.5
1426598 4 500
1427980 2 0.5
1428600 1 0.5
1428600 4 620
1430126 2 0.5
1430601 1 0.5
1430601 4 475
1431833 2 0.5
1432602 1 0.5
1432602 4 769
1433980 2 0.5
1434603 1 0.5
1434603 4 623
1435910 2 0.5
1436604 1 0.5
1436604 4 694
1438458 2 0.5
1438605 1 0.5
1438605 4 147
1440462 2 0.5
1440607 1 0.5
1440607 4 145
1442370 2 0.5
1442608 1 0.5
1442608 4 238
1444287 2 0.5
1444609 1 0.5
1444609 4 322
1446297 2 0.5
1446610 1 0.5
1446610 4 313
1448237 2 0.5
1448612 1 0.5
1448612 4 375
1450239 2 0.5
1450613 1 0.5
1450613 4 374
1452251 2 0.5
1452614 1 0.5
1452614 4 363
1454095 2 0.5
1454615 1 0.5
1454615 4 520
1456370 2 0.5
1456616 1 0.5
1456616 4 246
1458153 2 0.5
1458617 1 0.5
1458617 4 464
1460149 2 0.5
1460618 1 0.5
1460618 4 469
1461914 2 0.5
1462620 1 0.5
1462620 4 706
1464523 2 0.5
1464621 1 0.5
1464621 4 98
1466572 2 0.5
1466622 1 0.5
1466622 4 50
1466623 2 0.5
1466622 4 -1
1468350 2 0.5
1468623 1 0.5
1468623 4 273
1470272 2 0.5
1470624 1 0.5
1470624 4 352
1472162 2 0.5
1473648 2 0.5
1474959 2 0.5
1476137 2 0.5
1477297 2 0.5
1478356 2 0.5
1479367 2 0.5
1480239 2 0.5
1481067 2 0.5
1481877 2 0.5
1482702 2 0.5
1483466 2 0.5
1484172 2 0.5
1484913 2 0.5
1485557 2 0.5
1486248 2 0.5
1486821 2 0.5
1487376 2 0.5
1487907 2 0.5
1488426 2 0.5
1488933 2 0.5
1489404 2 0.5
1489824 2 0.5
1490211 2 0.5
1490581 2 0.5
1490918 2 0.5
1491258 2 0.5
1491561 2 0.5
1491844 2 0.5
1492116 2 0.5
1492377 2 0.5
1492616 2 0.5
1492886 2 0.5
1493135 2 0.5
1493358 2 0.5
1493626 2 0.5
1493868 2 0.5
1494097 2 0.5
1494335 2 0.5
1494581 2 0.5
1494826 2 0.5
1495077 2 0.5
1495302 2 0.5
1495538 2 0.5
1495771 2 0.5
1495993 2 0.5
1496232 2 0.5
1496475 2 0.5
1496709 2 0.5
1496931 2 0.5
1497179 2 0.5
1497395 2 0.5
1497632 2 0.5
1497861 2 0.5
1498097 2 0.5
1498326 2 0.5
1498561 2 0.5
1498788 2 0.5
1499015 2 0.5
1499243 2 0.5
1499477 2 0.5
1499693 2 0.5
1499914 2 0.5
1500139 2 0.5
1500372 2 0.5
1500592 2 0.5
1500816 2 0.5
1501042 2 0.5
1501257 2 0.5
1501469 2 0.5
1501689 2 0.5
1501911 2 0.5
1502131 2 0.5
1502359 2 0.5
1502582 2 0.5
1502790 2 0.5
1503011 2 0.5
1503223 2 0.5
1503440 2 0.5
1503641 2 0.5
1503840 2 0.5
1504042 2 0.5
1504230 2 0.5
1504427 2 0.5
1504619 2 0.5
1504829 2 0.5
1505040 2 0.5
1505240 2 0.5
1505448 2 0.5
1505638 2 0.5
1505839 2 0.5
1506048 2 0.5
1506243 2 0.5
1506441 2 0.5
1506647 2 0.5
1506846 2 0.5
1507053 2 0.5
1507247 2 0.5
1507443 2 0.5
1507640 2 0.5
1507846 2 0.5
1508043 2 0.5
1508251 2 0.5
1508453 2 0.5
1508654 2 0.5
1508850 2 0.5
1509045 2 0.5
1509252 2 0.5
1509473 2 0.5
1509682 2 0.5
1509872 2 0.5
1510078 2 0.5
1510292 2 0.5
1510485 2 0.5
1516647 1 1
1517067 2 1
1516647 4 -420
1517648 1 1
1517793 2 1
1517648 4 -145
1518634 2 1
1518649 1 1
1518649 4 15
1519567 2 1
1519650 1 1
1519650 4 83
1520563 2 1
1520651 1 1
1520651 4 88
1521449 2 1
1521652 1 1
1521652 4 203
1522511 2 1
1522653 1 1
1522653 4 142
1523555 2 1
1523655 1 1
1523655 4 100
1524599 2 1
1524656 1 1
1524656 4 57
1525652 2 1
1525658 1 1
1525658 4 6
1526571 2 1
1526659 1 1
1526659 4 88
1527494 2 1
1527661 1 1
1527661 4 167
1528522 2 1
1528662 1 1
1528662 4 140
1529527 2 1
1529663 1 1
1529663 4 136
1530483 2 1
1530664 1 1
1530664 4 181
1531472 2 1
1531665 1 1
1531665 4 193
1532449 2 1
1532666 1 1
1532666 4 217
1533480 2 1
1533667 1 1
1533667 4 187
1534422 2 1
1534668 1 1
1534668 4 246
1535322 2 1
1535669 1 1
1535669 4 347
1536440 2 1
1536670 1 1
1536670 4 230
1537595 2 1
1537671 1 1
1537671 4 76
1538672 1 1
1538844 2 1
1538672 4 -172
1539564 2 1
1539673 1 1
1539673 4 109
1540674 1 1
1541604 2 1
1541675 1 1
1541675 4 71
1542593 2 1
1542677 1 1
1542677 4 84
1543586 2 1
1543679 1 1
1543679 4 93
1544630 2 1
1544681 1 1
1544681 4 51
1545545 2 1
1545683 1 1
1545683 4 138
1546571 2 1
1546684 1 1
1546684 4 113
1547685 1 1
1547702 2 1
1547685 4 -17
1548686 1 1
1549688 1 1
1556956 1 4
1557208 1 4
1557245 2 4
1557208 4 -37
1557459 1 4
1557476 2 4
1557459 4 -17
1557687 2 4
1557710 1 4
1557710 4 23
1557961 1 4
1558123 2 4
1558212 1 4
1558212 4 89
1558340 2 4
1558464 1 4
1558464 4 124
1558567 2 4
1558464 4 -103
1558715 1 4
1558770 2 4
1558715 4 -55
1558966 1 4
1558990 2 4
1558966 4 -24
1559207 2 4
1559217 1 4
1559217 4 10
1559424 2 4
1559469 1 4
1559469 4 45
1559641 2 4
1559720 1 4
1559720 4 79
1559855 2 4
1559971 1 4
1559971 4 116
1560093 2 4
1559971 4 -122
1560222 1 4
1560307 2 4
1560222 4 -85
1560473 1 4
1560724 1 4
1560747 2 4
1560724 4 -23
1560975 1 4
1561226 1 4
1561385 2 4
1561477 1 4
1561477 4 92
1561612 2 4
1561728 1 4
1561728 4 116
1561833 2 4
1561728 4 -105
1561979 1 4
1562046 2 4
1561979 4 -67
1562230 1 4
1562247 2 4
1562230 4 -17
1562461 2 4
1562482 1 4
1562482 4 21
1562680 2 4
1562734 1 4
1562734 4 54
1562895 2 4
1562985 1 4
1562985 4 90
1563122 2 4
1563236 1 4
1563236 4 114
1563342 2 4
1563236 4 -106
1563488 1 4
1563558 2 4
1563488 4 -70
1563739 1 4
1563775 2 4
1563739 4 -36
1563990 1 4
1563996 2 4
1563990 4 -6
1564215 2 4
1564242 1 4
1564242 4 27
1564434 2 4
1564493 1 4
1564493 4 59
1564664 2 4
1564744 1 4
1564744 4 80
1564878 2 4
1564995 1 4
1564995 4 117
1565316 2 4
1565767 2 4
1566246 2 4
1566712 2 4
1567160 2 4
1567561 2 4
1567972 2 4
1568430 2 4
1568843 2 4
1569224 2 4
1569587 2 4
1569942 2 4
1642912 3 850
1642912 5 90
1643414 1 2
1643915 1 2
1644416 1 2
1644917 1 2
1645418 1 2
1645919 1 2
1646421 1 2
1646686 2 2
1646923 1 2
1646923 4 237
1647129 2 2
1646923 4 -206
1647424 1 2
1647636 2 2
1647424 4 -212
1647926 1 2
1648222 2 2
1648427 1 2
1648427 4 205
1648728 2 2
1648928 1 2
1648928 4 200
1649237 2 2
1649429 1 2
1649429 4 192
1649779 2 2
1649930 1 2
1649930 4 151
1650334 2 2
1650432 1 2
1650432 4 98
1650872 2 2
1650933 1 2
1650933 4 61
1651384 2 2
1651434 1 2
1651434 4 50
1651935 1 2
1651996 2 2
1651935 4 -61
1652436 1 2
1652452 2 2
1652436 4 -16
1652937 1 2
1652946 2 2
1652937 4 -9
1653435 2 2
1653438 1 2
1653438 4 3
1653936 2 2
1653939 1 2
1653939 4 3
1654441 1 2
1654443 2 2
1654441 4 -2
1654892 2 2
1654942 1 2
1654942 4 50
1655413 2 2
1655443 1 2
1655443 4 30
1655942 2 2
1655945 1 2
1655945 4 3
1656446 1 2
1656693 2 2
1656446 4 -247
1656948 1 2
1657109 2 2
1656948 4 -161
1657449 1 2
1657548 2 2
1657449 4 -99
1657951 1 2
1658002 2 2
1657951 4 -51
1658400 2 2
1658452 1 2
1658452 4 52
1658882 2 2
1658953 1 2
1658953 4 71
1659395 2 2
1659454 1 2
1659454 4 59
1659956 1 2
1660400 2 2
1669604 1 5
1669805 1 5
1669834 2 5
1669805 4 -29
1670007 1 5
1670050 2 5
1670007 4 -43
1670208 1 5
1670405 2 5
1670409 1 5
1670409 4 4
1670592 2 5
1670610 1 5
1670610 4 18
1670811 1 5
1671012 1 5
1671214 1 5
1671415 1 5
1671463 2 5
1671415 4 -48
1671617 1 5
1671818 1 5
1672019 1 5
1672221 1 5
1672422 1 5
1672623 1 5
1672825 1 5
1673026 1 5
1673228 1 5
1673401 2 5
1673429 1 5
1673429 4 28
1673590 2 5
1673631 1 5
1673631 4 41
1673777 2 5
1673832 1 5
1673832 4 55
1673937 2 5
1674034 1 5
1674034 4 97
1674114 2 5
1674034 4 -80
1674235 1 5
1674303 2 5
1674235 4 -68
1674437 1 5
1674634 2 5
1674638 1 5
1674638 4 4
1674814 2 5
1675152 2 5
1675516 2 5
1675902 2 5
1676338 2 5
1676813 2 5
1677297 2 5
1677816 2 5
1685772 1 0.5
1686040 2 0.5
1685772 4 -268
1686589 2 0.5
1685772 4 -817
1687773 1 0.5
1687958 2 0.5
1687773 4 -185
1689606 2 0.5
1689775 1 0.5
1689775 4 169
1691776 1 0.5
1693777 1 0.5
1695779 1 0.5
1695988 2 0.5
1695779 4 -209
1697728 2 0.5
1697780 1 0.5
1697780 4 52
1699781 1 0.5
1701783 1 0.5
1701903 2 0.5
1701783 4 -120
1703785 1 0.5
1705787 1 0.5
1705857 2 0.5
1705787 4 -70
1707788 1 0.5
1707973 2 0.5
1707788 4 -185
1709789 1 0.5
1709803 2 0.5
1709789 4 -14
1711500 2 0.5
1711790 1 0.5
1711790 4 290
1713791 1 0.5
1715793 1 0.5
1717794 1 0.5
1719796 1 0.5
1721797 1 0.5
1721966 2 0.5
1721797 4 -169
1723462 2 0.5
1723799 1 0.5
1723799 4 337
1725801 1 0.5
1727802 1 0.5
1729803 1 0.5
1731804 1 0.5
1731937 2 0.5
1731804 4 -133
1733661 2 0.5
1733805 1 0.5
1733805 4 144
1735806 1 0.5
1737605 2 0.5
1739722 2 0.5
1742132 2 0.5
1744267 2 0.5
1746396 2 0.5
1748328 2 0.5
1750382 2 0.5
1752445 2 0.5
1754709 2 0.5
1758000 2 0.5
1760775 2 0.5
1763866 2 0.5
1773535 1 1.5
1774202 1 1.5
1774354 2 1.5
1774202 4 -152
1774833 2 1.5
1774869 1 1.5
1774869 4 36
1775487 2 1.5
1775536 1 1.5
1775536 4 49
1776131 2 1.5
1776203 1 1.5
1776203 4 72
1776871 1 1.5
1777407 2 1.5
1777538 1 1.5
1777538 4 131
1778022 2 1.5
1778206 1 1.5
1778206 4 184
1778626 2 1.5
1778873 1 1.5
1778873 4 247
1779290 2 1.5
1779540 1 1.5
1779540 4 250
1779947 2 1.5
1780207 1 1.5
1780207 4 260
1780874 1 1.5
1781308 2 1.5
1781541 1 1.5
1781541 4 233
1781991 2 1.5
1782208 1 1.5
1782208 4 217
1782670 2 1.5
1782876 1 1.5
1782876 4 206
1783390 2 1.5
1783543 1 1.5
1783543 4 153
1784080 2 1.5
1784210 1 1.5
1784210 4 130
1784787 2 1.5
1784877 1 1.5
1784877 4 90
1785470 2 1.5
1785544 1 1.5
1785544 4 74
1786118 2 1.5
1786211 1 1.5
1786211 4 93
1786760 2 1.5
1786878 1 1.5
1786878 4 118
1787432 2 1.5
1787546 1 1.5
1787546 4 114
1788034 2 1.5
1788213 1 1.5
1788213 4 179
1788665 2 1.5
1788880 1 1.5
1788880 4 215
1789311 2 1.5
1789548 1 1.5
1789548 4 237
1789952 2 1.5
1790215 1 1.5
1790215 4 263
1790607 2 1.5
1790882 1 1.5
1790882 4 275
1791242 2 1.5
1791753 2 1.5
1792240 2 1.5
1792698 2 1.5
1793147 2 1.5
1793579 2 1.5
1794070 2 1.5
1794496 2 1.5
1794884 2 1.5
1795299 2 1.5
1795694 2 1.5
1796099 2 1.5
1796480 2 1.5
1796836 2 1.5
1797213 2 1.5
1797539 2 1.5
1797899 2 1.5
1798237 2 1.5
1798561 2 1.5
1798853 2 1.5
1799141 2 1.5
1799381 2 1.5
1799645 2 1.5
1799863 2 1.5
1800069 2 1.5
1800280 2 1.5
1800490 2 1.5
1800693 2 1.5
1800884 2 1.5
1801063 2 1.5
1801246 2 1.5
1801427 2 1.5
1801596 2 1.5
1801771 2 1.5
1801935 2 1.5
1802106 2 1.5
1802272 2 1.5
1802447 2 1.5
1802616 2 1.5
1802793 2 1.5
1802963 2 1.5
1803136 2 1.5
1803324 2 1.5
1803685 2 1.5
1804184 2 1.5
1809576 1 4
1809828 1 4
1809984 2 4
1810080 1 4
1810080 4 96
1810197 2 4
1810080 4 -117
1810332 1 4
1810435 2 4
1810332 4 -103
1810584 1 4
1810631 2 4
1810584 4 -47
1810830 2 4
1810835 1 4
1810835 4 5
1811032 2 4
1811086 1 4
1811086 4 54
1811240 2 4
1811337 1 4
1811337 4 97
1811446 2 4
1811337 4 -109
1811589 1 4
1811640 2 4
1811589 4 -51
1811840 1 4
1811842 2 4
1811840 4 -2
1812033 2 4
1812092 1 4
1812092 4 59
1812226 2 4
1812343 1 4
1812343 4 117
1812418 2 4
1812343 4 -75
1812594 1 4
1812626 2 4
1812594 4 -32
1812824 2 4
1812845 1 4
1812845 4 21
1813016 2 4
1813096 1 4
1813096 4 80
1813211 2 4
1813096 4 -115
1813347 1 4
1813427 2 4
1813347 4 -80
1813598 1 4
1813638 2 4
1813598 4 -40
1813831 2 4
1813849 1 4
1813849 4 18
1814028 2 4
1814101 1 4
1814101 4 73
1814224 2 4
1814101 4 -123
1814352 1 4
1814603 1 4
1814617 2 4
1814603 4 -14
1814820 2 4
1814854 1 4
1814854 4 34
1815023 2 4
1815105 1 4
1815105 4 82
1815211 2 4
1815105 4 -106
1815356 1 4
1815396 2 4
1815356 4 -40
1815599 2 4
1815607 1 4
1815607 4 8
1815800 2 4
1815858 1 4
1815858 4 58
1816009 2 4
1816223 2 4
1816431 2 4
1817386 2 4
1818361 2 4
1819157 2 4
1820044 2 4
1826215 1 3
1826550 1 3
1826627 2 3
1826550 4 -77
1826885 1 3
1827181 2 3
1827219 1 3
1827219 4 38
1827477 2 3
1827553 1 3
1827553 4 76
1827770 2 3
1827887 1 3
1827887 4 117
1828070 2 3
1828222 1 3
1828222 4 152
1828357 2 3
1828222 4 -135
1828556 1 3
1828642 2 3
1828556 4 -86
1828891 1 3
1829182 2 3
1829226 1 3
1829226 4 44
1829498 2 3
1829560 1 3
1829560 4 62
1829822 2 3
1829894 1 3
1829894 4 72
1830137 2 3
1830228 1 3
1830228 4 91
1830454 2 3
1830562 1 3
1830562 4 108
1830776 2 3
1830896 1 3
1830896 4 120
1831096 2 3
1831230 1 3
1831230 4 134
1831423 2 3
1831565 1 3
1831565 4 142
1831752 2 3
1831899 1 3
1831899 4 147
1832234 1 3
1832470 2 3
1832568 1 3
1832568 4 98
1832815 2 3
1832902 1 3
1832902 4 87
1833162 2 3
1833237 1 3
1833237 4 75
1833487 2 3
1833571 1 3
1833571 4 84
1833832 2 3
1833905 1 3
1833905 4 73
1834151 2 3
1834239 1 3
1834239 4 88
1834473 2 3
1834573 1 3
1834573 4 100
1834813 2 3
1835157 2 3
1835480 2 3
1835808 2 3
1836143 2 3
1836471 2 3
1836810 2 3
1837145 2 3
1837446 2 3
1837821 2 3
1838163 2 3
1838440 2 3
1838725 2 3
1838978 2 3
1839224 2 3
1839494 2 3
1839737 2 3
1839952 2 3
1840179 2 3
1840411 2 3
1840627 2 3
1840837 2 3
1841240 2 3
1847256 1 1
1847748 2 1
1847256 4 -492
1848257 1 1
1849258 1 1
1850237 2 1
1850260 1 1
1850260 4 23
1850999 2 1
1851261 1 1
1851261 4 262
1852087 2 1
1852262 1 1
1852262 4 175
1853163 2 1
1853263 1 1
1853263 4 100
1854235 2 1
1854264 1 1
1854264 4 29
1855229 2 1
1855266 1 1
1855266 4 37
1856252 2 1
1856267 1 1
1856267 4 15
1857175 2 1
1857268 1 1
1857268 4 93
1858126 2 1
1858270 1 1
1858270 4 144
1859069 2 1
1859271 1 1
1859271 4 202
1860273 1 1
1861274 1 1
1862219 2 1
1862275 1 1
1862275 4 56
1863041 2 1
1863276 1 1
1863276 4 235
1864039 2 1
1864277 1 1
1864277 4 238
1865031 2 1
1865278 1 1
1865278 4 247
1866007 2 1
1866279 1 1
1866279 4 272
1867069 2 1
1867280 1 1
1867280 4 211
1868077 2 1
1868281 1 1
1868281 4 204
1869090 2 1
1869282 1 1
1869282 4 192
1870109 2 1
1870283 1 1
1870283 4 174
1871103 2 1
1871284 1 1
1871284 4 181
1872083 2 1
1872286 1 1
1872286 4 203
1873081 2 1
1873287 1 1
1873287 4 206
1874113 2 1
1875021 2 1
1875885 2 1
1876718 2 1
1877511 2 1
1878269 2 1
1878980 2 1
1879584 2 1
1880196 2 1
1880806 2 1
1881395 2 1
1882004 2 1
1882597 2 1
1883147 2 1
1883668 2 1
1884196 2 1
1884702 2 1
1963390 3 1116
1963389 5 60
1963643 1 4
1963894 1 4
1964145 1 4
1964396 1 4
1964648 1 4
1964900 1 4
1965012 2 4
1964900 4 -112
1965151 1 4
1965229 2 4
1965151 4 -78
1965402 1 4
1965439 2 4
1965402 4 -37
1965653 1 4
1965658 2 4
1965653 4 -5
1965873 2 4
1965904 1 4
1965904 4 31
1966112 2 4
1966155 1 4
1966155 4 43
1966326 2 4
1966406 1 4
1966406 4 80
1966546 2 4
1966657 1 4
1966657 4 111
1966769 2 4
1966657 4 -112
1966908 1 4
1967152 2 4
1967159 1 4
1967159 4 7
1967353 2 4
1967410 1 4
1967410 4 57
1967661 1 4
1967751 2 4
1967661 4 -90
1967912 1 4
1967962 2 4
1967912 4 -50
1968161 2 4
1968163 1 4
1968163 4 2
1968353 2 4
1968484 1 4
1968679 2 4
1968735 1 4
1968735 4 56
1968893 2 4
1968986 1 4
1968986 4 93
1969101 2 4
1968986 4 -115
1969238 1 4
1969315 2 4
1969238 4 -77
1969490 1 4
1969543 2 4
1969490 4 -53
1969738 2 4
1969741 1 4
1969741 4 3
1969947 2 4
1970163 2 4
1970380 2 4
1970586 2 4
1970787 2 4
1970974 2 4
1971165 2 4
1971356 2 4
1971538 2 4
1971710 2 4
1971878 2 4
1972046 2 4
1972206 2 4
1972383 2 4
1972543 2 4
1972709 2 4
1972878 2 4
1973041 2 4
1973205 2 4
1973369 2 4
1973535 2 4
1973707 2 4
1973880 2 4
1974057 2 4
1974217 2 4
1974387 2 4
1974560 2 4
1974732 2 4
1980264 1 2
1980614 2 2
1980766 1 2
1980766 4 152
1981031 2 2
1981268 1 2
1981268 4 237
1981644 2 2
1981769 1 2
1981769 4 125
1982186 2 2
1982270 1 2
1982270 4 84
1982701 2 2
1982772 1 2
1982772 4 71
1983205 2 2
1983273 1 2
1983273 4 68
1983690 2 2
1983775 1 2
1983775 4 85
1984192 2 2
1984276 1 2
1984276 4 84
1984688 2 2
1984777 1 2
1984777 4 89
1985136 2 2
1985278 1 2
1985278 4 142
1985660 2 2
1985779 1 2
1985779 4 119
1986178 2 2
1986280 1 2
1986280 4 102
1986688 2 2
1986781 1 2
1986781 4 93
1987183 2 2
1987282 1 2
1987282 4 99
1987709 2 2
1987783 1 2
1987783 4 74
1988215 2 2
1988284 1 2
1988284 4 69
1988686 2 2
1988786 1 2
1988786 4 100
1989202 2 2
1989287 1 2
1989287 4 85
1989712 2 2
1989788 1 2
1989788 4 76
1990188 2 2
1990289 1 2
1990289 4 101
1990684 2 2
1990790 1 2
1990790 4 106
1991225 2 2
1991291 1 2
1991291 4 66
1991674 2 2
1991792 1 2
1991792 4 118
1992170 2 2
1992294 1 2
1992294 4 124
1992685 2 2
1992796 1 2
1992796 4 111
1993177 2 2
1993297 1 2
1993297 4 120
1993777 2 2
1993798 1 2
1993798 4 21
1994230 2 2
1994299 1 2
1994299 4 69
1994763 2 2
1995241 2 2
1995711 2 2
1996172 2 2
1996627 2 2
1997030 2 2
1997439 2 2
1997802 2 2
1998138 2 2
1998487 2 2
1998834 2 2
1999150 2 2
1999482 2 2
1999827 2 2
2000149 2 2
2000465 2 2
2000775 2 2
2001071 2 2
2001394 2 2
2001682 2 2
2001955 2 2
2002248 2 2
2002501 2 2
2002755 2 2
2003021 2 2
2003272 2 2
2003503 2 2
2003743 2 2
2003981 2 2
2004189 2 2
2009521 1 5
2009722 1 5
2009769 2 5
2009722 4 -47
2009924 1 5
2009972 2 5
2009924 4 -48
2010125 1 5
2010154 2 5
2010125 4 -29
2010323 2 5
2010327 1 5
2010327 4 4
2010498 2 5
2010529 1 5
2010529 4 31
2010666 2 5
2010730 1 5
2010730 4 64
2010852 2 5
2010931 1 5
2010931 4 79
2011024 2 5
2010931 4 -93
2011132 1 5
2011192 2 5
2011132 4 -60
2011333 1 5
2011368 2 5
2011333 4 -35
2011534 1 5
2011535 2 5
2011534 4 -1
2011708 2 5
2011735 1 5
2011735 4 27
2011880 2 5
2011936 1 5
2011936 4 56
2012062 2 5
2012137 1 5
2012137 4 75
2012237 2 5
2012137 4 -100
2012338 1 5
2012420 2 5
2012338 4 -82
2012540 1 5
2012594 2 5
2012540 4 -54
2012741 1 5
2012772 2 5
2012741 4 -31
2012942 1 5
2012950 2 5
2012942 4 -8
2013127 2 5
2013144 1 5
2013144 4 17
2013303 2 5
2013345 1 5
2013345 4 42
2013480 2 5
2013546 1 5
2013546 4 66
2013654 2 5
2013747 1 5
2013747 4 93
2013829 2 5
2013747 4 -82
2013949 1 5
2013990 2 5
2013949 4 -41
2014150 1 5
2014167 2 5
2014150 4 -17
2014349 2 5
2014351 1 5
2014351 4 2
2014529 2 5
2014552 1 5
2014552 4 23
2014718 2 5
2014753 1 5
2014753 4 35
2014895 2 5
2014954 1 5
2014954 4 59
2015078 2 5
2015155 1 5
2015155 4 77
2015268 2 5
2015356 1 5
2015356 4 88
2015455 2 5
2015356 4 -99
2015557 1 5
2015633 2 5
2015557 4 -76
2015758 1 5
2015824 2 5
2015758 4 -66
2015959 1 5
2016019 2 5
2015959 4 -60
2016160 1 5
2016380 2 5
2016570 2 5
2016748 2 5
2017060 2 5
2017459 2 5
2017879 2 5
2018247 2 5
2018617 2 5
2018991 2 5
2019380 2 5
2019725 2 5
2020061 2 5
2027184 1 0.5
2029185 1 0.5
2029338 2 0.5
2029185 4 -153
2031015 2 0.5
2031186 1 0.5
2031186 4 171
2032744 2 0.5
2033187 1 0.5
2033187 4 443
2034942 2 0.5
2035188 1 0.5
2035188 4 246
2037190 1 0.5
2038618 2 0.5
2039192 1 0.5
2039192 4 574
2041193 1 0.5
2043194 1 0.5
2044541 2 0.5
2045195 1 0.5
2045195 4 654
2046963 2 0.5
2047196 1 0.5
2047196 4 233
2049197 1 0.5
2051198 1 0.5
2053200 1 0.5
2054816 2 0.5
2055202 1 0.5
2055202 4 386
2057056 2 0.5
2057203 1 0.5
2057203 4 147
2059204 1 0.5
2061206 1 0.5
2063207 1 0.5
2065209 1 0.5
2067210 1 0.5
2067210 2 0.5
2067210 4 -0
2069211 1 0.5
2071213 1 0.5
2073214 1 0.5
2075215 1 0.5
2077217 1 0.5
2079219 1 0.5
2081221 1 0.5
2083222 1 0.5
2085224 1 0.5
2087226 1 0.5
2093563 1 3
2093897 1 3
2094231 1 3
2094566 1 3
2094900 1 3
2095234 1 3
2095569 1 3
2095923 1 3
2096258 1 3
2096592 1 3
2096927 1 3
2097261 1 3
2097595 1 3
2097929 1 3
2098264 1 3
2098598 1 3
2098932 1 3
2099266 1 3
2099601 1 3
2099935 1 3
2100269 1 3
2100604 1 3
2100938 1 3
2101272 1 3
2101607 1 3
2101941 1 3
2102275 1 3
2102610 1 3
2102945 1 3
2103279 1 3
2103613 1 3
2109448 1 1.5
2110115 1 1.5
2110278 2 1.5
2110115 4 -163
2110677 2 1.5
2110782 1 1.5
2110782 4 105
2111450 1 1.5
2112117 1 1.5
2112784 1 1.5
2113451 1 1.5
2114118 1 1.5
2114786 1 1.5
2115454 1 1.5
2116121 1 1.5
2116788 1 1.5
2117455 1 1.5
2118122 1 1.5
2118790 1 1.5
2119458 1 1.5
2120125 1 1.5
2120792 1 1.5
2121459 1 1.5
2122126 1 1.5
2122793 1 1.5
2123461 1 1.5
2124128 1 1.5
2124796 1 1.5
2125463 1 1.5
2126130 1 1.5
2126656 2 1.5
2126797 1 1.5
2126797 4 141
2127342 2 1.5
2127464 1 1.5
2127464 4 122
2128041 2 1.5
2128131 1 1.5
2128131 4 90
2128700 2 1.5
2129325 2 1.5
2129947 2 1.5
2130543 2 1.5
2131067 2 1.5
2131548 2 1.5
2132006 2 1.5
2132436 2 1.5
2132859 2 1.5
2133277 2 1.5
2143281 1 1
2143700 2 1
2143281 4 -419
2144282 1 1
2145283 1 1
2146285 1 1
2146296 2 1
2146285 4 -11
2147286 1 1
2148236 2 1
2148287 1 1
2148287 4 51
2149213 2 1
2149288 1 1
2149288 4 75
2150223 2 1
2150289 1 1
2150289 4 66
2151222 2 1
2151290 1 1
2151290 4 68
2152207 2 1
2152291 1 1
2152291 4 84
2153205 2 1
2153292 1 1
2153292 4 87
2154293 1 1
2154293 2 1
2154293 4 -0
2155131 2 1
2155294 1 1
2155294 4 163
2156178 2 1
2156295 1 1
2156295 4 117
2157196 2 1
2157296 1 1
2157296 4 100
2158201 2 1
2158297 1 1
2158297 4 96
2159220 2 1
2159299 1 1
2159299 4 79
2160248 2 1
2160300 1 1
2160300 4 52
2161199 2 1
2161302 1 1
2161302 4 103
2162195 2 1
2162303 1 1
2162303 4 108
2163183 2 1
2163305 1 1
2163305 4 122
2164221 2 1
2164307 1 1
2164307 4 86
2165219 2 1
2165309 1 1
2165309 4 90
2166194 2 1
2166311 1 1
2166311 4 117
2167186 2 1
2167312 1 1
2167312 4 126
2168269 2 1
2168314 1 1
2168314 4 45
2169245 2 1
2169315 1 1
2169315 4 70
2170240 2 1
2170316 1 1
2170316 4 76
2171208 2 1
2171317 1 1
2171317 4 109
2172154 2 1
2172318 1 1
2172318 4 164
2173151 2 1
2173320 1 1
2173320 4 169
2174194 2 1
2174322 1 1
2174322 4 128
2175323 1 1
2176237 2 1
2176324 1 1
2176324 4 87
2177234 2 1
2178220 2 1
2179176 2 1
2180132 2 1
2181062 2 1
2181998 2 1
2182898 2 1
2183823 2 1
2184732 2 1
2185618 2 1
2255805 3 1337
2255804 5 0
2256473 1 1.5
2257140 1 1.5
2257807 1 1.5
2258474 1 1.5
2259141 1 1.5
2259808 1 1.5
2260475 1 1.5
2261142 1 1.5
2261809 1 1.5
2262476 1 1.5
2263143 1 1.5
2263810 1 1.5
2264478 1 1.5
2265145 1 1.5
2265813 1 1.5
2266480 1 1.5
2267147 1 1.5
2267814 1 1.5
2268481 1 1.5
2269148 1 1.5
2269816 1 1.5
2270483 1 1.5
2271151 1 1.5
2271818 1 1.5
2272485 1 1.5
2273152 1 1.5
2273820 1 1.5
2274487 1 1.5
2275154 1 1.5
2275822 1 1.5
2276490 1 1.5
2283827 1 0.5
2285828 1 0.5
2287829 1 0.5
2289830 1 0.5
2291832 1 0.5
2293834 1 0.5
2295835 1 0.5
2297540 2 0.5
2297836 1 0.5
2297836 4 296
2299386 2 0.5
2299837 1 0.5
2299837 4 451
2301431 2 0.5
2301838 1 0.5
2301838 4 407
2303512 2 0.5
2303839 1 0.5
2303839 4 327
2305535 2 0.5
2305841 1 0.5
2305841 4 306
2307531 2 0.5
2307842 1 0.5
2307842 4 311
2309308 2 0.5
2309843 1 0.5
2309843 4 535
2311322 2 0.5
2311845 1 0.5
2311845 4 523
2313288 2 0.5
2313847 1 0.5
2313847 4 559
2315539 2 0.5
2315848 1 0.5
2315848 4 309
2317456 2 0.5
2317849 1 0.5
2317849 4 393
2319665 2 0.5
2319851 1 0.5
2319851 4 186
2321491 2 0.5
2321853 1 0.5
2321853 4 362
2323481 2 0.5
2323855 1 0.5
2323855 4 374
2325539 2 0.5
2325857 1 0.5
2325857 4 318
2327648 2 0.5
2327858 1 0.5
2327858 4 210
2329559 2 0.5
2329859 1 0.5
2329859 4 300
2331596 2 0.5
2331860 1 0.5
2331860 4 264
2333615 2 0.5
2335288 2 0.5
2336707 2 0.5
2337983 2 0.5
2339088 2 0.5
2340014 2 0.5
2340747 2 0.5
2341277 2 0.5
2341716 2 0.5
2342126 2 0.5
2342501 2 0.5
2342839 2 0.5
2343151 2 0.5
2343439 2 0.5
2343721 2 0.5
2344007 2 0.5
2344285 2 0.5
2344553 2 0.5
2344806 2 0.5
2345083 2 0.5
2354587 1 2
2355088 1 2
2355232 2 2
2355088 4 -144
2355518 2 2
2355589 1 2
2355589 4 71
2356018 2 2
2356091 1 2
2356091 4 73
2356486 2 2
2356592 1 2
2356592 4 106
2356999 2 2
2357094 1 2
2357094 4 95
2357462 2 2
2357595 1 2
2357595 4 133
2358096 1 2
2358445 2 2
2358597 1 2
2358597 4 152
2358931 2 2
2359099 1 2
2359099 4 168
2359398 2 2
2359600 1 2
2359600 4 202
2359908 2 2
2360101 1 2
2360101 4 193
2360454 2 2
2360602 1 2
2360602 4 148
2360902 2 2
2361103 1 2
2361103 4 201
2361605 1 2
2362106 1 2
2362607 1 2
2363108 1 2
2363610 1 2
2364111 1 2
2364612 1 2
2365113 1 2
2365387 2 2
2365614 1 2
2365614 4 227
2366115 1 2
2366616 1 2
2366841 2 2
2366616 4 -225
2367117 1 2
2367362 2 2
2367117 4 -245
2367618 1 2
2367894 2 2
2368119 1 2
2368119 4 225
2368620 1 2
2368829 2 2
2368620 4 -209
2369121 1 2
2369296 2 2
2369121 4 -175
2369624 1 2
2369898 2 2
2370278 2 2
2370503 2 2
2370872 2 2
2371067 2 2
2371409 2 2
2371604 2 2
2372139 2 2
2372679 2 2
2373185 2 2
2373662 2 2
2374112 2 2
2374528 2 2
2374919 2 2
2375311 2 2
2375693 2 2
2376047 2 2
2385666 1 1
2385897 2 1
2385666 4 -231
2386667 1 1
2386797 2 1
2386667 4 -130
2387416 2 1
2387668 1 1
2387668 4 252
2388461 2 1
2388669 1 1
2388669 4 208
2389412 2 1
2389670 1 1
2389670 4 258
2390672 1 1
2391365 2 1
2391674 1 1
2391674 4 309
2392676 1 1
2393461 2 1
2393677 1 1
2393677 4 216
2394417 2 1
2394678 1 1
2394678 4 261
2395679 1 1
2396680 1 1
2397392 2 1
2397681 1 1
2397681 4 289
2398682 1 1
2399684 1 1
2400377 2 1
2400686 1 1
2400686 4 309
2401381 2 1
2401687 1 1
2401687 4 306
2402397 2 1
2402689 1 1
2402689 4 292
2403690 1 1
2404691 1 1
2405692 1 1
2406694 1 1
2407457 2 1
2407695 1 1
2407695 4 238
2408696 1 1
2409698 1 1
2410508 2 1
2410699 1 1
2410699 4 191
2411508 2 1
2412218 2 1
2412810 2 1
2413292 2 1
2413698 2 1
2414095 2 1
2414463 2 1
2414807 2 1
2415132 2 1
2415448 2 1
2415751 2 1
2416056 2 1
2416351 2 1
2416611 2 1
2416894 2 1
2426148 1 4
2426400 1 4
2426443 2 4
2426400 4 -43
2426652 1 4
2426695 2 4
2426652 4 -43
2426893 2 4
2426903 1 4
2426903 4 10
2427086 2 4
2427155 1 4
2427155 4 69
2427406 1 4
2427478 2 4
2427406 4 -72
2427658 1 4
2427669 2 4
2427658 4 -11
2427860 2 4
2427910 1 4
2427910 4 50
2428064 2 4
2428161 1 4
2428161 4 97
2428412 1 4
2428461 2 4
2428412 4 -49
2428651 2 4
2428663 1 4
2428663 4 12
2428851 2 4
2428914 1 4
2428914 4 63
2429042 2 4
2429165 1 4
2429165 4 123
2429242 2 4
2429165 4 -77
2429417 1 4
2429445 2 4
2429417 4 -28
2429642 2 4
2429668 1 4
2429668 4 26
2429852 2 4
2429919 1 4
2429919 4 67
2430049 2 4
2430170 1 4
2430170 4 121
2430235 2 4
2430170 4 -65
2430421 1 4
2430637 2 4
2430672 1 4
2430672 4 35
2430923 1 4
2431174 1 4
2431425 1 4
2431650 2 4
2431676 1 4
2431676 4 26
2431856 2 4
2431928 1 4
2431928 4 72
2432179 1 4
2432430 1 4
2432673 2 4
2432681 1 4
2432681 4 8
2432893 2 4
2432932 1 4
2432932 4 39
2433297 2 4
2433688 2 4
2434046 2 4
2434397 2 4
2434736 2 4
2435052 2 4
2435369 2 4
2435665 2 4
2435934 2 4
2436224 2 4
2436506 2 4
2436766 2 4
2437047 2 4
2437310 2 4
2437587 2 4
2437834 2 4
2443156 1 5
2443357 1 5
2443558 1 5
2443760 1 5
2443962 1 5
2444163 1 5
2444200 2 5
2444163 4 -37
2444365 1 5
2444369 2 5
2444365 4 -4
2444546 2 5
2444566 1 5
2444566 4 20
2444728 2 5
2444767 1 5
2444767 4 39
2444968 1 5
2445086 2 5
2445169 1 5
2445169 4 83
2445273 2 5
2445370 1 5
2445370 4 97
2445571 1 5
2445622 2 5
2445571 4 -51
2445772 1 5
2445809 2 5
2445772 4 -37
2445974 1 5
2445994 2 5
2445974 4 -20
2446176 1 5
2446179 2 5
2446176 4 -3
2446360 2 5
2446377 1 5
2446377 4 17
2446546 2 5
2446578 1 5
2446578 4 32
2446732 2 5
2446779 1 5
2446779 4 47
2446921 2 5
2446981 1 5
2446981 4 60
2447111 2 5
2447183 1 5
2447183 4 72
2447304 2 5
2447384 1 5
2447384 4 80
2447492 2 5
2447585 1 5
2447585 4 93
2447681 2 5
2447585 4 -96
2447786 1 5
2447869 2 5
2447786 4 -83
2447987 1 5
2448070 2 5
2447987 4 -83
2448188 1 5
2448262 2 5
2448188 4 -74
2448389 1 5
2448447 2 5
2448389 4 -58
2448590 1 5
2448630 2 5
2448590 4 -40
2448791 1 5
2448816 2 5
2448791 4 -25
2448993 1 5
2458153 1 3
2458331 2 3
2458487 1 3
2458487 4 156
2458705 2 3
2458821 1 3
2458821 4 116
2458941 2 3
2458821 4 -120
2459219 1 3
2459339 2 3
2459219 4 -120
2459553 1 3
2459585 2 3
2459553 4 -32
2459851 2 3
2459887 1 3
2459887 4 36
2460159 2 3
2460221 1 3
2460221 4 62
2460492 2 3
2460555 1 3
2460555 4 63
2460840 2 3
2460889 1 3
2460889 4 49
2461155 2 3
2461224 1 3
2461224 4 69
2461506 2 3
2461558 1 3
2461558 4 52
2461832 2 3
2461892 1 3
2461892 4 60
2462171 2 3
2462226 1 3
2462226 4 55
2462476 2 3
2462560 1 3
2462560 4 84
2462894 1 3
2463160 2 3
2463228 1 3
2463228 4 68
2463492 2 3
2463562 1 3
2463562 4 70
2463802 2 3
2463896 1 3
2463896 4 94
2464119 2 3
2464230 1 3
2464230 4 111
2464475 2 3
2464564 1 3
2464564 4 89
2464834 2 3
2464898 1 3
2464898 4 64
2465154 2 3
2465232 1 3
2465232 4 78
2465493 2 3
2465566 1 3
2465566 4 73
2465812 2 3
2465900 1 3
2465900 4 88
2466140 2 3
2466234 1 3
2466234 4 94
2466483 2 3
2466568 1 3
2466568 4 85
2466903 1 3
2467238 1 3
2467453 2 3
2467573 1 3
2467573 4 120
2467804 2 3
2467907 1 3
2467907 4 103
2468171 2 3
2468241 1 3
2468241 4 70
2468575 1 3
2468910 1 3
2469175 2 3
2469244 1 3
2469244 4 69
2534755 3 1532
2534755 5 150
2535257 1 2
2535758 1 2
2536260 1 2
2536761 1 2
2537263 1 2
2537764 1 2
2538212 2 2
2538266 1 2
2538266 4 54
2538684 2 2
2538768 1 2
2538768 4 84
2539194 2 2
2539269 1 2
2539269 4 75
2539675 2 2
2539771 1 2
2539771 4 96
2540193 2 2
2540272 1 2
2540272 4 79
2540712 2 2
2540773 1 2
2540773 4 61
2541146 2 2
2541275 1 2
2541275 4 129
2541625 2 2
2541777 1 2
2541777 4 152
2542116 2 2
2542278 1 2
2542278 4 162
2542609 2 2
2542780 1 2
2542780 4 171
2543073 2 2
2543281 1 2
2543281 4 208
2543562 2 2
2543782 1 2
2543782 4 220
2544088 2 2
2544284 1 2
2544284 4 196
2544583 2 2
2544785 1 2
2544785 4 202
2545069 2 2
2545286 1 2
2545286 4 217
2545623 2 2
2545787 1 2
2545787 4 164
2546165 2 2
2546288 1 2
2546288 4 123
2546669 2 2
2546789 1 2
2546789 4 120
2547141 2 2
2547290 1 2
2547290 4 149
2547660 2 2
2547791 1 2
2547791 4 131
2548137 2 2
2548292 1 2
2548292 4 155
2548621 2 2
2548794 1 2
2548794 4 173
2549144 2 2
2549295 1 2
2549295 4 151
2549628 2 2
2549796 1 2
2549796 4 168
2550134 2 2
2550590 2 2
2551062 2 2
2551531 2 2
2551965 2 2
2552401 2 2
2552824 2 2
2553251 2 2
2553679 2 2
2554133 2 2
2554536 2 2
2554968 2 2
2555371 2 2
2555754 2 2
2556174 2 2
2556561 2 2
2556933 2 2
2557301 2 2
2557653 2 2
2557963 2 2
2558271 2 2
2558509 2 2
2558773 2 2
2558991 2 2
2559204 2 2
2559427 2 2
2559634 2 2
2565819 1 1
2566138 2 1
2565819 4 -319
2566645 2 1
2566820 1 1
2566820 4 175
2567631 2 1
2567821 1 1
2567821 4 190
2568649 2 1
2568822 1 1
2568822 4 173
2569663 2 1
2569824 1 1
2569824 4 161
2570724 2 1
2570825 1 1
2570825 4 101
2571704 2 1
2571827 1 1
2571827 4 123
2572736 2 1
2572828 1 1
2572828 4 92
2573829 1 1
2573832 2 1
2573829 4 -3
2574755 2 1
2574830 1 1
2574830 4 75
2575695 2 1
2575832 1 1
2575832 4 137
2576728 2 1
2576834 1 1
2576834 4 106
2577733 2 1
2577835 1 1
2577835 4 102
2578708 2 1
2578836 1 1
2578836 4 128
2579735 2 1
2579837 1 1
2579837 4 102
2580765 2 1
2580838 1 1
2580838 4 73
2581750 2 1
2581839 1 1
2581839 4 89
2582674 2 1
2582840 1 1
2582840 4 166
2583638 2 1
2583842 1 1
2583842 4 204
2584636 2 1
2584843 1 1
2584843 4 207
2585659 2 1
2585845 1 1
2585845 4 186
2586846 1 1
2587703 2 1
2587847 1 1
2587847 4 144
2588686 2 1
2588849 1 1
2588849 4 163
2589619 2 1
2589850 1 1
2589850 4 231
2590723 2 1
2590852 1 1
2590852 4 129
2591578 2 1
2591853 1 1
2591853 4 275
2592636 2 1
2592854 1 1
2592854 4 218
2593658 2 1
2593855 1 1
2593855 4 197
2594643 2 1
2594856 1 1
2594856 4 213
2595628 2 1
2595858 1 1
2595858 4 230
2596597 2 1
2597500 2 1
2598409 2 1
2599270 2 1
2600131 2 1
2601014 2 1
2601882 2 1
2602788 2 1
2603662 2 1
2604554 2 1
2605473 2 1
2606312 2 1
2607158 2 1
2608029 2 1
2608917 2 1
2609880 2 1
2610716 2 1
2611525 2 1
2612333 2 1
2613143 2 1
2613934 2 1
2614722 2 1
2615487 2 1
2621548 1 1.5
2621996 2 1.5
2622215 1 1.5
2622215 4 219
2622677 2 1.5
2622883 1 1.5
2622883 4 206
2623316 2 1.5
2623551 1 1.5
2623551 4 235
2624054 2 1.5
2624218 1 1.5
2624218 4 164
2624702 2 1.5
2624885 1 1.5
2624885 4 183
2625426 2 1.5
2625552 1 1.5
2625552 4 126
2626219 1 1.5
2626681 2 1.5
2626887 1 1.5
2626887 4 206
2627281 2 1.5
2627554 1 1.5
2627554 4 273
2627899 2 1.5
2628221 1 1.5
2628221 4 322
2628544 2 1.5
2628221 4 -323
2628888 1 1.5
2629158 2 1.5
2628888 4 -270
2629555 1 1.5
2629858 2 1.5
2629555 4 -303
2630222 1 1.5
2630515 2 1.5
2630222 4 -293
2630889 1 1.5
2631207 2 1.5
2630889 4 -318
2631556 1 1.5
2631904 2 1.5
2632223 1 1.5
2632223 4 319
2632530 2 1.5
2632223 4 -307
2632890 1 1.5
2633557 1 1.5
2633834 2 1.5
2633557 4 -277
2634224 1 1.5
2634892 1 1.5
2635231 2 1.5
2635560 1 1.5
2635560 4 329
2636026 2 1.5
2636227 1 1.5
2636227 4 201
2636735 2 1.5
2636895 1 1.5
2636895 4 160
2637516 2 1.5
2637562 1 1.5
2637562 4 46
2638180 2 1.5
2638230 1 1.5
2638230 4 50
2638818 2 1.5
2638897 1 1.5
2638897 4 79
2639395 2 1.5
2639564 1 1.5
2639564 4 169
2640001 2 1.5
2640231 1 1.5
2640231 4 230
2640589 2 1.5
2640898 1 1.5
2640898 4 309
2641566 1 1.5
2641985 2 1.5
2642234 1 1.5
2642234 4 249
2642637 2 1.5
2642901 1 1.5
2642901 4 264
2643281 2 1.5
2643796 2 1.5
2644341 2 1.5
2644882 2 1.5
2645447 2 1.5
2645999 2 1.5
2646503 2 1.5
2646996 2 1.5
2647492 2 1.5
2647948 2 1.5
2648380 2 1.5
2648793 2 1.5
2649200 2 1.5
2649646 2 1.5
2650066 2 1.5
2650476 2 1.5
2651635 2 1.5
2652682 2 1.5
2654076 2 1.5
2661443 1 5
2661644 1 5
2661699 2 5
2661644 4 -55
2661846 1 5
2662047 1 5
2662115 2 5
2662047 4 -68
2662248 1 5
2662299 2 5
2662248 4 -51
2662449 1 5
2662650 1 5
2662851 1 5
2662852 2 5
2662851 4 -1
2663029 2 5
2663052 1 5
2663052 4 23
2663211 2 5
2663254 1 5
2663254 4 43
2663405 2 5
2663455 1 5
2663455 4 50
2663582 2 5
2663656 1 5
2663656 4 74
2663775 2 5
2663858 1 5
2663858 4 83
2663940 2 5
2663858 4 -82
2664059 1 5
2664125 2 5
2664059 4 -66
2664261 1 5
2664292 2 5
2664261 4 -31
2664462 1 5
2664469 2 5
2664462 4 -7
2664663 1 5
2664818 2 5
2664865 1 5
2664865 4 47
2664990 2 5
2665066 1 5
2665066 4 76
2665164 2 5
2665066 4 -98
2665267 1 5
2665351 2 5
2665267 4 -84
2665468 1 5
2665546 2 5
2665468 4 -78
2665669 1 5
2665734 2 5
2665669 4 -65
2665870 1 5
2665932 2 5
2665870 4 -62
2666071 1 5
2666127 2 5
2666071 4 -56
2666272 1 5
2666319 2 5
2666272 4 -47
2666473 1 5
2666521 2 5
2666473 4 -48
2666674 1 5
2666717 2 5
2666674 4 -43
2666876 1 5
2666906 2 5
2666876 4 -30
2667077 1 5
2667099 2 5
2667077 4 -22
2667278 1 5
2667298 2 5
2667278 4 -20
2667480 1 5
2667492 2 5
2667480 4 -12
2667681 1 5
2667681 2 5
2667681 4 -0
2667873 2 5
2667882 1 5
2667882 4 9
2668070 2 5
2668510 2 5
2669100 2 5
2669791 2 5
2670526 2 5
2671202 2 5
2671819 2 5
2677238 1 3
2677572 1 3
2677780 2 3
2677907 1 3
2677907 4 127
2677992 2 3
2677907 4 -85
2678241 1 3
2678263 2 3
2678241 4 -22
2678483 2 3
2678575 1 3
2678575 4 92
2678718 2 3
2678575 4 -143
2678909 1 3
2678933 2 3
2678909 4 -24
2679151 2 3
2679243 1 3
2679243 4 92
2679370 2 3
2679243 4 -127
2679577 1 3
2679581 2 3
2679577 4 -4
2679823 2 3
2679911 1 3
2679911 4 88
2680245 1 3
2680513 2 3
2680579 1 3
2680579 4 66
2680739 2 3
2680579 4 -160
2680913 1 3
2681196 2 3
2681247 1 3
2681247 4 51
2681436 2 3
2681582 1 3
2681582 4 146
2681662 2 3
2681582 4 -80
2681899 2 3
2681916 1 3
2681916 4 17
2682148 2 3
2682250 1 3
2682250 4 102
2682396 2 3
2682250 4 -146
2682584 1 3
2682649 2 3
2682584 4 -65
2682898 2 3
2682918 1 3
2682918 4 20
2683134 2 3
2683252 1 3
2683252 4 118
2683372 2 3
2683252 4 -120
2683586 1 3
2683610 2 3
2683586 4 -24
2683842 2 3
2683920 1 3
2683920 4 78
2684062 2 3
2683920 4 -142
2684255 1 3
2684299 2 3
2684255 4 -44
2684523 2 3
2684589 1 3
2684589 4 66
2684754 2 3
2684589 4 -165
2684923 1 3
2684991 2 3
2684923 4 -68
2685201 2 3
2685257 1 3
2685257 4 56
2685635 2 3
2686069 2 3
2686551 2 3
2687048 2 3
2687566 2 3
2688083 2 3
2688611 2 3
2689145 2 3
2689646 2 3
2690088 2 3
2690472 2 3
2690862 2 3
2691165 2 3
2691442 2 3
2691681 2 3
2691896 2 3
2697189 1 4
2697440 1 4
2697691 1 4
2697937 2 4
2697942 1 4
2697942 4 5
2698146 2 4
2698194 1 4
2698194 4 48
2698350 2 4
2698445 1 4
2698445 4 95
2698549 2 4
2698445 4 -104
2698696 1 4
2698758 2 4
2698696 4 -62
2698948 1 4
2698961 2 4
2698948 4 -13
2699159 2 4
2699199 1 4
2699199 4 40
2699362 2 4
2699450 1 4
2699450 4 88
2699701 1 4
2699758 2 4
2699701 4 -57
2699952 1 4
2699958 2 4
2699952 4 -6
2700163 2 4
2700203 1 4
2700203 4 40
2700367 2 4
2700455 1 4
2700455 4 88
2700563 2 4
2700455 4 -108
2700706 1 4
2700769 2 4
2700706 4 -63
2700957 1 4
2701170 2 4
2701208 1 4
2701208 4 38
2701375 2 4
2701459 1 4
2701459 4 84
2701710 1 4
2701962 1 4
2701986 2 4
2701962 4 -24
2702190 2 4
2702213 1 4
2702213 4 23
2702377 2 4
2702465 1 4
2702465 4 88
2702590 2 4
2702465 4 -125
2702716 1 4
2702792 2 4
2702716 4 -76
2702968 1 4
2702989 2 4
2702968 4 -21
2703195 2 4
2703219 1 4
2703219 4 24
2703470 1 4
2703721 1 4
2703803 2 4
2703721 4 -82
2703972 1 4
2704012 2 4
2703972 4 -40
2704215 2 4
2704223 1 4
2704223 4 8
2704414 2 4
2704474 1 4
2704474 4 60
2704613 2 4
2704725 1 4
2704725 4 112
2715728 1 0.5
2715988 2 0.5
2715728 4 -260
2716579 2 0.5
2715728 4 -851
2717730 1 0.5
2717875 2 0.5
2717730 4 -145
2719731 1 0.5
2721732 1 0.5
2723733 1 0.5
2725734 1 0.5
2727735 1 0.5
2729737 1 0.5
2731738 1 0.5
2733739 1 0.5
2735740 1 0.5
2737741 1 0.5
2739742 1 0.5
2741743 1 0.5
2743745 1 0.5
2745746 1 0.5
2747747 1 0.5
2749748 1 0.5
2751749 1 0.5
2753750 1 0.5
2755751 1 0.5
2757752 1 0.5
2759754 1 0.5
2761756 1 0.5
2763299 2 0.5
2763757 1 0.5
2763757 4 458
2765758 1 0.5
2767729 2 0.5
2767759 1 0.5
2767759 4 30
2769561 2 0.5
2769760 1 0.5
2769760 4 199
2771569 2 0.5
2771761 1 0.5
2771761 4 192
2773763 1 0.5
2775764 1 0.5
2827549 3 1802
2827548 5 30
