0 5
0 5
334 1
668 1
701 2
1003 1
1003 2
1291 2
1338 1
1651 2
1672 1
1981 2
2006 1
2307 2
2341 1
2639 2
2675 1
3000 2
3009 1
3343 1
3641 2
3678 1
4013 1
4013 2
4317 2
4347 1
4646 2
4682 1
4969 2
5016 1
5306 2
5350 1
5640 2
5684 1
5964 2
6018 1
6293 2
6352 1
6646 2
6686 1
6973 2
7021 1
7302 2
7355 1
7658 2
7689 1
7951 2
8023 1
8304 2
8622 2
8934 2
9255 2
9591 2
9928 2
10258 2
10585 2
10916 2
11242 2
11581 2
11909 2
12237 2
12553 2
12902 2
13220 2
13542 2
13887 2
14201 2
14529 2
8023 4
20706 1
20953 2
21707 1
21856 2
22624 2
22708 1
23656 2
23710 1
24631 2
24711 1
25621 2
25712 1
26622 2
26713 1
27606 2
27714 1
28608 2
28716 1
29689 2
29717 1
30651 2
30718 1
31629 2
31720 1
32586 2
32722 1
33618 2
33723 1
34555 2
34724 1
35617 2
35725 1
36535 2
36727 1
37531 2
37728 1
38626 2
38729 1
39580 2
39731 1
40605 2
40732 1
41636 2
41733 1
42610 2
42734 1
43716 2
43736 1
44658 2
44738 1
45612 2
45739 1
46680 2
46740 1
47647 2
47742 1
48648 2
48743 1
49610 2
49745 1
50616 2
51594 2
52601 2
53558 2
54574 2
55477 2
56441 2
57315 2
58214 2
59096 2
60030 2
60944 2
61855 2
62744 2
63662 2
64672 2
65652 2
66609 2
67528 2
68504 2
69393 2
49745 4
74967 1
75168 1
75370 1
75371 2
75571 1
75577 2
75772 1
75774 2
75965 2
75973 1
76162 2
76174 1
76355 2
76375 1
76563 2
76576 1
76767 2
76778 1
76952 2
76979 1
77161 2
77180 1
77379 2
77382 1
77583 1
77588 2
77784 1
77790 2
77985 1
77992 2
78186 1
78196 2
78387 1
78393 2
78588 1
78590 2
78779 2
78789 1
78981 2
78990 1
79188 2
79191 1
79392 1
79401 2
79593 1
79606 2
79795 1
79805 2
79996 1
80003 2
80196 2
80197 1
80396 2
80588 2
80781 2
80988 2
81190 2
81386 2
81581 2
81775 2
81986 2
82187 2
82383 2
82585 2
82791 2
82993 2
83187 2
83383 2
83584 2
83776 2
83975 2
84173 2
80197 4
89887 1
90554 1
90754 2
91164 2
91221 1
91839 2
91888 1
92451 2
92556 1
93129 2
93224 1
93778 2
93891 1
94498 2
94558 1
95143 2
95225 1
95797 2
95892 1
96444 2
96560 1
97117 2
97227 1
97828 2
97894 1
98489 2
98561 1
99125 2
99229 1
99796 2
99896 1
100464 2
100563 1
101155 2
101231 1
101806 2
101898 1
102464 2
102565 1
103119 2
103233 1
103789 2
103900 1
104474 2
104567 1
105154 2
105234 1
105849 2
105901 1
106507 2
107203 2
107875 2
108551 2
109242 2
109910 2
110589 2
111277 2
111930 2
112587 2
113269 2
113891 2
114593 2
115256 2
115946 2
116556 2
117212 2
117874 2
118520 2
119136 2
105901 4
126244 1
128245 1
128412 2
130198 2
130246 1
132209 2
132247 1
134249 1
134304 2
136004 2
136250 1
138024 2
138251 1
140216 2
140252 1
142253 1
142319 2
144005 2
144255 1
146093 2
146257 1
148196 2
148259 1
150116 2
150260 1
152070 2
152261 1
154198 2
154263 1
156187 2
156264 1
158204 2
158265 1
160171 2
160267 1
162268 1
162292 2
164044 2
164269 1
166115 2
166270 1
168135 2
168271 1
170272 1
170310 2
171956 2
172274 1
173986 2
174275 1
176150 2
176276 1
178228 2
178277 1
180135 2
180278 1
182201 2
184018 2
186130 2
188166 2
190164 2
192258 2
194319 2
196331 2
198223 2
200285 2
202306 2
204309 2
206236 2
208343 2
210592 2
212549 2
214578 2
216799 2
218904 2
180278 4
225551 1
225803 1
226041 2
226055 1
226307 1
226308 2
226534 2
226559 1
226805 2
226810 1
227061 1
227063 2
227310 2
227312 1
227561 2
227563 1
227804 2
227814 1
228061 2
228065 1
228308 2
228317 1
228558 2
228568 1
228814 2
228820 1
229042 2
229071 1
229311 2
229323 1
229562 2
229574 1
229779 2
229826 1
230050 2
230077 1
230288 2
230329 1
230554 2
230580 1
230828 2
230832 1
231070 2
231083 1
231316 2
231334 1
231544 2
231585 1
231813 2
231836 1
232059 2
232088 1
232316 2
232339 1
232558 2
232590 1
232825 2
232842 1
233067 2
233093 1
233312 2
233555 2
233798 2
234037 2
234307 2
234555 2
234780 2
235053 2
235291 2
235532 2
235792 2
236045 2
236282 2
236532 2
236791 2
237026 2
237269 2
237519 2
237762 2
238008 2
233093 4
243617 1
244119 1
244314 2
244589 2
244620 1
245062 2
245121 1
245532 2
245623 1
246047 2
246124 1
246530 2
246625 1
247019 2
247127 1
247511 2
247629 1
248008 2
248131 1
248494 2
248633 1
249018 2
249134 1
249521 2
249635 1
250038 2
250136 1
250549 2
250637 1
251051 2
251138 1
251577 2
251639 1
252061 2
252141 1
252532 2
252642 1
253062 2
253143 1
253581 2
253644 1
254090 2
254145 1
254572 2
254646 1
255045 2
255148 1
255569 2
255649 1
256080 2
256151 1
256561 2
256652 1
257066 2
257153 1
257546 2
257654 1
258060 2
258155 1
258553 2
258656 1
259083 2
259158 1
259586 2
259660 1
260095 2
260162 1
260590 2
261097 2
261601 2
262104 2
262631 2
263098 2
263573 2
264091 2
264562 2
265069 2
265575 2
266072 2
266576 2
267059 2
267559 2
268058 2
268567 2
269046 2
269530 2
270040 2
260162 4
260162 5
275685 1
276186 1
276681 2
276688 1
277148 2
277189 1
277627 2
277690 1
278117 2
278192 1
278660 2
278694 1
279174 2
279195 1
279670 2
279696 1
280148 2
280197 1
280642 2
280698 1
281131 2
281199 1
281633 2
281700 1
282122 2
282201 1
282624 2
282702 1
283138 2
283203 1
283648 2
283705 1
284127 2
284207 1
284661 2
284709 1
285137 2
285210 1
285661 2
285711 1
286084 2
286212 1
286635 2
286714 1
287152 2
287215 1
287652 2
287716 1
288157 2
288217 1
288691 2
288718 1
289186 2
289219 1
289700 2
289720 1
290207 2
290221 1
290706 2
291193 2
291634 2
292125 2
292658 2
293133 2
293639 2
294132 2
294617 2
295127 2
295589 2
296088 2
296555 2
297058 2
297525 2
298040 2
298538 2
299033 2
299514 2
300014 2
290221 4
307244 1
307610 2
309245 1
309418 2
311247 1
311348 2
313248 1
313398 2
315133 2
315249 1
317075 2
317251 1
319207 2
319252 1
321041 2
321253 1
323254 1
323261 2
325255 1
325338 2
327256 1
327308 2
329250 2
329258 1
331259 1
331374 2
333098 2
333260 1
335204 2
335261 1
337153 2
337263 1
339264 1
339287 2
341200 2
341265 1
343266 1
343284 2
345267 1
345349 2
347203 2
347269 1
349270 1
349350 2
351188 2
351271 1
353088 2
353272 1
355058 2
355273 1
357213 2
359307 2
361287 2
363222 2
365302 2
367487 2
369563 2
371688 2
373720 2
375809 2
377824 2
379781 2
381839 2
383940 2
385927 2
388009 2
389944 2
391939 2
394077 2
355273 4
401298 1
401646 2
402300 1
402384 2
403238 2
403301 1
404219 2
404302 1
405235 2
405303 1
406248 2
406304 1
407180 2
407305 1
408224 2
408306 1
409165 2
409307 1
410241 2
410308 1
411242 2
411310 1
412280 2
412312 1
413133 2
413313 1
414218 2
414314 1
415266 2
415315 1
416302 2
416316 1
417318 1
417337 2
418250 2
418319 1
419237 2
419320 1
420251 2
420321 1
421251 2
421323 1
422223 2
422325 1
423260 2
423327 1
424191 2
424329 1
425236 2
425331 1
426332 1
426339 2
427272 2
427333 1
428295 2
428335 1
429266 2
429337 1
430280 2
430338 1
431368 2
432405 2
433316 2
434366 2
435365 2
436357 2
437421 2
438439 2
439450 2
440425 2
441479 2
442485 2
443592 2
444600 2
445620 2
446595 2
447559 2
448529 2
449579 2
430338 4
456027 1
456327 2
456695 1
456866 2
457363 1
457380 2
458014 2
458030 1
458693 2
458697 1
459339 2
459364 1
459965 2
460031 1
460662 2
460698 1
461350 2
461365 1
461971 2
462032 1
462617 2
462699 1
463275 2
463367 1
463957 2
464034 1
464607 2
464702 1
465296 2
465369 1
465964 2
466037 1
466628 2
466705 1
467288 2
467372 1
467957 2
468039 1
468598 2
468706 1
469270 2
469374 1
469929 2
470041 1
470566 2
470709 1
471320 2
471376 1
471997 2
472043 1
472654 2
472710 1
473283 2
473377 1
473981 2
474044 1
474645 2
474711 1
475318 2
475379 1
475987 2
476047 1
476635 2
477371 2
478037 2
478697 2
479336 2
479994 2
480657 2
481263 2
481935 2
482598 2
483224 2
483944 2
484632 2
485289 2
485928 2
486569 2
487235 2
487893 2
488524 2
489211 2
476047 4
494590 1
494792 1
494993 1
495081 2
495194 1
495258 2
495395 1
495441 2
495597 1
495624 2
495794 2
495798 1
495990 2
495999 1
496198 2
496200 1
496395 2
496401 1
496584 2
496602 1
496785 2
496804 1
497005 1
497005 2
497206 1
497209 2
497397 2
497407 1
497597 2
497609 1
497791 2
497810 1
497988 2
498012 1
498196 2
498213 1
498407 2
498414 1
498611 2
498615 1
498806 2
498817 1
498999 2
499018 1
499189 2
499220 1
499391 2
499421 1
499610 2
499622 1
499813 2
499824 1
500012 2
500025 1
500210 2
500226 1
500415 2
500427 1
500614 2
500629 1
500814 2
500830 1
501011 2
501031 1
501209 2
501409 2
501610 2
501811 2
502015 2
502211 2
502411 2
502612 2
502827 2
503026 2
503228 2
503441 2
503646 2
503851 2
504052 2
504256 2
504455 2
504647 2
504840 2
501031 4
510304 1
510555 1
510716 2
510806 1
510887 2
511057 1
511097 2
511309 1
511321 2
511561 1
511566 2
511812 1
511819 2
512059 2
512064 1
512292 2
512315 1
512536 2
512566 1
512791 2
512817 1
513051 2
513068 1
513273 2
513319 1
513512 2
513570 1
513773 2
513822 1
514064 2
514073 1
514313 2
514324 1
514566 2
514575 1
514789 2
514826 1
515066 2
515078 1
515321 2
515329 1
515567 2
515580 1
515804 2
515831 1
516074 2
516083 1
516306 2
516334 1
516559 2
516586 1
516821 2
517063 2
517288 2
517546 2
517801 2
518072 2
518312 2
518537 2
518788 2
519052 2
519271 2
519497 2
519763 2
520027 2
520263 2
520515 2
520747 2
520974 2
521232 2
521488 2
516586 4
526944 1
527247 2
527278 1
527595 2
527612 1
527944 2
527946 1
528268 2
528281 1
528599 2
528616 1
528917 2
528950 1
529242 2
529284 1
529602 2
529619 1
529928 2
529954 1
530270 2
530288 1
530565 2
530622 1
530918 2
530956 1
531242 2
531290 1
531592 2
531625 1
531932 2
531960 1
532252 2
532294 1
532591 2
532628 1
532933 2
532962 1
533264 2
533296 1
533588 2
533630 1
533937 2
533965 1
534277 2
534300 1
534597 2
534635 1
534940 2
534970 1
535284 2
535305 1
535607 2
535640 1
535929 2
535975 1
536230 2
536309 1
536608 2
536643 1
536955 2
537301 2
537651 2
537970 2
538295 2
538638 2
538981 2
539312 2
539653 2
539985 2
540301 2
540634 2
540986 2
541335 2
541643 2
541982 2
542329 2
542649 2
542973 2
543312 2
536643 4
536643 5
548993 1
549288 2
549660 1
549911 2
550315 2
550328 1
550967 2
550995 1
551570 2
551662 1
552211 2
552329 1
552883 2
552996 1
553572 2
553663 1
554240 2
554330 1
554889 2
554997 1
555582 2
555664 1
556243 2
556331 1
556915 2
556998 1
557579 2
557666 1
558253 2
558333 1
558909 2
559000 1
559555 2
559667 1
560275 2
560334 1
560884 2
561001 1
561519 2
561669 1
562226 2
562337 1
562922 2
563004 1
563576 2
563671 1
564270 2
564338 1
564921 2
565005 1
565606 2
565672 1
566239 2
566340 1
566941 2
567007 1
567601 2
567674 1
568241 2
568342 1
568967 2
569009 1
569645 2
570304 2
570961 2
571625 2
572266 2
572946 2
573606 2
574263 2
574928 2
575625 2
576293 2
576926 2
577570 2
578209 2
578878 2
579540 2
580197 2
580910 2
581517 2
582152 2
569009 4
587853 1
588156 2
588355 1
588813 2
588856 1
589308 2
589357 1
589789 2
589858 1
590283 2
590359 1
590778 2
590860 1
591327 2
591361 1
591861 2
591862 1
592363 1
592372 2
592849 2
592864 1
593342 2
593365 1
593832 2
593866 1
594350 2
594367 1
594839 2
594869 1
595329 2
595370 1
595831 2
595871 1
596301 2
596372 1
596826 2
596873 1
597323 2
597374 1
597801 2
597875 1
598308 2
598376 1
598812 2
598878 1
599287 2
599380 1
599809 2
599881 1
600300 2
600382 1
600765 2
600883 1
601285 2
601384 1
601802 2
601885 1
602318 2
602386 1
602824 2
603323 2
603820 2
604321 2
604805 2
605325 2
605829 2
606339 2
606828 2
607358 2
607830 2
608359 2
608848 2
609337 2
609824 2
610366 2
610804 2
611352 2
611833 2
612350 2
602386 4
618409 1
618697 2
619006 2
619411 1
619639 2
620412 1
620414 2
621200 2
621413 1
622267 2
622415 1
623244 2
623416 1
624287 2
624418 1
625278 2
625419 1
626287 2
626420 1
627308 2
627421 1
628313 2
628422 1
629290 2
629424 1
630306 2
630425 1
631324 2
631426 1
632314 2
632427 1
633384 2
633428 1
634328 2
634429 1
635368 2
635430 1
636338 2
636431 1
637328 2
637432 1
638308 2
638433 1
639255 2
639434 1
640266 2
640436 1
641300 2
641437 1
642325 2
642438 1
643346 2
643440 1
644338 2
644441 1
645285 2
646372 2
647332 2
648380 2
649350 2
650396 2
651448 2
652492 2
653532 2
654534 2
655509 2
656567 2
657621 2
658664 2
659732 2
660752 2
661811 2
662846 2
663870 2
644441 4
669664 1
669865 1
669969 2
670067 1
670173 2
670268 1
670373 2
670469 1
670588 2
670670 1
670833 2
670871 1
671037 2
671072 1
671259 2
671273 1
671461 2
671474 1
671653 2
671675 1
671854 2
671877 1
672055 2
672078 1
672266 2
672280 1
672476 2
672481 1
672677 2
672683 1
672877 2
672884 1
673077 2
673085 1
673285 2
673287 1
673490 1
673494 2
673692 1
673697 2
673893 1
673900 2
674094 1
674098 2
674295 1
674304 2
674497 1
674503 2
674698 1
674926 2
675121 2
675315 2
675525 2
675733 2
675946 2
676148 2
676360 2
676571 2
676781 2
677001 2
677218 2
677429 2
677649 2
677859 2
678083 2
678286 2
678514 2
674698 4
684054 1
684366 2
684389 1
684699 2
684724 1
685025 2
685058 1
685357 2
685393 1
685695 2
685727 1
686018 2
686061 1
686353 2
686395 1
686700 2
686729 1
687032 2
687063 1
687371 2
687397 1
687698 2
687732 1
688035 2
688066 1
688379 2
688400 1
688701 2
688734 1
689029 2
689068 1
689364 2
689403 1
689691 2
689737 1
690014 2
690072 1
690356 2
690406 1
690680 2
690741 1
691056 2
691075 1
691409 1
691410 2
691738 2
691744 1
692078 1
692091 2
692412 1
692433 2
692746 1
692747 2
693077 2
693080 1
693414 1
693418 2
693747 2
693748 1
694082 1
694433 2
694766 2
695103 2
695450 2
695792 2
696138 2
696489 2
696836 2
697193 2
697534 2
697864 2
698218 2
698568 2
698921 2
699281 2
699627 2
699971 2
700319 2
700671 2
694082 4
707765 1
708094 2
709017 2
709767 1
710054 2
711768 1
711942 2
713770 1
713842 2
715722 2
715772 1
717434 2
717773 1
719358 2
719774 1
721493 2
721776 1
723777 1
723926 2
725778 1
725929 2
727776 2
727780 1
729557 2
729781 1
731460 2
731783 1
733784 1
733932 2
735576 2
735785 1
737549 2
737786 1
739698 2
739788 1
741635 2
741790 1
743702 2
743791 1
745542 2
745792 1
747590 2
747793 1
749674 2
749795 1
751735 2
751796 1
753585 2
753797 1
755650 2
755798 1
757492 2
757799 1
759718 2
759800 1
761464 2
761801 1
763370 2
763804 1
765498 2
767325 2
768989 2
770747 2
772550 2
774334 2
776029 2
777817 2
779533 2
781309 2
782922 2
784768 2
786431 2
788344 2
790220 2
792166 2
793931 2
795746 2
797576 2
799560 2
801324 2
803138 2
763804 4
809077 1
809328 1
809407 2
809579 1
809640 2
809830 1
809845 2
810080 2
810081 1
810322 2
810332 1
810568 2
810583 1
810808 2
810834 1
811043 2
811085 1
811308 2
811336 1
811582 2
811587 1
811814 2
811839 1
812041 2
812090 1
812317 2
812341 1
812579 2
812592 1
812815 2
812843 1
813057 2
813094 1
813318 2
813345 1
813574 2
813597 1
813806 2
813848 1
814086 2
814099 1
814349 2
814351 1
814587 2
814603 1
814827 2
814854 1
815068 2
815105 1
815346 2
815356 1
815583 2
815607 1
815858 1
815864 2
816108 2
816109 1
816352 2
816360 1
816611 1
816617 2
816862 1
817095 2
817348 2
817619 2
817884 2
818135 2
818385 2
818653 2
818906 2
819182 2
819465 2
819713 2
819998 2
820252 2
820514 2
820766 2
821035 2
821281 2
821559 2
821841 2
816862 4
816862 5
827386 1
827887 1
827983 2
828388 1
828417 2
828889 1
828920 2
829390 1
829425 2
829891 1
829904 2
830390 2
830392 1
830855 2
830893 1
831380 2
831394 1
831894 2
831895 1
832376 2
832397 1
832859 2
832899 1
833377 2
833401 1
833887 2
833902 1
834371 2
834404 1
834864 2
834906 1
835351 2
835408 1
835867 2
835910 1
836364 2
836411 1
836857 2
836912 1
837374 2
837414 1
837882 2
837915 1
838378 2
838416 1
838829 2
838917 1
839353 2
839418 1
839837 2
839920 1
840356 2
840421 1
840883 2
840922 1
841331 2
841424 1
841850 2
841925 1
842362 2
842427 1
842879 2
842928 1
843357 2
843429 1
843886 2
844391 2
844879 2
845398 2
845908 2
846395 2
846898 2
847448 2
847940 2
848427 2
848899 2
849454 2
849964 2
850458 2
850944 2
851476 2
851945 2
852458 2
852977 2
843429 4
858786 1
859120 1
859155 2
859430 2
859454 1
859757 2
859788 1
860111 2
860123 1
860429 2
860457 1
860741 2
860791 1
861090 2
861126 1
861455 2
861461 1
861775 2
861796 1
862116 2
862131 1
862449 2
862465 1
862789 2
862799 1
863112 2
863134 1
863468 1
863472 2
863802 1
863809 2
864136 1
864162 2
864465 2
864471 1
864795 2
864806 1
865123 2
865141 1
865454 2
865475 1
865805 2
865809 1
866132 2
866143 1
866478 1
866492 2
866793 2
866812 1
867129 2
867146 1
867480 1
867480 2
867813 2
867814 1
868147 2
868148 1
868482 1
868486 2
868807 2
868816 1
869142 2
869151 1
869486 2
869888 2
870246 2
870634 2
870999 2
871376 2
871738 2
872129 2
872502 2
872843 2
873250 2
873633 2
873987 2
874365 2
874742 2
875123 2
875483 2
869151 4
881085 1
881336 1
881351 2
881587 1
881606 2
881808 2
881838 1
882044 2
882089 1
882340 1
882347 2
882591 1
882607 2
882828 2
882842 1
883072 2
883094 1
883321 2
883346 1
883571 2
883598 1
883823 2
883850 1
884101 1
884105 2
884352 1
884363 2
884593 2
884603 1
884851 2
884855 1
885105 2
885106 1
885346 2
885358 1
885597 2
885610 1
885846 2
885862 1
886108 2
886113 1
886364 1
886373 2
886615 1
886632 2
886866 1
886874 2
887118 1
887118 2
887360 2
887369 1
887620 1
887624 2
887871 1
887876 2
888113 2
888123 1
888365 2
888374 1
888609 2
888625 1
888848 2
889121 2
889430 2
889659 2
889945 2
890210 2
890500 2
890759 2
891056 2
891313 2
891591 2
891851 2
892130 2
892421 2
892692 2
892959 2
893249 2
893523 2
888625 4
900649 1
901034 2
902009 2
902651 1
902886 2
904652 1
904686 2
906489 2
906654 1
908349 2
908655 1
910473 2
910656 1
912338 2
912658 1
914252 2
914659 1
916245 2
916660 1
918237 2
918661 1
920399 2
920662 1
922452 2
922663 1
924512 2
924664 1
926376 2
926666 1
928313 2
928667 1
930225 2
930669 1
932013 2
932670 1
934455 2
934672 1
936600 2
936673 1
938577 2
938674 1
940596 2
940676 1
942415 2
942677 1
944357 2
944678 1
946358 2
946679 1
948391 2
948680 1
950717 2
952868 2
954670 2
956567 2
958554 2
960907 2
962717 2
965001 2
966992 2
969042 2
971158 2
973114 2
975011 2
976896 2
978725 2
980558 2
982482 2
984372 2
986699 2
988558 2
948680 4
994704 1
994919 2
995166 2
995705 1
995780 2
996668 2
996706 1
997703 2
997707 1
998628 2
998709 1
999665 2
999710 1
1.00066e+006 2
1.00071e+006 1
1.00161e+006 2
1.00171e+006 1
1.00261e+006 2
1.00271e+006 1
1.00365e+006 2
1.00372e+006 1
1.00466e+006 2
1.00472e+006 1
1.00571e+006 2
1.00572e+006 1
1.00661e+006 2
1.00672e+006 1
1.00762e+006 2
1.00772e+006 1
1.00865e+006 2
1.00872e+006 1
1.00963e+006 2
1.00972e+006 1
1.01067e+006 2
1.01072e+006 1
1.01169e+006 2
1.01172e+006 1
1.01257e+006 2
1.01273e+006 1
1.01364e+006 2
1.01373e+006 1
1.01467e+006 2
1.01473e+006 1
1.01556e+006 2
1.01573e+006 1
1.01663e+006 2
1.01673e+006 1
1.01763e+006 2
1.01773e+006 1
1.01863e+006 2
1.01873e+006 1
1.01972e+006 2
1.01974e+006 1
1.02065e+006 2
1.02074e+006 1
1.02169e+006 2
1.02174e+006 1
1.02267e+006 2
1.02274e+006 1
1.02372e+006 2
1.02374e+006 1
1.02473e+006 2
1.02474e+006 1
1.02569e+006 2
1.02574e+006 1
1.02665e+006 2
1.02771e+006 2
1.02869e+006 2
1.02972e+006 2
1.03074e+006 2
1.03175e+006 2
1.03279e+006 2
1.03382e+006 2
1.03483e+006 2
1.03582e+006 2
1.03679e+006 2
1.03785e+006 2
1.03884e+006 2
1.03988e+006 2
1.04088e+006 2
1.04193e+006 2
1.04297e+006 2
1.04401e+006 2
1.04504e+006 2
1.02574e+006 4
1.05143e+006 1
1.05177e+006 2
1.0521e+006 1
1.05224e+006 2
1.05277e+006 1
1.05278e+006 2
1.05341e+006 2
1.05343e+006 1
1.05404e+006 2
1.0541e+006 1
1.05471e+006 2
1.05477e+006 1
1.05539e+006 2
1.05544e+006 1
1.05606e+006 2
1.0561e+006 1
1.0567e+006 2
1.05677e+006 1
1.05739e+006 2
1.05744e+006 1
1.05808e+006 2
1.0581e+006 1
1.05871e+006 2
1.05877e+006 1
1.05938e+006 2
1.05944e+006 1
1.06005e+006 2
1.06011e+006 1
1.06074e+006 2
1.06077e+006 1
1.06137e+006 2
1.06144e+006 1
1.06199e+006 2
1.06211e+006 1
1.06269e+006 2
1.06277e+006 1
1.06333e+006 2
1.06344e+006 1
1.06401e+006 2
1.06411e+006 1
1.06471e+006 2
1.06478e+006 1
1.0654e+006 2
1.06544e+006 1
1.06606e+006 2
1.06611e+006 1
1.06674e+006 2
1.06678e+006 1
1.06739e+006 2
1.06745e+006 1
1.06809e+006 2
1.06811e+006 1
1.06873e+006 2
1.06878e+006 1
1.06939e+006 2
1.06945e+006 1
1.07003e+006 2
1.07012e+006 1
1.07069e+006 2
1.07078e+006 1
1.07139e+006 2
1.07145e+006 1
1.07204e+006 2
1.0727e+006 2
1.07338e+006 2
1.07404e+006 2
1.07467e+006 2
1.07531e+006 2
1.07595e+006 2
1.07661e+006 2
1.07726e+006 2
1.07787e+006 2
1.07858e+006 2
1.07926e+006 2
1.07992e+006 2
1.0806e+006 2
1.08123e+006 2
1.08189e+006 2
1.08253e+006 2
1.08317e+006 2
1.08385e+006 2
1.08455e+006 2
1.07145e+006 4
1.08999e+006 1
1.0902e+006 1
1.0904e+006 1
1.09041e+006 2
1.0906e+006 1
1.09061e+006 2
1.0908e+006 1
1.09081e+006 2
1.091e+006 1
1.09102e+006 2
1.0912e+006 1
1.09123e+006 2
1.0914e+006 1
1.09142e+006 2
1.0916e+006 1
1.09163e+006 2
1.09181e+006 1
1.09183e+006 2
1.09201e+006 1
1.09203e+006 2
1.09221e+006 1
1.09223e+006 2
1.09241e+006 1
1.09242e+006 2
1.09261e+006 1
1.09262e+006 2
1.09281e+006 1
1.09283e+006 2
1.09301e+006 1
1.09301e+006 2
1.09321e+006 1
1.09322e+006 2
1.09342e+006 1
1.09343e+006 2
1.09362e+006 1
1.09362e+006 2
1.09382e+006 1
1.09383e+006 2
1.09402e+006 1
1.09403e+006 2
1.09422e+006 1
1.09422e+006 2
1.09442e+006 1
1.09443e+006 2
1.09462e+006 1
1.09463e+006 2
1.09482e+006 2
1.09483e+006 1
1.09502e+006 2
1.09503e+006 1
1.0952e+006 2
1.0954e+006 2
1.09562e+006 2
1.09583e+006 2
1.09605e+006 2
1.09627e+006 2
1.09649e+006 2
1.09671e+006 2
1.09691e+006 2
1.09713e+006 2
1.09735e+006 2
1.09756e+006 2
1.09777e+006 2
1.09799e+006 2
1.0982e+006 2
1.09853e+006 2
1.09875e+006 2
1.09897e+006 2
1.09503e+006 4
1.09503e+006 5
1.10605e+006 1
1.10664e+006 2
1.10805e+006 1
1.10821e+006 2
1.11005e+006 1
1.11019e+006 2
1.11205e+006 1
1.11216e+006 2
1.11405e+006 1
1.11409e+006 2
1.11606e+006 1
1.11608e+006 2
1.11788e+006 2
1.11806e+006 1
1.11991e+006 2
1.12006e+006 1
1.12191e+006 2
1.12206e+006 1
1.12388e+006 2
1.12406e+006 1
1.12593e+006 2
1.12606e+006 1
1.12783e+006 2
1.12806e+006 1
1.12968e+006 2
1.13007e+006 1
1.13165e+006 2
1.13207e+006 1
1.13348e+006 2
1.13407e+006 1
1.13575e+006 2
1.13607e+006 1
1.13794e+006 2
1.13807e+006 1
1.13975e+006 2
1.14007e+006 1
1.14199e+006 2
1.14207e+006 1
1.14368e+006 2
1.14408e+006 1
1.14574e+006 2
1.14608e+006 1
1.14794e+006 2
1.14808e+006 1
1.15008e+006 1
1.15016e+006 2
1.15202e+006 2
1.15208e+006 1
1.15399e+006 2
1.15408e+006 1
1.15591e+006 2
1.15608e+006 1
1.15795e+006 2
1.15808e+006 1
1.15988e+006 2
1.16008e+006 1
1.16203e+006 2
1.16209e+006 1
1.16398e+006 2
1.16409e+006 1
1.16592e+006 2
1.16609e+006 1
1.16798e+006 2
1.16809e+006 1
1.17009e+006 1
1.17198e+006 2
1.1745e+006 2
1.17653e+006 2
1.17866e+006 2
1.18054e+006 2
1.18262e+006 2
1.1846e+006 2
1.18675e+006 2
1.18863e+006 2
1.1907e+006 2
1.19258e+006 2
1.19483e+006 2
1.19719e+006 2
1.19935e+006 2
1.20143e+006 2
1.20358e+006 2
1.20548e+006 2
1.20758e+006 2
1.20943e+006 2
1.17009e+006 4
1.21611e+006 1
1.2164e+006 2
1.21674e+006 2
1.21712e+006 1
1.21732e+006 2
1.21809e+006 2
1.21812e+006 1
1.21899e+006 2
1.21912e+006 1
1.22004e+006 2
1.22012e+006 1
1.22108e+006 2
1.22112e+006 1
1.22206e+006 2
1.22212e+006 1
1.22313e+006 1
1.22315e+006 2
1.22413e+006 1
1.22413e+006 2
1.22513e+006 1
1.22517e+006 2
1.22613e+006 1
1.22616e+006 2
1.22712e+006 2
1.22713e+006 1
1.22805e+006 2
1.22813e+006 1
1.229e+006 2
1.22913e+006 1
1.23001e+006 2
1.23014e+006 1
1.23103e+006 2
1.23114e+006 1
1.23202e+006 2
1.23214e+006 1
1.23305e+006 2
1.23314e+006 1
1.23406e+006 2
1.23414e+006 1
1.23505e+006 2
1.23514e+006 1
1.23605e+006 2
1.23614e+006 1
1.23707e+006 2
1.23714e+006 1
1.23808e+006 2
1.23814e+006 1
1.2391e+006 2
1.23914e+006 1
1.24013e+006 2
1.24015e+006 1
1.24114e+006 2
1.24115e+006 1
1.2421e+006 2
1.24215e+006 1
1.24307e+006 2
1.24315e+006 1
1.24409e+006 2
1.24415e+006 1
1.24507e+006 2
1.24515e+006 1
1.24607e+006 2
1.24615e+006 1
1.2471e+006 2
1.24715e+006 1
1.24808e+006 2
1.24917e+006 2
1.25024e+006 2
1.25134e+006 2
1.2524e+006 2
1.25341e+006 2
1.25456e+006 2
1.25561e+006 2
1.25679e+006 2
1.25789e+006 2
1.259e+006 2
1.26011e+006 2
1.26119e+006 2
1.26233e+006 2
1.26341e+006 2
1.26455e+006 2
1.26567e+006 2
1.26677e+006 2
1.24715e+006 4
1.27284e+006 1
1.27318e+006 2
1.27351e+006 1
1.274e+006 2
1.27418e+006 1
1.27472e+006 2
1.27485e+006 1
1.27539e+006 2
1.27551e+006 1
1.27609e+006 2
1.27618e+006 1
1.27681e+006 2
1.27685e+006 1
1.27748e+006 2
1.27751e+006 1
1.27814e+006 2
1.27818e+006 1
1.2788e+006 2
1.27885e+006 1
1.27943e+006 2
1.27952e+006 1
1.28011e+006 2
1.28019e+006 1
1.28079e+006 2
1.28085e+006 1
1.28146e+006 2
1.28152e+006 1
1.28214e+006 2
1.28219e+006 1
1.28277e+006 2
1.28286e+006 1
1.28348e+006 2
1.28352e+006 1
1.28419e+006 1
1.28423e+006 2
1.28486e+006 1
1.28488e+006 2
1.28553e+006 1
1.28559e+006 2
1.28614e+006 2
1.28619e+006 1
1.28682e+006 2
1.28686e+006 1
1.28749e+006 2
1.28753e+006 1
1.28815e+006 2
1.28819e+006 1
1.28886e+006 1
1.28887e+006 2
1.28952e+006 2
1.28953e+006 1
1.2902e+006 1
1.29022e+006 2
1.29086e+006 1
1.29086e+006 2
1.2915e+006 2
1.29153e+006 1
1.29215e+006 2
1.2922e+006 1
1.29283e+006 2
1.29352e+006 2
1.29419e+006 2
1.29489e+006 2
1.29552e+006 2
1.29624e+006 2
1.29692e+006 2
1.2976e+006 2
1.29829e+006 2
1.29895e+006 2
1.29965e+006 2
1.30032e+006 2
1.30101e+006 2
1.3017e+006 2
1.30241e+006 2
1.30303e+006 2
1.30377e+006 2
1.3045e+006 2
1.30522e+006 2
1.2922e+006 4
1.31087e+006 1
1.31121e+006 1
1.31146e+006 2
1.31154e+006 1
1.31188e+006 1
1.31189e+006 2
1.3122e+006 2
1.31221e+006 1
1.31252e+006 2
1.31255e+006 1
1.31285e+006 2
1.31288e+006 1
1.3132e+006 2
1.31321e+006 1
1.31355e+006 1
1.31356e+006 2
1.31385e+006 2
1.31388e+006 1
1.3142e+006 2
1.31422e+006 1
1.31454e+006 2
1.31455e+006 1
1.31485e+006 2
1.31489e+006 1
1.31517e+006 2
1.31522e+006 1
1.31551e+006 2
1.31556e+006 1
1.31586e+006 2
1.31589e+006 1
1.31619e+006 2
1.31623e+006 1
1.31655e+006 2
1.31656e+006 1
1.31689e+006 1
1.31692e+006 2
1.31723e+006 1
1.31728e+006 2
1.31756e+006 1
1.31761e+006 2
1.3179e+006 1
1.31791e+006 2
1.31823e+006 1
1.31823e+006 2
1.31857e+006 1
1.31858e+006 2
1.3189e+006 1
1.3189e+006 2
1.31919e+006 2
1.31924e+006 1
1.31957e+006 1
1.3196e+006 2
1.3199e+006 1
1.31995e+006 2
1.32024e+006 1
1.32028e+006 2
1.32057e+006 2
1.32057e+006 1
1.32088e+006 2
1.32091e+006 1
1.32122e+006 2
1.32124e+006 1
1.32157e+006 2
1.32157e+006 1
1.32194e+006 2
1.32228e+006 2
1.3227e+006 2
1.32308e+006 2
1.3235e+006 2
1.32388e+006 2
1.32426e+006 2
1.32462e+006 2
1.32498e+006 2
1.32532e+006 2
1.32572e+006 2
1.3261e+006 2
1.32649e+006 2
1.32686e+006 2
1.32724e+006 2
1.32762e+006 2
1.328e+006 2
1.32157e+006 4
1.33351e+006 1
1.33376e+006 1
1.33377e+006 2
1.33398e+006 2
1.33401e+006 1
1.33421e+006 2
1.33426e+006 1
1.33443e+006 2
1.33451e+006 1
1.33471e+006 2
1.33476e+006 1
1.33498e+006 2
1.33501e+006 1
1.33519e+006 2
1.33526e+006 1
1.3355e+006 2
1.33552e+006 1
1.33574e+006 2
1.33577e+006 1
1.33598e+006 2
1.33602e+006 1
1.33625e+006 2
1.33627e+006 1
1.33649e+006 2
1.33652e+006 1
1.33673e+006 2
1.33677e+006 1
1.337e+006 2
1.33702e+006 1
1.33725e+006 2
1.33727e+006 1
1.3375e+006 2
1.33752e+006 1
1.33775e+006 2
1.33778e+006 1
1.338e+006 2
1.33803e+006 1
1.33824e+006 2
1.33828e+006 1
1.33849e+006 2
1.33853e+006 1
1.33876e+006 2
1.33878e+006 1
1.339e+006 2
1.33903e+006 1
1.33926e+006 2
1.33928e+006 1
1.33951e+006 2
1.33953e+006 1
1.33977e+006 2
1.33979e+006 1
1.34001e+006 2
1.34004e+006 1
1.34026e+006 2
1.34029e+006 1
1.34052e+006 2
1.34054e+006 1
1.34077e+006 2
1.34102e+006 2
1.34129e+006 2
1.34155e+006 2
1.34181e+006 2
1.34208e+006 2
1.34235e+006 2
1.34261e+006 2
1.34286e+006 2
1.34315e+006 2
1.3434e+006 2
1.34367e+006 2
1.34392e+006 2
1.34422e+006 2
1.34448e+006 2
1.34474e+006 2
1.345e+006 2
1.34524e+006 2
1.34552e+006 2
1.34054e+006 4
1.35076e+006 1
1.35096e+006 1
1.35108e+006 2
1.35117e+006 1
1.35127e+006 2
1.35137e+006 1
1.35145e+006 2
1.35157e+006 1
1.35161e+006 2
1.35177e+006 1
1.35179e+006 2
1.35197e+006 1
1.35198e+006 2
1.35217e+006 2
1.35217e+006 1
1.35235e+006 2
1.35237e+006 1
1.35257e+006 2
1.35257e+006 1
1.35276e+006 2
1.35277e+006 1
1.35295e+006 2
1.35298e+006 1
1.35314e+006 2
1.35318e+006 1
1.35334e+006 2
1.35338e+006 1
1.35353e+006 2
1.35358e+006 1
1.35373e+006 2
1.35378e+006 1
1.35393e+006 2
1.35398e+006 1
1.35412e+006 2
1.35418e+006 1
1.35433e+006 2
1.35438e+006 1
1.35453e+006 2
1.35458e+006 1
1.35474e+006 2
1.35479e+006 1
1.35494e+006 2
1.35499e+006 1
1.35515e+006 2
1.35519e+006 1
1.35534e+006 2
1.35539e+006 1
1.35555e+006 2
1.35559e+006 1
1.35575e+006 2
1.35595e+006 2
1.35614e+006 2
1.35632e+006 2
1.35652e+006 2
1.35672e+006 2
1.35692e+006 2
1.35713e+006 2
1.35732e+006 2
1.35752e+006 2
1.35772e+006 2
1.35792e+006 2
1.35813e+006 2
1.35832e+006 2
1.35852e+006 2
1.35872e+006 2
1.35892e+006 2
1.35911e+006 2
1.35932e+006 2
1.35951e+006 2
1.35559e+006 4
1.36511e+006 1
1.36559e+006 2
1.36562e+006 1
1.36606e+006 2
1.36612e+006 1
1.36662e+006 1
1.36662e+006 2
1.3671e+006 2
1.36712e+006 1
1.36758e+006 2
1.36762e+006 1
1.36805e+006 2
1.36812e+006 1
1.36858e+006 2
1.36862e+006 1
1.3691e+006 2
1.36913e+006 1
1.36959e+006 2
1.36963e+006 1
1.37009e+006 2
1.37013e+006 1
1.37059e+006 2
1.37063e+006 1
1.37108e+006 2
1.37113e+006 1
1.37156e+006 2
1.37163e+006 1
1.37204e+006 2
1.37214e+006 1
1.37258e+006 2
1.37264e+006 1
1.37307e+006 2
1.37314e+006 1
1.37357e+006 2
1.37364e+006 1
1.37408e+006 2
1.37414e+006 1
1.37457e+006 2
1.37464e+006 1
1.37505e+006 2
1.37514e+006 1
1.37553e+006 2
1.37564e+006 1
1.37604e+006 2
1.37614e+006 1
1.37654e+006 2
1.37665e+006 1
1.37704e+006 2
1.37715e+006 1
1.37758e+006 2
1.37765e+006 1
1.37805e+006 2
1.37815e+006 1
1.37854e+006 2
1.37865e+006 1
1.37907e+006 2
1.37915e+006 1
1.37956e+006 2
1.37965e+006 1
1.38009e+006 2
1.38016e+006 1
1.38059e+006 2
1.38066e+006 1
1.38108e+006 2
1.38116e+006 1
1.38156e+006 2
1.38205e+006 2
1.38256e+006 2
1.38308e+006 2
1.38358e+006 2
1.38404e+006 2
1.38457e+006 2
1.3851e+006 2
1.3856e+006 2
1.38609e+006 2
1.38658e+006 2
1.3871e+006 2
1.3876e+006 2
1.38813e+006 2
1.38861e+006 2
1.38914e+006 2
1.38967e+006 2
1.39014e+006 2
1.39066e+006 2
1.39116e+006 2
1.38116e+006 4
1.38116e+006 5
1.39643e+006 1
1.39665e+006 2
1.39668e+006 1
1.39691e+006 2
1.39693e+006 1
1.39716e+006 2
1.39719e+006 1
1.39743e+006 2
1.39744e+006 1
1.39769e+006 1
1.39771e+006 2
1.39794e+006 1
1.39794e+006 2
1.39819e+006 1
1.39821e+006 2
1.39844e+006 1
1.39846e+006 2
1.39869e+006 1
1.39871e+006 2
1.39895e+006 1
1.39897e+006 2
1.3992e+006 1
1.39921e+006 2
1.39945e+006 1
1.39946e+006 2
1.3997e+006 1
1.39973e+006 2
1.39995e+006 1
1.39996e+006 2
1.4002e+006 1
1.40021e+006 2
1.40045e+006 1
1.40049e+006 2
1.4007e+006 1
1.40072e+006 2
1.40096e+006 1
1.40098e+006 2
1.40121e+006 1
1.40122e+006 2
1.40146e+006 1
1.40147e+006 2
1.40171e+006 1
1.40172e+006 2
1.40196e+006 2
1.40196e+006 1
1.4022e+006 2
1.40221e+006 1
1.40244e+006 2
1.40246e+006 1
1.40271e+006 2
1.40271e+006 1
1.40296e+006 2
1.40296e+006 1
1.40321e+006 2
1.40322e+006 1
1.40347e+006 1
1.40373e+006 2
1.40401e+006 2
1.40427e+006 2
1.40454e+006 2
1.40483e+006 2
1.40511e+006 2
1.40536e+006 2
1.40562e+006 2
1.40587e+006 2
1.40609e+006 2
1.40632e+006 2
1.40656e+006 2
1.40679e+006 2
1.40704e+006 2
1.4073e+006 2
1.40755e+006 2
1.4078e+006 2
1.40804e+006 2
1.40828e+006 2
1.40347e+006 4
1.41382e+006 1
1.41403e+006 2
1.41416e+006 1
1.41439e+006 2
1.41449e+006 1
1.41478e+006 2
1.41482e+006 1
1.41515e+006 2
1.41516e+006 1
1.41547e+006 2
1.41549e+006 1
1.4158e+006 2
1.41583e+006 1
1.41612e+006 2
1.41616e+006 1
1.41648e+006 2
1.4165e+006 1
1.41677e+006 2
1.41683e+006 1
1.41709e+006 2
1.41717e+006 1
1.41743e+006 2
1.4175e+006 1
1.41781e+006 2
1.41783e+006 1
1.41817e+006 1
1.41818e+006 2
1.41849e+006 2
1.4185e+006 1
1.4188e+006 2
1.41884e+006 1
1.4191e+006 2
1.41917e+006 1
1.41946e+006 2
1.4195e+006 1
1.41977e+006 2
1.41984e+006 1
1.4201e+006 2
1.42018e+006 1
1.42044e+006 2
1.42051e+006 1
1.42072e+006 2
1.42084e+006 1
1.42109e+006 2
1.42118e+006 1
1.42144e+006 2
1.42151e+006 1
1.42173e+006 2
1.42185e+006 1
1.42205e+006 2
1.42218e+006 1
1.42239e+006 2
1.42251e+006 1
1.42276e+006 2
1.42285e+006 1
1.42312e+006 2
1.42318e+006 1
1.42341e+006 2
1.42352e+006 1
1.42377e+006 2
1.42385e+006 1
1.42408e+006 2
1.42441e+006 2
1.42464e+006 2
1.42495e+006 2
1.42523e+006 2
1.42552e+006 2
1.42581e+006 2
1.4262e+006 2
1.42653e+006 2
1.42683e+006 2
1.42718e+006 2
1.42746e+006 2
1.42775e+006 2
1.4281e+006 2
1.42842e+006 2
1.42873e+006 2
1.42904e+006 2
1.42935e+006 2
1.42964e+006 2
1.42998e+006 2
1.43029e+006 2
1.42385e+006 4
1.43753e+006 1
1.43785e+006 2
1.43884e+006 2
1.43954e+006 1
1.43995e+006 2
1.44154e+006 1
1.4417e+006 2
1.44336e+006 2
1.44354e+006 1
1.44513e+006 2
1.44554e+006 1
1.44704e+006 2
1.44754e+006 1
1.44914e+006 2
1.44954e+006 1
1.4513e+006 2
1.45154e+006 1
1.45329e+006 2
1.45354e+006 1
1.45514e+006 2
1.45554e+006 1
1.45714e+006 2
1.45755e+006 1
1.4594e+006 2
1.45955e+006 1
1.4614e+006 2
1.46155e+006 1
1.46311e+006 2
1.46355e+006 1
1.46507e+006 2
1.46555e+006 1
1.46716e+006 2
1.46755e+006 1
1.46933e+006 2
1.46956e+006 1
1.47133e+006 2
1.47156e+006 1
1.47342e+006 2
1.47356e+006 1
1.47541e+006 2
1.47556e+006 1
1.47724e+006 2
1.47756e+006 1
1.47929e+006 2
1.47956e+006 1
1.4812e+006 2
1.48156e+006 1
1.48282e+006 2
1.48356e+006 1
1.48504e+006 2
1.48556e+006 1
1.487e+006 2
1.48757e+006 1
1.48922e+006 2
1.48957e+006 1
1.49121e+006 2
1.49157e+006 1
1.49313e+006 2
1.49357e+006 1
1.49506e+006 2
1.49557e+006 1
1.49729e+006 2
1.49757e+006 1
1.49932e+006 2
1.49957e+006 1
1.50124e+006 2
1.503e+006 2
1.50526e+006 2
1.50711e+006 2
1.50902e+006 2
1.51107e+006 2
1.51292e+006 2
1.51504e+006 2
1.51694e+006 2
1.51886e+006 2
1.52084e+006 2
1.52283e+006 2
1.52493e+006 2
1.52687e+006 2
1.52887e+006 2
1.53093e+006 2
1.53291e+006 2
1.5347e+006 2
1.53651e+006 2
1.53814e+006 2
1.49957e+006 4
1.5456e+006 1
1.54599e+006 2
1.54636e+006 2
1.5466e+006 1
1.54757e+006 2
1.5476e+006 1
1.54853e+006 2
1.5486e+006 1
1.54957e+006 2
1.5496e+006 1
1.5506e+006 2
1.5506e+006 1
1.55149e+006 2
1.55161e+006 1
1.55257e+006 2
1.55261e+006 1
1.55355e+006 2
1.55361e+006 1
1.55455e+006 2
1.55461e+006 1
1.55561e+006 1
1.55562e+006 2
1.55661e+006 1
1.55671e+006 2
1.55761e+006 1
1.55769e+006 2
1.55861e+006 1
1.55934e+006 2
1.55962e+006 1
1.56062e+006 1
1.56065e+006 2
1.56162e+006 1
1.56167e+006 2
1.56262e+006 1
1.56274e+006 2
1.56362e+006 1
1.56384e+006 2
1.56462e+006 1
1.56479e+006 2
1.56557e+006 2
1.56562e+006 1
1.56662e+006 1
1.56675e+006 2
1.56762e+006 1
1.56863e+006 1
1.56873e+006 2
1.56933e+006 2
1.56963e+006 1
1.57045e+006 2
1.57063e+006 1
1.57163e+006 1
1.57173e+006 2
1.57263e+006 1
1.57291e+006 2
1.57363e+006 1
1.57507e+006 2
1.57607e+006 2
1.57708e+006 2
1.57891e+006 2
1.58016e+006 2
1.58136e+006 2
1.58251e+006 2
1.58373e+006 2
1.58487e+006 2
1.58599e+006 2
1.58687e+006 2
1.58804e+006 2
1.58907e+006 2
1.59029e+006 2
1.59146e+006 2
1.59261e+006 2
1.57363e+006 4
