25001 5 120
25867 1 3
26201 1 3
26535 1 3
26869 1 3
26936 2 3
26869 4 -67
27201 2 3
27204 1 3
27204 4 3
27488 2 3
27538 1 3
27538 4 50
27782 2 3
27872 1 3
27872 4 90
28089 2 3
28206 1 3
28206 4 117
28434 2 3
28540 1 3
28540 4 106
28763 2 3
28875 1 3
28875 4 112
29210 1 3
29522 2 3
29967 2 3
30464 2 3
30955 2 3
31450 2 3
31968 2 3
32483 2 3
32966 2 3
33468 2 3
33972 2 3
34451 2 3
34953 2 3
35474 2 3
41393 1 2
41894 1 2
41976 2 2
41894 4 -82
42396 1 2
42402 2 2
42396 4 -6
42846 2 2
42898 1 2
42898 4 52
43328 2 2
43399 1 2
43399 4 71
43821 2 2
43900 1 2
43900 4 79
44341 2 2
44401 1 2
44401 4 60
44796 2 2
44903 1 2
44903 4 107
45260 2 2
45404 1 2
45404 4 144
45747 2 2
45905 1 2
45905 4 158
46251 2 2
46407 1 2
46407 4 156
46690 2 2
46908 1 2
46908 4 218
47187 2 2
47409 1 2
47409 4 222
47621 2 2
47409 4 -212
47910 1 2
48141 2 2
47910 4 -231
48411 1 2
48673 2 2
48912 1 2
48912 4 239
49145 2 2
48912 4 -233
49413 1 2
49636 2 2
49413 4 -223
49914 1 2
50137 2 2
49914 4 -223
50415 1 2
50622 2 2
50415 4 -207
50916 1 2
51090 2 2
50916 4 -174
51417 1 2
51586 2 2
51417 4 -169
51918 1 2
52065 2 2
51918 4 -147
52419 1 2
52609 2 2
52419 4 -190
52921 1 2
53096 2 2
52921 4 -175
53422 1 2
64100 1 0.5
64615 2 0.5
64100 4 -515
66101 1 0.5
66250 2 0.5
66101 4 -149
67947 2 0.5
68103 1 0.5
68103 4 156
69850 2 0.5
70104 1 0.5
70104 4 254
71907 2 0.5
72105 1 0.5
72105 4 198
74106 1 0.5
74157 2 0.5
74106 4 -51
76082 2 0.5
76108 1 0.5
76108 4 26
78110 1 0.5
78130 2 0.5
78110 4 -20
80053 2 0.5
80112 1 0.5
80112 4 59
81913 2 0.5
82113 1 0.5
82113 4 200
84114 1 0.5
84120 2 0.5
84114 4 -6
85991 2 0.5
86115 1 0.5
86115 4 124
88096 2 0.5
88117 1 0.5
88117 4 21
90006 2 0.5
90118 1 0.5
90118 4 112
91989 2 0.5
92119 1 0.5
92119 4 130
93815 2 0.5
94121 1 0.5
94121 4 306
95826 2 0.5
96122 1 0.5
96122 4 296
98011 2 0.5
98124 1 0.5
98124 4 113
99968 2 0.5
100125 1 0.5
100125 4 157
101882 2 0.5
102126 1 0.5
102126 4 244
103857 2 0.5
104128 1 0.5
104128 4 271
105948 2 0.5
106129 1 0.5
106129 4 181
107843 2 0.5
108130 1 0.5
108130 4 287
110025 2 0.5
110132 1 0.5
110132 4 107
111955 2 0.5
112133 1 0.5
112133 4 178
113904 2 0.5
114135 1 0.5
114135 4 231
115922 2 0.5
116136 1 0.5
116136 4 214
117800 2 0.5
118137 1 0.5
118137 4 337
119806 2 0.5
120138 1 0.5
120138 4 332
121928 2 0.5
122139 1 0.5
122139 4 211
123764 2 0.5
124140 1 0.5
124140 4 376
125968 2 0.5
126141 1 0.5
126141 4 173
128061 2 0.5
129955 2 0.5
131923 2 0.5
133812 2 0.5
135583 2 0.5
137321 2 0.5
139011 2 0.5
140698 2 0.5
142421 2 0.5
144088 2 0.5
145769 2 0.5
147412 2 0.5
148860 2 0.5
150089 2 0.5
151238 2 0.5
152300 2 0.5
153331 2 0.5
154385 2 0.5
155449 2 0.5
156574 2 0.5
157742 2 0.5
158800 2 0.5
159842 2 0.5
160782 2 0.5
161690 2 0.5
162565 2 0.5
163478 2 0.5
164307 2 0.5
165150 2 0.5
165918 2 0.5
171365 1 5
171567 1 5
171668 2 5
171769 1 5
171905 2 5
171970 1 5
171970 4 65
172089 2 5
172171 1 5
172171 4 82
172256 2 5
172171 4 -85
172373 1 5
172423 2 5
172373 4 -50
172575 1 5
172601 2 5
172575 4 -26
172776 1 5
172781 2 5
172776 4 -5
172969 2 5
172977 1 5
172977 4 8
173164 2 5
173178 1 5
173178 4 14
173359 2 5
173379 1 5
173379 4 20
173565 2 5
173580 1 5
173580 4 15
173763 2 5
173781 1 5
173781 4 18
173959 2 5
173982 1 5
173982 4 23
174153 2 5
174183 1 5
174183 4 30
174352 2 5
174385 1 5
174385 4 33
174550 2 5
174586 1 5
174586 4 36
174762 2 5
174787 1 5
174787 4 25
174968 2 5
174988 1 5
174988 4 20
175167 2 5
175189 1 5
175189 4 22
175372 2 5
175390 1 5
175390 4 18
175586 2 5
175591 1 5
175591 4 5
175777 2 5
175793 1 5
175793 4 16
175967 2 5
175994 1 5
175994 4 27
176164 2 5
176195 1 5
176195 4 31
176358 2 5
176397 1 5
176397 4 39
176553 2 5
176758 2 5
177146 2 5
177615 2 5
178035 2 5
178458 2 5
178874 2 5
179306 2 5
179712 2 5
180119 2 5
186420 1 1
186698 2 1
186420 4 -278
187422 1 1
187613 2 1
187422 4 -191
188185 2 1
188423 1 1
188423 4 238
189179 2 1
189424 1 1
189424 4 245
190265 2 1
190425 1 1
190425 4 160
191227 2 1
191426 1 1
191426 4 199
192188 2 1
192427 1 1
192427 4 239
193142 2 1
193428 1 1
193428 4 286
194150 2 1
194429 1 1
194429 4 279
195127 2 1
195430 1 1
195430 4 303
196184 2 1
196432 1 1
196432 4 248
197131 2 1
197434 1 1
197434 4 303
198057 2 1
198435 1 1
198435 4 378
199180 2 1
199444 1 1
199444 4 264
200183 2 1
200445 1 1
200445 4 262
201116 2 1
201446 1 1
201446 4 330
202073 2 1
202447 1 1
202447 4 374
203054 2 1
203448 1 1
203448 4 394
203946 2 1
203448 4 -498
204450 1 1
204710 2 1
204450 4 -260
205451 1 1
205953 2 1
206452 1 1
206452 4 499
207189 2 1
207453 1 1
207453 4 264
208260 2 1
208454 1 1
208454 4 194
209270 2 1
209455 1 1
209455 4 185
210281 2 1
210456 1 1
210456 4 175
211319 2 1
211457 1 1
211457 4 138
212316 2 1
212459 1 1
212459 4 143
213372 2 1
213461 1 1
213461 4 89
214329 2 1
214462 1 1
214462 4 133
215297 2 1
216208 2 1
217049 2 1
217758 2 1
218370 2 1
218905 2 1
219495 2 1
219967 2 1
220393 2 1
220824 2 1
221219 2 1
221620 2 1
222035 2 1
222444 2 1
222857 2 1
223273 2 1
223668 2 1
224059 2 1
224516 2 1
224934 2 1
225332 2 1
225740 2 1
226151 2 1
226562 2 1
227006 2 1
227472 2 1
227990 2 1
228527 2 1
229063 2 1
229581 2 1
230122 2 1
230664 2 1
231192 2 1
231750 2 1
232302 2 1
232814 2 1
233342 2 1
233863 2 1
234410 2 1
240255 1 1.5
240631 2 1.5
240922 1 1.5
240922 4 291
241151 2 1.5
240922 4 -229
241498 2 1.5
241589 1 1.5
241589 4 91
242133 2 1.5
242256 1 1.5
242256 4 123
242787 2 1.5
242923 1 1.5
242923 4 136
243387 2 1.5
243590 1 1.5
243590 4 203
244074 2 1.5
244257 1 1.5
244257 4 183
244761 2 1.5
244924 1 1.5
244924 4 163
245390 2 1.5
245592 1 1.5
245592 4 202
246076 2 1.5
246260 1 1.5
246260 4 184
246704 2 1.5
246928 1 1.5
246928 4 224
247385 2 1.5
247595 1 1.5
247595 4 210
248063 2 1.5
248262 1 1.5
248262 4 199
248753 2 1.5
248930 1 1.5
248930 4 177
249394 2 1.5
249598 1 1.5
249598 4 204
250087 2 1.5
250265 1 1.5
250265 4 178
250840 2 1.5
250933 1 1.5
250933 4 93
251427 2 1.5
251601 1 1.5
251601 4 174
252031 2 1.5
252268 1 1.5
252268 4 237
252641 2 1.5
252954 1 1.5
252954 4 313
253313 2 1.5
253621 1 1.5
253621 4 308
254007 2 1.5
254288 1 1.5
254288 4 281
254655 2 1.5
254956 1 1.5
254956 4 301
255254 2 1.5
254956 4 -298
255623 1 1.5
255905 2 1.5
255623 4 -282
256291 1 1.5
256536 2 1.5
256291 4 -245
256958 1 1.5
257174 2 1.5
256958 4 -216
257625 1 1.5
257813 2 1.5
257625 4 -188
258293 1 1.5
258523 2 1.5
258293 4 -230
258960 1 1.5
260176 2 1.5
261553 2 1.5
262971 2 1.5
264362 2 1.5
265687 2 1.5
267052 2 1.5
268391 2 1.5
269633 2 1.5
270635 2 1.5
271439 2 1.5
272095 2 1.5
277553 1 4
277804 1 4
277921 2 4
277804 4 -117
278055 1 4
278243 2 4
278306 1 4
278306 4 63
278523 2 4
278557 1 4
278557 4 34
278779 2 4
278808 1 4
278808 4 29
279049 2 4
279059 1 4
279059 4 10
279295 2 4
279311 1 4
279311 4 16
279559 2 4
279563 1 4
279563 4 4
279800 2 4
279814 1 4
279814 4 14
280033 2 4
280065 1 4
280065 4 32
280308 2 4
280316 1 4
280316 4 8
280537 2 4
280567 1 4
280567 4 30
280818 1 4
280819 2 4
280818 4 -1
281064 2 4
281070 1 4
281070 4 6
281309 2 4
281321 1 4
281321 4 12
281554 2 4
281573 1 4
281573 4 19
281797 2 4
281824 1 4
281824 4 27
282064 2 4
282076 1 4
282076 4 12
282295 2 4
282327 1 4
282327 4 32
282567 2 4
282578 1 4
282578 4 11
282810 2 4
282829 1 4
282829 4 19
283063 2 4
283081 1 4
283081 4 18
283308 2 4
283333 1 4
283333 4 25
283550 2 4
283584 1 4
283584 4 34
283790 2 4
283836 1 4
283836 4 46
284052 2 4
284087 1 4
284087 4 35
284299 2 4
284339 1 4
284339 4 40
284562 2 4
284591 1 4
284591 4 29
284830 2 4
284842 1 4
284842 4 12
285072 2 4
285093 1 4
285093 4 21
285331 2 4
285344 1 4
285344 4 13
285562 2 4
285595 1 4
285595 4 33
285811 2 4
285847 1 4
285847 4 36
286058 2 4
286584 2 4
287139 2 4
287636 2 4
288185 2 4
288707 2 4
289210 2 4
289714 2 4
290222 2 4
290736 2 4
362898 3 304
362898 5 30
364901 1 0.5
365349 2 0.5
364901 4 -448
366902 1 0.5
367061 2 0.5
366902 4 -159
368677 2 0.5
368904 1 0.5
368904 4 227
370760 2 0.5
370905 1 0.5
370905 4 145
372518 2 0.5
372906 1 0.5
372906 4 388
374519 2 0.5
374907 1 0.5
374907 4 388
376884 2 0.5
376909 1 0.5
376909 4 25
378524 2 0.5
378910 1 0.5
378910 4 386
380505 2 0.5
380911 1 0.5
380911 4 406
382644 2 0.5
382912 1 0.5
382912 4 268
384686 2 0.5
384913 1 0.5
384913 4 227
386707 2 0.5
386914 1 0.5
386914 4 207
388573 2 0.5
388915 1 0.5
388915 4 342
390701 2 0.5
390917 1 0.5
390917 4 216
392557 2 0.5
392918 1 0.5
392918 4 361
394671 2 0.5
394920 1 0.5
394920 4 249
396554 2 0.5
396922 1 0.5
396922 4 368
398436 2 0.5
398923 1 0.5
398923 4 487
400531 2 0.5
400925 1 0.5
400925 4 394
402574 2 0.5
402926 1 0.5
402926 4 352
404514 2 0.5
404928 1 0.5
404928 4 414
406539 2 0.5
406929 1 0.5
406929 4 390
408670 2 0.5
408930 1 0.5
408930 4 260
410609 2 0.5
410932 1 0.5
410932 4 323
412642 2 0.5
412933 1 0.5
412933 4 291
414426 2 0.5
414934 1 0.5
414934 4 508
416603 2 0.5
416935 1 0.5
416935 4 332
418534 2 0.5
418936 1 0.5
418936 4 402
420417 2 0.5
420938 1 0.5
420938 4 521
422676 2 0.5
422939 1 0.5
422939 4 263
424663 2 0.5
424940 1 0.5
424940 4 277
426532 2 0.5
426942 1 0.5
426942 4 410
428537 2 0.5
429532 2 0.5
430306 2 0.5
430882 2 0.5
431294 2 0.5
431649 2 0.5
431946 2 0.5
432228 2 0.5
432474 2 0.5
432728 2 0.5
432952 2 0.5
433190 2 0.5
433401 2 0.5
433601 2 0.5
433822 2 0.5
434001 2 0.5
434184 2 0.5
434364 2 0.5
434541 2 0.5
434724 2 0.5
434901 2 0.5
435075 2 0.5
435252 2 0.5
435424 2 0.5
435597 2 0.5
435769 2 0.5
435940 2 0.5
436109 2 0.5
436283 2 0.5
436456 2 0.5
436634 2 0.5
436804 2 0.5
436970 2 0.5
437140 2 0.5
437307 2 0.5
437468 2 0.5
437644 2 0.5
437805 2 0.5
437969 2 0.5
438135 2 0.5
438308 2 0.5
438476 2 0.5
438648 2 0.5
438821 2 0.5
438990 2 0.5
439261 2 0.5
439431 2 0.5
439588 2 0.5
439761 2 0.5
439932 2 0.5
440107 2 0.5
440273 2 0.5
440441 2 0.5
440607 2 0.5
440780 2 0.5
440960 2 0.5
441134 2 0.5
441297 2 0.5
441472 2 0.5
441639 2 0.5
441811 2 0.5
441987 2 0.5
442158 2 0.5
442327 2 0.5
442498 2 0.5
442668 2 0.5
442836 2 0.5
443009 2 0.5
443185 2 0.5
443353 2 0.5
443520 2 0.5
443685 2 0.5
443854 2 0.5
444017 2 0.5
444189 2 0.5
444359 2 0.5
444534 2 0.5
444701 2 0.5
444873 2 0.5
445040 2 0.5
445215 2 0.5
445382 2 0.5
445553 2 0.5
445727 2 0.5
445899 2 0.5
446061 2 0.5
446238 2 0.5
446403 2 0.5
446580 2 0.5
446746 2 0.5
446934 2 0.5
447110 2 0.5
447287 2 0.5
447466 2 0.5
447647 2 0.5
447828 2 0.5
448009 2 0.5
448190 2 0.5
448370 2 0.5
448557 2 0.5
448743 2 0.5
448926 2 0.5
449106 2 0.5
449285 2 0.5
449474 2 0.5
449658 2 0.5
449846 2 0.5
450033 2 0.5
450218 2 0.5
450406 2 0.5
450586 2 0.5
450780 2 0.5
450975 2 0.5
451153 2 0.5
451340 2 0.5
451539 2 0.5
451720 2 0.5
451908 2 0.5
452102 2 0.5
452285 2 0.5
452478 2 0.5
452673 2 0.5
452868 2 0.5
453066 2 0.5
453261 2 0.5
453451 2 0.5
453639 2 0.5
453834 2 0.5
454011 2 0.5
454202 2 0.5
454395 2 0.5
454581 2 0.5
454767 2 0.5
454959 2 0.5
455141 2 0.5
455322 2 0.5
455508 2 0.5
455689 2 0.5
455881 2 0.5
456084 2 0.5
456271 2 0.5
456464 2 0.5
456661 2 0.5
456864 2 0.5
457065 2 0.5
457266 2 0.5
457471 2 0.5
457669 2 0.5
457941 2 0.5
458256 2 0.5
458561 2 0.5
458867 2 0.5
459179 2 0.5
459490 2 0.5
459800 2 0.5
460113 2 0.5
460442 2 0.5
460831 2 0.5
461268 2 0.5
461691 2 0.5
462111 2 0.5
462557 2 0.5
462959 2 0.5
463381 2 0.5
463767 2 0.5
464171 2 0.5
464572 2 0.5
464934 2 0.5
465333 2 0.5
465656 2 0.5
465981 2 0.5
466299 2 0.5
466618 2 0.5
466936 2 0.5
472627 1 1.5
473294 1 1.5
473774 2 1.5
473961 1 1.5
473961 4 187
474413 2 1.5
474628 1 1.5
474628 4 215
475065 2 1.5
475296 1 1.5
475296 4 231
475710 2 1.5
475963 1 1.5
475963 4 253
476370 2 1.5
476630 1 1.5
476630 4 260
477003 2 1.5
477297 1 1.5
477297 4 294
477574 2 1.5
477297 4 -277
477965 1 1.5
478228 2 1.5
477965 4 -263
478633 1 1.5
478952 2 1.5
478633 4 -319
479300 1 1.5
479561 2 1.5
479300 4 -261
479967 1 1.5
480243 2 1.5
479967 4 -276
480635 1 1.5
480895 2 1.5
480635 4 -260
481303 1 1.5
481573 2 1.5
481303 4 -270
481970 1 1.5
482297 2 1.5
481970 4 -327
482637 1 1.5
482919 2 1.5
482637 4 -282
483304 1 1.5
483566 2 1.5
483304 4 -262
483971 1 1.5
484215 2 1.5
483971 4 -244
484639 1 1.5
484900 2 1.5
484639 4 -261
485306 1 1.5
485569 2 1.5
485306 4 -263
485973 1 1.5
486286 2 1.5
485973 4 -313
486640 1 1.5
487075 2 1.5
487307 1 1.5
487307 4 232
487778 2 1.5
487974 1 1.5
487974 4 196
488482 2 1.5
488642 1 1.5
488642 4 160
489116 2 1.5
489309 1 1.5
489309 4 193
489789 2 1.5
489977 1 1.5
489977 4 188
490424 2 1.5
490644 1 1.5
490644 4 220
491096 2 1.5
491311 1 1.5
491311 4 215
491744 2 1.5
491978 1 1.5
491978 4 234
492430 2 1.5
492646 1 1.5
492646 4 216
493206 2 1.5
493313 1 1.5
493313 4 107
493717 2 1.5
494074 2 1.5
494393 2 1.5
494677 2 1.5
494940 2 1.5
495184 2 1.5
495404 2 1.5
495623 2 1.5
495840 2 1.5
496036 2 1.5
496242 2 1.5
496451 2 1.5
496643 2 1.5
496834 2 1.5
497035 2 1.5
497245 2 1.5
497456 2 1.5
497665 2 1.5
497871 2 1.5
498076 2 1.5
498278 2 1.5
498470 2 1.5
498671 2 1.5
498872 2 1.5
499068 2 1.5
499281 2 1.5
499485 2 1.5
499697 2 1.5
499913 2 1.5
500119 2 1.5
500311 2 1.5
500520 2 1.5
500725 2 1.5
500953 2 1.5
501170 2 1.5
501389 2 1.5
501598 2 1.5
501807 2 1.5
502019 2 1.5
502217 2 1.5
502421 2 1.5
502642 2 1.5
502854 2 1.5
503063 2 1.5
503263 2 1.5
503477 2 1.5
503701 2 1.5
503901 2 1.5
504104 2 1.5
504324 2 1.5
504524 2 1.5
504730 2 1.5
504921 2 1.5
505122 2 1.5
505318 2 1.5
505516 2 1.5
505712 2 1.5
505906 2 1.5
506091 2 1.5
506288 2 1.5
506482 2 1.5
512157 1 2
512561 2 2
512658 1 2
512658 4 97
513039 2 2
513159 1 2
513159 4 120
513505 2 2
513660 1 2
513660 4 155
513996 2 2
514162 1 2
514162 4 166
514528 2 2
514664 1 2
514664 4 136
515012 2 2
515165 1 2
515165 4 153
515485 2 2
515666 1 2
515666 4 181
515988 2 2
516168 1 2
516168 4 180
516502 2 2
516670 1 2
516670 4 168
516979 2 2
517171 1 2
517171 4 192
517475 2 2
517672 1 2
517672 4 197
517962 2 2
518173 1 2
518173 4 211
518448 2 2
518674 1 2
518674 4 226
518987 2 2
519175 1 2
519175 4 188
519461 2 2
519677 1 2
519677 4 216
519988 2 2
520178 1 2
520178 4 190
520484 2 2
520679 1 2
520679 4 195
520977 2 2
521181 1 2
521181 4 204
521499 2 2
521683 1 2
521683 4 184
522017 2 2
522184 1 2
522184 4 167
522522 2 2
522686 1 2
522686 4 164
522995 2 2
523187 1 2
523187 4 192
523525 2 2
523688 1 2
523688 4 163
523998 2 2
524190 1 2
524190 4 192
524611 2 2
524988 2 2
525339 2 2
525650 2 2
525931 2 2
526179 2 2
526401 2 2
526639 2 2
526851 2 2
527056 2 2
527255 2 2
527464 2 2
527672 2 2
527888 2 2
528129 2 2
528370 2 2
528714 2 2
529179 2 2
529498 2 2
529758 2 2
530002 2 2
530216 2 2
530440 2 2
530668 2 2
530865 2 2
531075 2 2
531309 2 2
531541 2 2
531822 2 2
532074 2 2
532302 2 2
532516 2 2
532721 2 2
532930 2 2
533131 2 2
533330 2 2
533519 2 2
533713 2 2
533957 2 2
534187 2 2
539647 1 3
539870 2 3
539981 1 3
539981 4 111
540205 2 3
540316 1 3
540316 4 111
540547 2 3
540650 1 3
540650 4 103
540885 2 3
540984 1 3
540984 4 99
541236 2 3
541318 1 3
541318 4 82
541561 2 3
541653 1 3
541653 4 92
541899 2 3
541987 1 3
541987 4 88
542251 2 3
542321 1 3
542321 4 70
542575 2 3
542655 1 3
542655 4 80
542907 2 3
542989 1 3
542989 4 82
543259 2 3
543323 1 3
543323 4 64
543584 2 3
543658 1 3
543658 4 74
543902 2 3
543992 1 3
543992 4 90
544258 2 3
544327 1 3
544327 4 69
544573 2 3
544661 1 3
544661 4 88
544920 2 3
544995 1 3
544995 4 75
545225 2 3
545329 1 3
545329 4 104
545583 2 3
545663 1 3
545663 4 80
545902 2 3
545997 1 3
545997 4 95
546250 2 3
546332 1 3
546332 4 82
546598 2 3
546667 1 3
546667 4 69
546908 2 3
547001 1 3
547001 4 93
547227 2 3
547335 1 3
547335 4 108
547590 2 3
547669 1 3
547669 4 79
547914 2 3
548003 1 3
548003 4 89
548245 2 3
548551 2 3
548876 2 3
549148 2 3
549401 2 3
549629 2 3
549844 2 3
550070 2 3
550276 2 3
550511 2 3
550716 2 3
550939 2 3
551195 2 3
551529 2 3
551881 2 3
552172 2 3
552437 2 3
552699 2 3
552923 2 3
553147 2 3
553339 2 3
553547 2 3
553753 2 3
553991 2 3
554203 2 3
554479 2 3
560687 1 1
561688 1 1
562485 2 1
562690 1 1
562690 4 205
563497 2 1
563691 1 1
563691 4 194
564446 2 1
564692 1 1
564692 4 246
565477 2 1
565694 1 1
565694 4 217
566462 2 1
566695 1 1
566695 4 233
567405 2 1
567696 1 1
567696 4 291
568435 2 1
568697 1 1
568697 4 262
569468 2 1
569699 1 1
569699 4 231
570528 2 1
570700 1 1
570700 4 172
571470 2 1
571701 1 1
571701 4 231
572466 2 1
572702 1 1
572702 4 236
573456 2 1
573703 1 1
573703 4 247
574463 2 1
574705 1 1
574705 4 242
575390 2 1
575707 1 1
575707 4 317
576569 2 1
576709 1 1
576709 4 140
577547 2 1
577710 1 1
577710 4 163
578551 2 1
578712 1 1
578712 4 161
579485 2 1
579713 1 1
579713 4 228
580526 2 1
580714 1 1
580714 4 188
581578 2 1
581715 1 1
581715 4 137
582596 2 1
582716 1 1
582716 4 120
583537 2 1
583717 1 1
583717 4 180
584550 2 1
584719 1 1
584719 4 169
585502 2 1
585721 1 1
585721 4 219
586499 2 1
586722 1 1
586722 4 223
587516 2 1
587723 1 1
587723 4 207
588511 2 1
588724 1 1
588724 4 213
589668 2 1
589725 1 1
589725 4 57
590615 2 1
590727 1 1
590727 4 112
591482 2 1
592030 2 1
592530 2 1
592964 2 1
593349 2 1
593691 2 1
594021 2 1
594327 2 1
594595 2 1
594847 2 1
595074 2 1
595288 2 1
595514 2 1
595738 2 1
595958 2 1
596191 2 1
596419 2 1
596638 2 1
596859 2 1
597086 2 1
597327 2 1
597548 2 1
597779 2 1
598000 2 1
598213 2 1
598439 2 1
598680 2 1
598906 2 1
599100 2 1
599442 2 1
599665 2 1
599880 2 1
600111 2 1
600338 2 1
600549 2 1
600787 2 1
600995 2 1
601211 2 1
601413 2 1
601620 2 1
601828 2 1
602044 2 1
602251 2 1
602477 2 1
602676 2 1
602878 2 1
603085 2 1
603303 2 1
603493 2 1
603688 2 1
603878 2 1
604065 2 1
604245 2 1
604426 2 1
604613 2 1
604786 2 1
604970 2 1
605148 2 1
605326 2 1
605495 2 1
605671 2 1
605848 2 1
606012 2 1
606196 2 1
606373 2 1
606561 2 1
606741 2 1
606916 2 1
607082 2 1
607259 2 1
607442 2 1
607618 2 1
607795 2 1
607978 2 1
608161 2 1
608347 2 1
608524 2 1
608701 2 1
608873 2 1
609050 2 1
609234 2 1
609405 2 1
609586 2 1
609762 2 1
609937 2 1
610115 2 1
610288 2 1
610480 2 1
610663 2 1
610849 2 1
616060 1 5
616261 1 5
616398 2 5
616463 1 5
616463 4 65
616664 1 5
616685 2 5
616664 4 -21
616865 1 5
616895 2 5
616865 4 -30
617066 1 5
617076 2 5
617066 4 -10
617266 2 5
617267 1 5
617267 4 1
617454 2 5
617468 1 5
617468 4 14
617627 2 5
617669 1 5
617669 4 42
617819 2 5
617870 1 5
617870 4 51
618021 2 5
618072 1 5
618072 4 51
618228 2 5
618273 1 5
618273 4 45
618456 2 5
618474 1 5
618474 4 18
618666 2 5
618675 1 5
618675 4 9
618859 2 5
618876 1 5
618876 4 17
619054 2 5
619077 1 5
619077 4 23
619252 2 5
619278 1 5
619278 4 26
619452 2 5
619479 1 5
619479 4 27
619652 2 5
619680 1 5
619680 4 28
619853 2 5
619881 1 5
619881 4 28
620038 2 5
620082 1 5
620082 4 44
620230 2 5
620284 1 5
620284 4 54
620431 2 5
620485 1 5
620485 4 54
620631 2 5
620686 1 5
620686 4 55
620822 2 5
620887 1 5
620887 4 65
621024 2 5
621089 1 5
621089 4 65
621223 2 5
621291 1 5
621291 4 68
621414 2 5
621493 1 5
621493 4 79
621610 2 5
621694 1 5
621694 4 84
621967 2 5
622367 2 5
622742 2 5
623067 2 5
623381 2 5
623674 2 5
623949 2 5
624216 2 5
624470 2 5
624697 2 5
624929 2 5
625148 2 5
625350 2 5
625566 2 5
630968 1 4
631219 1 4
631262 2 4
631219 4 -43
631470 1 4
631504 2 4
631470 4 -34
631714 2 4
631721 1 4
631721 4 7
631937 2 4
631972 1 4
631972 4 35
632162 2 4
632224 1 4
632224 4 62
632428 2 4
632475 1 4
632475 4 47
632684 2 4
632726 1 4
632726 4 42
632946 2 4
632977 1 4
632977 4 31
633194 2 4
633229 1 4
633229 4 35
633421 2 4
633480 1 4
633480 4 59
633657 2 4
633731 1 4
633731 4 74
633923 2 4
633982 1 4
633982 4 59
634178 2 4
634233 1 4
634233 4 55
634409 2 4
634484 1 4
634484 4 75
634667 2 4
634735 1 4
634735 4 68
634939 2 4
634987 1 4
634987 4 48
635173 2 4
635238 1 4
635238 4 65
635398 2 4
635489 1 4
635489 4 91
635647 2 4
635740 1 4
635740 4 93
635873 2 4
635991 1 4
635991 4 118
636130 2 4
636242 1 4
636242 4 112
636331 2 4
636242 4 -89
636493 1 4
636530 2 4
636493 4 -37
636736 2 4
636744 1 4
636744 4 8
636953 2 4
636995 1 4
636995 4 42
637189 2 4
637246 1 4
637246 4 57
637413 2 4
637497 1 4
637497 4 84
637651 2 4
637748 1 4
637748 4 97
637844 2 4
637748 4 -96
637999 1 4
638050 2 4
637999 4 -51
638250 1 4
638261 2 4
638250 4 -11
638473 2 4
638501 1 4
638501 4 28
638721 2 4
638947 2 4
639167 2 4
639396 2 4
639588 2 4
639778 2 4
639966 2 4
640141 2 4
640322 2 4
640499 2 4
640673 2 4
640847 2 4
641034 2 4
641209 2 4
641374 2 4
641548 2 4
641700 2 4
641875 2 4
642039 2 4
642184 2 4
642359 2 4
642528 2 4
642702 2 4
642853 2 4
643038 2 4
643167 2 4
643331 2 4
643497 2 4
687639 3 937
687638 5 90
688140 1 2
688537 2 2
688641 1 2
688641 4 104
689041 2 2
689143 1 2
689143 4 102
689603 2 2
689644 1 2
689644 4 41
690059 2 2
690145 1 2
690145 4 86
690541 2 2
690647 1 2
690647 4 106
691061 2 2
691149 1 2
691149 4 88
691562 2 2
691650 1 2
691650 4 88
692017 2 2
692151 1 2
692151 4 134
692562 2 2
692652 1 2
692652 4 90
693074 2 2
693154 1 2
693154 4 80
693567 2 2
693655 1 2
693655 4 88
694083 2 2
694157 1 2
694157 4 74
694546 2 2
694658 1 2
694658 4 112
695056 2 2
695159 1 2
695159 4 103
695536 2 2
695660 1 2
695660 4 124
696057 2 2
696161 1 2
696161 4 104
696602 2 2
696662 1 2
696662 4 60
697078 2 2
697163 1 2
697163 4 85
697585 2 2
697664 1 2
697664 4 79
698052 2 2
698165 1 2
698165 4 113
698560 2 2
698666 1 2
698666 4 106
699051 2 2
699167 1 2
699167 4 116
699609 2 2
699669 1 2
699669 4 60
700071 2 2
700170 1 2
700170 4 99
700582 2 2
700672 1 2
700672 4 90
701096 2 2
701173 1 2
701173 4 77
701650 2 2
701674 1 2
701674 4 24
702139 2 2
702175 1 2
702175 4 36
702587 2 2
703068 2 2
703572 2 2
704024 2 2
704506 2 2
704961 2 2
705395 2 2
705806 2 2
706194 2 2
706572 2 2
706940 2 2
707304 2 2
707718 2 2
708070 2 2
708447 2 2
708804 2 2
709177 2 2
709537 2 2
709908 2 2
710314 2 2
710688 2 2
711068 2 2
711463 2 2
711855 2 2
719198 1 0.5
719542 2 0.5
719198 4 -344
720872 2 0.5
721199 1 0.5
721199 4 327
722866 2 0.5
723200 1 0.5
723200 4 334
724959 2 0.5
725201 1 0.5
725201 4 242
726895 2 0.5
727203 1 0.5
727203 4 308
728758 2 0.5
729205 1 0.5
729205 4 447
730935 2 0.5
731206 1 0.5
731206 4 271
732804 2 0.5
733208 1 0.5
733208 4 404
734838 2 0.5
735210 1 0.5
735210 4 372
736740 2 0.5
737211 1 0.5
737211 4 471
738976 2 0.5
739054 2 0.5
739212 1 0.5
739212 4 158
741035 2 0.5
741214 1 0.5
741214 4 179
742799 2 0.5
743215 1 0.5
743215 4 416
744970 2 0.5
745216 1 0.5
745216 4 246
747021 2 0.5
747217 1 0.5
747217 4 196
748920 2 0.5
749219 1 0.5
749219 4 299
750938 2 0.5
751220 1 0.5
751220 4 282
753048 2 0.5
753222 1 0.5
753222 4 174
755016 2 0.5
755224 1 0.5
755224 4 208
756814 2 0.5
757225 1 0.5
757225 4 411
758948 2 0.5
759227 1 0.5
759227 4 279
760955 2 0.5
761229 1 0.5
761229 4 274
763230 1 0.5
763269 2 0.5
763230 4 -39
764983 2 0.5
765231 1 0.5
765231 4 248
766800 2 0.5
767233 1 0.5
767233 4 433
768852 2 0.5
769234 1 0.5
769234 4 382
770975 2 0.5
771236 1 0.5
771236 4 261
772881 2 0.5
773237 1 0.5
773237 4 356
774847 2 0.5
775239 1 0.5
775239 4 392
776906 2 0.5
777240 1 0.5
777240 4 334
778946 2 0.5
779981 2 0.5
780855 2 0.5
781616 2 0.5
782288 2 0.5
782874 2 0.5
783467 2 0.5
784024 2 0.5
784540 2 0.5
784997 2 0.5
785410 2 0.5
785783 2 0.5
786195 2 0.5
786570 2 0.5
786931 2 0.5
787287 2 0.5
787620 2 0.5
787935 2 0.5
788244 2 0.5
788508 2 0.5
788745 2 0.5
788967 2 0.5
789148 2 0.5
789308 2 0.5
789493 2 0.5
789667 2 0.5
789835 2 0.5
790004 2 0.5
790180 2 0.5
790347 2 0.5
790513 2 0.5
790678 2 0.5
790843 2 0.5
791002 2 0.5
791172 2 0.5
791337 2 0.5
791503 2 0.5
791669 2 0.5
791815 2 0.5
792001 2 0.5
792158 2 0.5
792332 2 0.5
792498 2 0.5
792658 2 0.5
792816 2 0.5
792984 2 0.5
793149 2 0.5
793321 2 0.5
793487 2 0.5
793654 2 0.5
793811 2 0.5
793987 2 0.5
794155 2 0.5
794310 2 0.5
794482 2 0.5
794654 2 0.5
794823 2 0.5
794991 2 0.5
795159 2 0.5
795328 2 0.5
795500 2 0.5
795671 2 0.5
795845 2 0.5
796021 2 0.5
796186 2 0.5
796348 2 0.5
796530 2 0.5
796705 2 0.5
796869 2 0.5
797051 2 0.5
797228 2 0.5
797394 2 0.5
797554 2 0.5
797720 2 0.5
797888 2 0.5
798058 2 0.5
798225 2 0.5
798397 2 0.5
798574 2 0.5
798783 2 0.5
798959 2 0.5
799136 2 0.5
799311 2 0.5
799493 2 0.5
799669 2 0.5
799853 2 0.5
800029 2 0.5
800211 2 0.5
800400 2 0.5
800555 2 0.5
800739 2 0.5
800921 2 0.5
801100 2 0.5
801275 2 0.5
801453 2 0.5
801627 2 0.5
801788 2 0.5
801967 2 0.5
802141 2 0.5
802316 2 0.5
802497 2 0.5
802693 2 0.5
802875 2 0.5
803044 2 0.5
803237 2 0.5
803428 2 0.5
803615 2 0.5
803833 2 0.5
804004 2 0.5
804293 2 0.5
804470 2 0.5
804633 2 0.5
804800 2 0.5
804972 2 0.5
805161 2 0.5
805346 2 0.5
805529 2 0.5
805711 2 0.5
805885 2 0.5
806069 2 0.5
806259 2 0.5
806448 2 0.5
806638 2 0.5
806825 2 0.5
807024 2 0.5
807208 2 0.5
807407 2 0.5
807612 2 0.5
807790 2 0.5
807967 2 0.5
808146 2 0.5
808329 2 0.5
808510 2 0.5
808692 2 0.5
808877 2 0.5
809066 2 0.5
809255 2 0.5
809435 2 0.5
809624 2 0.5
809800 2 0.5
809977 2 0.5
810172 2 0.5
810360 2 0.5
810549 2 0.5
810733 2 0.5
810905 2 0.5
811085 2 0.5
811252 2 0.5
811436 2 0.5
811616 2 0.5
811791 2 0.5
811977 2 0.5
812136 2 0.5
812312 2 0.5
812484 2 0.5
812654 2 0.5
812840 2 0.5
813036 2 0.5
813207 2 0.5
813394 2 0.5
813584 2 0.5
813768 2 0.5
813960 2 0.5
814150 2 0.5
814332 2 0.5
814513 2 0.5
814686 2 0.5
814867 2 0.5
815043 2 0.5
815227 2 0.5
815406 2 0.5
815587 2 0.5
815760 2 0.5
815945 2 0.5
816131 2 0.5
816317 2 0.5
816494 2 0.5
816670 2 0.5
816858 2 0.5
817051 2 0.5
817229 2 0.5
822519 1 4
822770 1 4
822883 2 4
822770 4 -113
823022 1 4
823201 2 4
823273 1 4
823273 4 72
823456 2 4
823525 1 4
823525 4 69
823710 2 4
823776 1 4
823776 4 66
823957 2 4
824027 1 4
824027 4 70
824218 2 4
824279 1 4
824279 4 61
824465 2 4
824531 1 4
824531 4 66
824712 2 4
824783 1 4
824783 4 71
824955 2 4
825035 1 4
825035 4 80
825197 2 4
825286 1 4
825286 4 89
825447 2 4
825538 1 4
825538 4 91
825698 2 4
825861 1 4
826024 2 4
826112 1 4
826112 4 88
826232 2 4
826112 4 -120
826363 1 4
826450 2 4
826363 4 -87
826614 1 4
826635 2 4
826614 4 -21
826835 2 4
826866 1 4
826866 4 31
827038 2 4
827117 1 4
827117 4 79
827224 2 4
827117 4 -107
827368 1 4
827428 2 4
827368 4 -60
827619 1 4
827636 2 4
827619 4 -17
827850 2 4
827871 1 4
827871 4 21
828076 2 4
828122 1 4
828122 4 46
828322 2 4
828374 1 4
828374 4 52
828561 2 4
828626 1 4
828626 4 65
828809 2 4
828878 1 4
828878 4 69
829034 2 4
829130 1 4
829130 4 96
829240 2 4
829130 4 -110
829382 1 4
829631 2 4
830031 2 4
830427 2 4
830782 2 4
831107 2 4
831451 2 4
831783 2 4
832092 2 4
832392 2 4
832691 2 4
832983 2 4
833269 2 4
833520 2 4
833850 2 4
834101 2 4
834322 2 4
839738 1 3
839989 2 3
840073 1 3
840073 4 84
840302 2 3
840408 1 3
840408 4 106
840630 2 3
840743 1 3
840743 4 113
840924 2 3
841077 1 3
841077 4 153
841252 2 3
841411 1 3
841411 4 159
841619 2 3
841745 1 3
841745 4 126
841946 2 3
842079 1 3
842079 4 133
842276 2 3
842414 1 3
842414 4 138
842597 2 3
842749 1 3
842749 4 152
842944 2 3
843083 1 3
843083 4 139
843272 2 3
843417 1 3
843417 4 145
843637 2 3
843752 1 3
843752 4 115
843951 2 3
844086 1 3
844086 4 135
844247 2 3
844086 4 -161
844420 1 3
844592 2 3
844754 1 3
844754 4 162
844917 2 3
844754 4 -163
845089 1 3
845259 2 3
845423 1 3
845423 4 164
845530 2 3
845423 4 -107
845757 1 3
845849 2 3
845757 4 -92
846091 1 3
846094 2 3
846091 4 -3
846367 2 3
846426 1 3
846426 4 59
846671 2 3
846761 1 3
846761 4 90
846997 2 3
847095 1 3
847095 4 98
847294 2 3
847430 1 3
847430 4 136
847634 2 3
847764 1 3
847764 4 130
847974 2 3
848099 1 3
848099 4 125
848316 2 3
848433 1 3
848433 4 117
848627 2 3
848767 1 3
848767 4 140
848961 2 3
849101 1 3
849101 4 140
849266 2 3
849101 4 -165
849435 1 3
849612 2 3
849918 2 3
850186 2 3
850401 2 3
850597 2 3
850786 2 3
850968 2 3
851145 2 3
851305 2 3
851465 2 3
851637 2 3
851797 2 3
851967 2 3
852140 2 3
852295 2 3
852449 2 3
852608 2 3
852772 2 3
852922 2 3
853090 2 3
853260 2 3
853435 2 3
853608 2 3
853789 2 3
853949 2 3
854130 2 3
854296 2 3
854442 2 3
854620 2 3
854788 2 3
854950 2 3
855116 2 3
855233 2 3
855411 2 3
855590 2 3
855764 2 3
855930 2 3
856097 2 3
861784 1 1.5
862195 2 1.5
862452 1 1.5
862452 4 257
862834 2 1.5
863119 1 1.5
863119 4 285
863547 2 1.5
863786 1 1.5
863786 4 239
864213 2 1.5
864453 1 1.5
864453 4 240
864761 2 1.5
864453 4 -308
865121 1 1.5
865507 2 1.5
865789 1 1.5
865789 4 282
866217 2 1.5
866456 1 1.5
866456 4 239
866883 2 1.5
867124 1 1.5
867124 4 241
867519 2 1.5
867791 1 1.5
867791 4 272
868137 2 1.5
868458 1 1.5
868458 4 321
868807 2 1.5
869125 1 1.5
869125 4 318
869477 2 1.5
869792 1 1.5
869792 4 315
870075 2 1.5
869792 4 -283
870460 1 1.5
870749 2 1.5
870460 4 -289
871127 1 1.5
871412 2 1.5
871127 4 -285
871794 1 1.5
872073 2 1.5
871794 4 -279
872461 1 1.5
872724 2 1.5
872461 4 -263
873129 1 1.5
873343 2 1.5
873129 4 -214
873796 1 1.5
873972 2 1.5
873796 4 -176
874464 1 1.5
874630 2 1.5
874464 4 -166
875132 1 1.5
875269 2 1.5
875132 4 -137
875800 1 1.5
875955 2 1.5
875800 4 -155
876468 1 1.5
876569 2 1.5
876468 4 -101
877136 1 1.5
877248 2 1.5
877136 4 -112
877803 1 1.5
886452 1 5
886654 1 5
886811 2 5
886855 1 5
886855 4 44
886987 2 5
887056 1 5
887056 4 69
887168 2 5
887313 1 5
887451 2 5
887515 1 5
887515 4 64
887631 2 5
887716 1 5
887716 4 85
887812 2 5
887716 4 -96
887918 1 5
887998 2 5
887918 4 -80
888119 1 5
888184 2 5
888119 4 -65
888320 1 5
888362 2 5
888320 4 -42
888521 1 5
888563 2 5
888521 4 -42
888722 1 5
888727 2 5
888722 4 -5
888909 2 5
888923 1 5
888923 4 14
889116 2 5
889124 1 5
889124 4 8
889325 1 5
889337 2 5
889325 4 -12
889526 1 5
889528 2 5
889526 4 -2
889712 2 5
889727 1 5
889727 4 15
889901 2 5
889928 1 5
889928 4 27
890096 2 5
890129 1 5
890129 4 33
890286 2 5
890330 1 5
890330 4 44
890489 2 5
890531 1 5
890531 4 42
890705 2 5
890732 1 5
890732 4 27
890916 2 5
890933 1 5
890933 4 17
891108 2 5
891135 1 5
891135 4 27
891287 2 5
891336 1 5
891336 4 49
891517 2 5
891538 1 5
891538 4 21
891718 2 5
891926 2 5
892149 2 5
892375 2 5
892581 2 5
892780 2 5
892975 2 5
893164 2 5
893341 2 5
893531 2 5
893717 2 5
893898 2 5
894080 2 5
894253 2 5
894427 2 5
894605 2 5
894782 2 5
894948 2 5
895132 2 5
895312 2 5
895496 2 5
901561 1 1
901769 2 1
901561 4 -208
902562 1 1
902718 2 1
902562 4 -156
903419 2 1
903563 1 1
903563 4 144
904341 2 1
904565 1 1
904565 4 224
905312 2 1
905566 1 1
905566 4 254
906301 2 1
906567 1 1
906567 4 266
907244 2 1
907657 1 1
907657 4 413
908371 2 1
908658 1 1
908658 4 287
909444 2 1
909660 1 1
909660 4 216
910407 2 1
910661 1 1
910661 4 254
911417 2 1
911662 1 1
911662 4 245
912382 2 1
912664 1 1
912664 4 282
913388 2 1
913666 1 1
913666 4 278
914301 2 1
914667 1 1
914667 4 366
915359 2 1
915668 1 1
915668 4 309
916347 2 1
916669 1 1
916669 4 322
917319 2 1
917670 1 1
917670 4 351
918311 2 1
918672 1 1
918672 4 361
919325 2 1
919673 1 1
919673 4 348
920345 2 1
920674 1 1
920674 4 329
921329 2 1
921675 1 1
921675 4 346
922325 2 1
922677 1 1
922677 4 352
923275 2 1
923679 1 1
923679 4 404
924277 2 1
924681 1 1
924681 4 404
925194 2 1
925683 1 1
925683 4 489
926193 2 1
926685 1 1
926685 4 492
927219 2 1
927686 1 1
927686 4 467
928144 2 1
927686 4 -458
928687 1 1
929206 2 1
929689 1 1
929689 4 483
930334 2 1
930876 2 1
931353 2 1
931806 2 1
932195 2 1
932558 2 1
932917 2 1
933258 2 1
933580 2 1
933888 2 1
934193 2 1
934468 2 1
934767 2 1
935028 2 1
935289 2 1
935539 2 1
935764 2 1
935963 2 1
936155 2 1
936342 2 1
936518 2 1
936690 2 1
936865 2 1
937024 2 1
937192 2 1
937340 2 1
937505 2 1
937654 2 1
937803 2 1
937955 2 1
938083 2 1
938233 2 1
938399 2 1
938570 2 1
938731 2 1
938894 2 1
939063 2 1
939226 2 1
939377 2 1
939525 2 1
939680 2 1
939822 2 1
939969 2 1
940108 2 1
940270 2 1
940519 2 1
940701 2 1
940916 2 1
941255 2 1
941602 2 1
941862 2 1
942155 2 1
942430 2 1
942754 2 1
943111 2 1
943428 2 1
943715 2 1
944004 2 1
944311 2 1
944596 2 1
944890 2 1
945207 2 1
945503 2 1
945807 2 1
946145 2 1
946497 2 1
946820 2 1
947156 2 1
947435 2 1
947732 2 1
947975 2 1
948220 2 1
948434 2 1
948613 2 1
948801 2 1
948974 2 1
949133 2 1
949296 2 1
949471 2 1
949639 2 1
1012632 3 1493
1012631 5 60
1012834 1 5
1013035 1 5
1013236 1 5
1013245 2 5
1013236 4 -9
1013416 2 5
1013438 1 5
1013438 4 22
1013598 2 5
1013639 1 5
1013639 4 41
1013799 2 5
1013841 1 5
1013841 4 42
1014008 2 5
1014042 1 5
1014042 4 34
1014197 2 5
1014243 1 5
1014243 4 46
1014374 2 5
1014444 1 5
1014444 4 70
1014598 2 5
1014645 1 5
1014645 4 47
1014834 2 5
1014846 1 5
1014846 4 12
1015022 2 5
1015048 1 5
1015048 4 26
1015202 2 5
1015250 1 5
1015250 4 48
1015409 2 5
1015451 1 5
1015451 4 42
1015625 2 5
1015652 1 5
1015652 4 27
1015837 2 5
1015853 1 5
1015853 4 16
1016038 2 5
1016054 1 5
1016054 4 16
1016241 2 5
1016255 1 5
1016255 4 14
1016443 2 5
1016457 1 5
1016457 4 14
1016637 2 5
1016658 1 5
1016658 4 21
1016840 2 5
1016859 1 5
1016859 4 19
1017036 2 5
1017061 1 5
1017061 4 25
1017230 2 5
1017262 1 5
1017262 4 32
1017428 2 5
1017463 1 5
1017463 4 35
1017649 2 5
1017665 1 5
1017665 4 16
1017850 2 5
1017866 1 5
1017866 4 16
1018050 2 5
1018254 2 5
1018499 2 5
1018710 2 5
1018896 2 5
1019065 2 5
1019238 2 5
1019412 2 5
1019577 2 5
1019735 2 5
1019921 2 5
1020049 2 5
1020173 2 5
1020348 2 5
1020511 2 5
1020661 2 5
1020805 2 5
1020959 2 5
1021117 2 5
1021269 2 5
1021426 2 5
1021587 2 5
1021759 2 5
1027224 1 3
1027457 2 3
1027558 1 3
1027558 4 101
1027810 2 3
1027892 1 3
1027892 4 82
1028152 2 3
1028227 1 3
1028227 4 75
1028501 2 3
1028561 1 3
1028561 4 60
1028895 1 3
1028950 2 3
1028895 4 -55
1029229 1 3
1029266 2 3
1029229 4 -37
1029506 2 3
1029563 1 3
1029563 4 57
1029776 2 3
1029897 1 3
1029897 4 121
1030051 2 3
1029897 4 -154
1030231 1 3
1030259 2 3
1030231 4 -28
1030480 2 3
1030565 1 3
1030565 4 85
1030699 2 3
1030565 4 -134
1030900 1 3
1030932 2 3
1030900 4 -32
1031185 2 3
1031234 1 3
1031234 4 49
1031491 2 3
1031568 1 3
1031568 4 77
1031778 2 3
1031903 1 3
1031903 4 125
1032106 2 3
1032237 1 3
1032237 4 131
1032458 2 3
1032572 1 3
1032572 4 114
1032835 2 3
1032906 1 3
1032906 4 71
1033145 2 3
1033240 1 3
1033240 4 95
1033476 2 3
1033575 1 3
1033575 4 99
1033836 2 3
1033909 1 3
1033909 4 73
1034143 2 3
1034243 1 3
1034243 4 100
1034479 2 3
1034578 1 3
1034578 4 99
1034831 2 3
1034913 1 3
1034913 4 82
1035198 2 3
1035247 1 3
1035247 4 49
1035521 2 3
1035581 1 3
1035581 4 60
1035813 2 3
1036185 2 3
1036513 2 3
1036857 2 3
1037174 2 3
1037475 2 3
1037805 2 3
1038112 2 3
1038444 2 3
1038728 2 3
1039016 2 3
1039299 2 3
1039567 2 3
1039815 2 3
1040064 2 3
1040297 2 3
1040517 2 3
1040708 2 3
1040889 2 3
1041065 2 3
1041226 2 3
1041390 2 3
1041558 2 3
1041717 2 3
1041882 2 3
1042044 2 3
1042205 2 3
1049264 1 0.5
1049475 2 0.5
1049264 4 -211
1051054 2 0.5
1051266 1 0.5
1051266 4 212
1053047 2 0.5
1053267 1 0.5
1053267 4 220
1055015 2 0.5
1055268 1 0.5
1055268 4 253
1056968 2 0.5
1057269 1 0.5
1057269 4 301
1059022 2 0.5
1059270 1 0.5
1059270 4 248
1060986 2 0.5
1061271 1 0.5
1061271 4 285
1063039 2 0.5
1063272 1 0.5
1063272 4 233
1064855 2 0.5
1065273 1 0.5
1065273 4 418
1067016 2 0.5
1067274 1 0.5
1067274 4 258
1068996 2 0.5
1069275 1 0.5
1069275 4 279
1070960 2 0.5
1071276 1 0.5
1071276 4 316
1072979 2 0.5
1073278 1 0.5
1073278 4 299
1074937 2 0.5
1075279 1 0.5
1075279 4 342
1076872 2 0.5
1077280 1 0.5
1077280 4 408
1078841 2 0.5
1079281 1 0.5
1079281 4 440
1080848 2 0.5
1081282 1 0.5
1081282 4 434
1083037 2 0.5
1083284 1 0.5
1083284 4 247
1084940 2 0.5
1085285 1 0.5
1085285 4 345
1086950 2 0.5
1087286 1 0.5
1087286 4 336
1088824 2 0.5
1089287 1 0.5
1089287 4 463
1091028 2 0.5
1091288 1 0.5
1091288 4 260
1092946 2 0.5
1093289 1 0.5
1093289 4 343
1094920 2 0.5
1095291 1 0.5
1095291 4 371
1097064 2 0.5
1097292 1 0.5
1097292 4 228
1098918 2 0.5
1099293 1 0.5
1099293 4 375
1100862 2 0.5
1101294 1 0.5
1101294 4 432
1102915 2 0.5
1103295 1 0.5
1103295 4 380
1104963 2 0.5
1105296 1 0.5
1105296 4 333
1107021 2 0.5
1107298 1 0.5
1107298 4 277
1109050 2 0.5
1110359 2 0.5
1111388 2 0.5
1112197 2 0.5
1112856 2 0.5
1113404 2 0.5
1113919 2 0.5
1114374 2 0.5
1114812 2 0.5
1115214 2 0.5
1115575 2 0.5
1115921 2 0.5
1116235 2 0.5
1116533 2 0.5
1116804 2 0.5
1117062 2 0.5
1117304 2 0.5
1117529 2 0.5
1117720 2 0.5
1117901 2 0.5
1118072 2 0.5
1118236 2 0.5
1118389 2 0.5
1118557 2 0.5
1118722 2 0.5
1118887 2 0.5
1119056 2 0.5
1119220 2 0.5
1119380 2 0.5
1119539 2 0.5
1119699 2 0.5
1119858 2 0.5
1120020 2 0.5
1120181 2 0.5
1120341 2 0.5
1120496 2 0.5
1120656 2 0.5
1120810 2 0.5
1120973 2 0.5
1121139 2 0.5
1121306 2 0.5
1121466 2 0.5
1121623 2 0.5
1121786 2 0.5
1121953 2 0.5
1122115 2 0.5
1122286 2 0.5
1122451 2 0.5
1122612 2 0.5
1122783 2 0.5
1122943 2 0.5
1123099 2 0.5
1123257 2 0.5
1123424 2 0.5
1123590 2 0.5
1123760 2 0.5
1123920 2 0.5
1124094 2 0.5
1124261 2 0.5
1124428 2 0.5
1124603 2 0.5
1124776 2 0.5
1124943 2 0.5
1125116 2 0.5
1125289 2 0.5
1125473 2 0.5
1125650 2 0.5
1125818 2 0.5
1125982 2 0.5
1126155 2 0.5
1126333 2 0.5
1126523 2 0.5
1126705 2 0.5
1126982 2 0.5
1127148 2 0.5
1127333 2 0.5
1127497 2 0.5
1127654 2 0.5
1127823 2 0.5
1128003 2 0.5
1128178 2 0.5
1128349 2 0.5
1128524 2 0.5
1128704 2 0.5
1128874 2 0.5
1129050 2 0.5
1129216 2 0.5
1129381 2 0.5
1129560 2 0.5
1129697 2 0.5
1129855 2 0.5
1130009 2 0.5
1130183 2 0.5
1130358 2 0.5
1130530 2 0.5
1130708 2 0.5
1130874 2 0.5
1131046 2 0.5
1131230 2 0.5
1131400 2 0.5
1131560 2 0.5
1131723 2 0.5
1131899 2 0.5
1132063 2 0.5
1132234 2 0.5
1132419 2 0.5
1132592 2 0.5
1132768 2 0.5
1132938 2 0.5
1133106 2 0.5
1133270 2 0.5
1133444 2 0.5
1133611 2 0.5
1133791 2 0.5
1133975 2 0.5
1134152 2 0.5
1134339 2 0.5
1134516 2 0.5
1134698 2 0.5
1134890 2 0.5
1135090 2 0.5
1135279 2 0.5
1135460 2 0.5
1135659 2 0.5
1135842 2 0.5
1136023 2 0.5
1136212 2 0.5
1136391 2 0.5
1136576 2 0.5
1136768 2 0.5
1136953 2 0.5
1137146 2 0.5
1137333 2 0.5
1137525 2 0.5
1137713 2 0.5
1137903 2 0.5
1138089 2 0.5
1138285 2 0.5
1138468 2 0.5
1138661 2 0.5
1138848 2 0.5
1139031 2 0.5
1139214 2 0.5
1139398 2 0.5
1139568 2 0.5
1139758 2 0.5
1139936 2 0.5
1140131 2 0.5
1140312 2 0.5
1140509 2 0.5
1140705 2 0.5
1140895 2 0.5
1141089 2 0.5
1141281 2 0.5
1141469 2 0.5
1141656 2 0.5
1141849 2 0.5
1142036 2 0.5
1142213 2 0.5
1142385 2 0.5
1142569 2 0.5
1142754 2 0.5
1142936 2 0.5
1143119 2 0.5
1143309 2 0.5
1143489 2 0.5
1143669 2 0.5
1143848 2 0.5
1144029 2 0.5
1144213 2 0.5
1144400 2 0.5
1144584 2 0.5
1144770 2 0.5
1144954 2 0.5
1145150 2 0.5
1145313 2 0.5
1145508 2 0.5
1145685 2 0.5
1145869 2 0.5
1146042 2 0.5
1146223 2 0.5
1146404 2 0.5
1146570 2 0.5
1146767 2 0.5
1146949 2 0.5
1147134 2 0.5
1152822 1 2
1153167 2 2
1153323 1 2
1153323 4 156
1153682 2 2
1153824 1 2
1153824 4 142
1154158 2 2
1154325 1 2
1154325 4 167
1154711 2 2
1154827 1 2
1154827 4 116
1155200 2 2
1155328 1 2
1155328 4 128
1155692 2 2
1155829 1 2
1155829 4 137
1156139 2 2
1156331 1 2
1156331 4 192
1156638 2 2
1156832 1 2
1156832 4 194
1157147 2 2
1157334 1 2
1157334 4 187
1157649 2 2
1157836 1 2
1157836 4 187
1158131 2 2
1158337 1 2
1158337 4 206
1158626 2 2
1158838 1 2
1158838 4 212
1159134 2 2
1159340 1 2
1159340 4 206
1159662 2 2
1159841 1 2
1159841 4 179
1160167 2 2
1160343 1 2
1160343 4 176
1160626 2 2
1160844 1 2
1160844 4 218
1161132 2 2
1161345 1 2
1161345 4 213
1161673 2 2
1161847 1 2
1161847 4 174
1162165 2 2
1162348 1 2
1162348 4 183
1162640 2 2
1162849 1 2
1162849 4 209
1163120 2 2
1163350 1 2
1163350 4 230
1163612 2 2
1163852 1 2
1163852 4 240
1164118 2 2
1164353 1 2
1164353 4 235
1164598 2 2
1164353 4 -245
1164854 1 2
1165093 2 2
1164854 4 -239
1165355 1 2
1165644 2 2
1165856 1 2
1165856 4 212
1166113 2 2
1166357 1 2
1166357 4 244
1166606 2 2
1166357 4 -249
1166858 1 2
1167140 2 2
1167359 1 2
1167359 4 219
1167716 2 2
1167860 1 2
1167860 4 144
1168204 2 2
1168361 1 2
1168361 4 157
1168684 2 2
1168862 1 2
1168862 4 178
1169170 2 2
1169364 1 2
1169364 4 194
1169695 2 2
1170128 2 2
1170486 2 2
1170829 2 2
1171179 2 2
1171491 2 2
1171817 2 2
1172151 2 2
1172487 2 2
1172813 2 2
1173138 2 2
1173461 2 2
1173776 2 2
1174095 2 2
1174409 2 2
1174719 2 2
1175008 2 2
1175291 2 2
1175588 2 2
1175852 2 2
1176105 2 2
1176347 2 2
1176595 2 2
1176823 2 2
1177020 2 2
1177221 2 2
1177424 2 2
1177601 2 2
1177777 2 2
1177948 2 2
1178115 2 2
1178295 2 2
1178478 2 2
1178654 2 2
1178826 2 2
1178986 2 2
1179162 2 2
1179338 2 2
1185053 1 1.5
1185452 2 1.5
1185720 1 1.5
1185720 4 268
1186145 2 1.5
1186387 1 1.5
1186387 4 242
1186911 2 1.5
1187054 1 1.5
1187054 4 143
1187436 2 1.5
1187722 1 1.5
1187722 4 286
1188064 2 1.5
1188389 1 1.5
1188389 4 325
1188701 2 1.5
1188389 4 -312
1189057 1 1.5
1189283 2 1.5
1189057 4 -226
1189724 1 1.5
1190009 2 1.5
1189724 4 -285
1190392 1 1.5
1190612 2 1.5
1190392 4 -220
1191060 1 1.5
1191264 2 1.5
1191060 4 -204
1191727 1 1.5
1192148 2 1.5
1192395 1 1.5
1192395 4 247
1192899 2 1.5
1193062 1 1.5
1193062 4 163
1193544 2 1.5
1193729 1 1.5
1193729 4 185
1194160 2 1.5
1194396 1 1.5
1194396 4 236
1194790 2 1.5
1195063 1 1.5
1195063 4 273
1195386 2 1.5
1195063 4 -323
1195730 1 1.5
1196023 2 1.5
1195730 4 -293
1196397 1 1.5
1196666 2 1.5
1196397 4 -269
1197064 1 1.5
1197484 2 1.5
1197731 1 1.5
1197731 4 247
1198154 2 1.5
1198399 1 1.5
1198399 4 245
1198817 2 1.5
1199066 1 1.5
1199066 4 249
1199502 2 1.5
1199733 1 1.5
1199733 4 231
1200177 2 1.5
1200400 1 1.5
1200400 4 223
1200764 2 1.5
1201067 1 1.5
1201067 4 303
1201427 2 1.5
1201734 1 1.5
1201734 4 307
1202081 2 1.5
1202401 1 1.5
1202401 4 320
1202725 2 1.5
1202401 4 -324
1203068 1 1.5
1203349 2 1.5
1203068 4 -281
1203735 1 1.5
1203997 2 1.5
1203735 4 -262
1204402 1 1.5
1204637 2 1.5
1204402 4 -235
1205069 1 1.5
1205288 2 1.5
1205069 4 -219
1205736 1 1.5
1205965 2 1.5
1205736 4 -229
1206404 1 1.5
1206620 2 1.5
1206404 4 -216
1207071 1 1.5
1216623 1 1
1217013 2 1
1216623 4 -390
1217624 1 1
1217890 2 1
1217624 4 -266
1218544 2 1
1218626 1 1
1218626 4 82
1219503 2 1
1219627 1 1
1219627 4 124
1220457 2 1
1220629 1 1
1220629 4 172
1221528 2 1
1221631 1 1
1221631 4 103
1222455 2 1
1222632 1 1
1222632 4 177
1223389 2 1
1223633 1 1
1223633 4 244
1224455 2 1
1224635 1 1
1224635 4 180
1225334 2 1
1225636 1 1
1225636 4 302
1226360 2 1
1226637 1 1
1226637 4 277
1227326 2 1
1227639 1 1
1227639 4 313
1228281 2 1
1228641 1 1
1228641 4 360
1229339 2 1
1229642 1 1
1229642 4 303
1230232 2 1
1230644 1 1
1230644 4 412
1231272 2 1
1231645 1 1
1231645 4 373
1232367 2 1
1232647 1 1
1232647 4 280
1233331 2 1
1233648 1 1
1233648 4 317
1234370 2 1
1234650 1 1
1234650 4 280
1235316 2 1
1235652 1 1
1235652 4 336
1236211 2 1
1236653 1 1
1236653 4 442
1237406 2 1
1237654 1 1
1237654 4 248
1238347 2 1
1238655 1 1
1238655 4 308
1239318 2 1
1239656 1 1
1239656 4 338
1240412 2 1
1240657 1 1
1240657 4 245
1241349 2 1
1241658 1 1
1241658 4 309
1242318 2 1
1242659 1 1
1242659 4 341
1243349 2 1
1243660 1 1
1243660 4 311
1244301 2 1
1244661 1 1
1244661 4 360
1245290 2 1
1245663 1 1
1245663 4 373
1246396 2 1
1246664 1 1
1246664 4 268
1247346 2 1
1247665 1 1
1247665 4 319
1248342 2 1
1248666 1 1
1248666 4 324
1249383 2 1
1249962 2 1
1250461 2 1
1250939 2 1
1251386 2 1
1251835 2 1
1252279 2 1
1252685 2 1
1253078 2 1
1253494 2 1
1253901 2 1
1254313 2 1
1254720 2 1
1255098 2 1
1255469 2 1
1255833 2 1
1256157 2 1
1256488 2 1
1256791 2 1
1257089 2 1
1257352 2 1
1257571 2 1
1257791 2 1
1257989 2 1
1258162 2 1
1258332 2 1
1258496 2 1
1258650 2 1
1258808 2 1
1258966 2 1
1259111 2 1
1259268 2 1
1259416 2 1
1259560 2 1
1259702 2 1
1259858 2 1
1260004 2 1
1260151 2 1
1260300 2 1
1260444 2 1
1260593 2 1
1260747 2 1
1260906 2 1
1261036 2 1
1261185 2 1
1261338 2 1
1261484 2 1
1261653 2 1
1261822 2 1
1261994 2 1
1262160 2 1
1262319 2 1
1262476 2 1
1262626 2 1
1262785 2 1
1262950 2 1
1263118 2 1
1263286 2 1
1263443 2 1
1263606 2 1
1263781 2 1
1263955 2 1
1264127 2 1
1264291 2 1
1264468 2 1
1264648 2 1
1264827 2 1
1264976 2 1
1265148 2 1
1265329 2 1
1265508 2 1
1265678 2 1
1265842 2 1
1266011 2 1
1266192 2 1
1266376 2 1
1266547 2 1
1266732 2 1
1266915 2 1
1267082 2 1
1267267 2 1
1267441 2 1
1267610 2 1
1267777 2 1
1267947 2 1
1268140 2 1
1268311 2 1
1268488 2 1
1268670 2 1
1273939 1 4
1274190 1 4
1274352 2 4
1274441 1 4
1274441 4 89
1274670 2 4
1274692 1 4
1274692 4 22
1274899 2 4
1274943 1 4
1274943 4 44
1275117 2 4
1275194 1 4
1275194 4 77
1275401 2 4
1275445 1 4
1275445 4 44
1275676 2 4
1275697 1 4
1275697 4 21
1275900 2 4
1275949 1 4
1275949 4 49
1276144 2 4
1276200 1 4
1276200 4 56
1276398 2 4
1276452 1 4
1276452 4 54
1276659 2 4
1276703 1 4
1276703 4 44
1276914 2 4
1276955 1 4
1276955 4 41
1277151 2 4
1277206 1 4
1277206 4 55
1277414 2 4
1277458 1 4
1277458 4 44
1277656 2 4
1277710 1 4
1277710 4 54
1277897 2 4
1277962 1 4
1277962 4 65
1278150 2 4
1278213 1 4
1278213 4 63
1278418 2 4
1278465 1 4
1278465 4 47
1278655 2 4
1278716 1 4
1278716 4 61
1278881 2 4
1278967 1 4
1278967 4 86
1279128 2 4
1279218 1 4
1279218 4 90
1279421 2 4
1279469 1 4
1279469 4 48
1279668 2 4
1279720 1 4
1279720 4 52
1279912 2 4
1279971 1 4
1279971 4 59
1280172 2 4
1280422 2 4
1280716 2 4
1280962 2 4
1281210 2 4
1281457 2 4
1281703 2 4
1281942 2 4
1282177 2 4
1282399 2 4
1282623 2 4
1282830 2 4
1283035 2 4
1283230 2 4
1283422 2 4
1283595 2 4
1283757 2 4
1283924 2 4
1284090 2 4
1284243 2 4
1284371 2 4
1284535 2 4
1284683 2 4
1284832 2 4
1284988 2 4
1340169 3 2085
1340169 5 0
1340504 1 3
1340839 1 3
1340856 2 3
1340839 4 -17
1341106 2 3
1341173 1 3
1341173 4 67
1341454 2 3
1341508 1 3
1341508 4 54
1341831 2 3
1341842 1 3
1341842 4 11
1342140 2 3
1342177 1 3
1342177 4 37
1342460 2 3
1342512 1 3
1342512 4 52
1342790 2 3
1342846 1 3
1342846 4 56
1343107 2 3
1343181 1 3
1343181 4 74
1343433 2 3
1343515 1 3
1343515 4 82
1343765 2 3
1343849 1 3
1343849 4 84
1344118 2 3
1344183 1 3
1344183 4 65
1344439 2 3
1344517 1 3
1344517 4 78
1344773 2 3
1344852 1 3
1344852 4 79
1345104 2 3
1345186 1 3
1345186 4 82
1345439 2 3
1345520 1 3
1345520 4 81
1345783 2 3
1345854 1 3
1345854 4 71
1346147 2 3
1346188 1 3
1346188 4 41
1346450 2 3
1346522 1 3
1346522 4 72
1346739 2 3
1346856 1 3
1346856 4 117
1347109 2 3
1347191 1 3
1347191 4 82
1347463 2 3
1347525 1 3
1347525 4 62
1347788 2 3
1347859 1 3
1347859 4 71
1348118 2 3
1348193 1 3
1348193 4 75
1348442 2 3
1348527 1 3
1348527 4 85
1348791 2 3
1348861 1 3
1348861 4 70
1349101 2 3
1349196 1 3
1349196 4 95
1349455 2 3
1349530 1 3
1349530 4 75
1349784 2 3
1349864 1 3
1349864 4 80
1350107 2 3
1350429 2 3
1350678 2 3
1350914 2 3
1351125 2 3
1351312 2 3
1351499 2 3
1351683 2 3
1351855 2 3
1352023 2 3
1352199 2 3
1352372 2 3
1352562 2 3
1352703 2 3
1353065 2 3
1353329 2 3
1353569 2 3
1353784 2 3
1353989 2 3
1354160 2 3
1354352 2 3
1354518 2 3
1354723 2 3
1354887 2 3
1355082 2 3
1355102 2 3
1355265 2 3
1355440 2 3
1355612 2 3
1355790 2 3
1355966 2 3
1356142 2 3
1356321 2 3
1356506 2 3
1361797 1 4
1362049 1 4
1362106 2 4
1362049 4 -57
1362300 1 4
1362358 2 4
1362300 4 -58
1362551 1 4
1362588 2 4
1362551 4 -37
1362802 1 4
1362805 2 4
1362802 4 -3
1363021 2 4
1363053 1 4
1363053 4 32
1363262 2 4
1363305 1 4
1363305 4 43
1363535 2 4
1363556 1 4
1363556 4 21
1363791 2 4
1363807 1 4
1363807 4 16
1364026 2 4
1364058 1 4
1364058 4 32
1364248 2 4
1364310 1 4
1364310 4 62
1364515 2 4
1364561 1 4
1364561 4 46
1364741 2 4
1364813 1 4
1364813 4 72
1365064 1 4
1365095 2 4
1365064 4 -31
1365295 2 4
1365315 1 4
1365315 4 20
1365490 2 4
1365566 1 4
1365566 4 76
1365691 2 4
1365566 4 -125
1365817 1 4
1365884 2 4
1365817 4 -67
1366068 1 4
1366089 2 4
1366068 4 -21
1366288 2 4
1366319 1 4
1366319 4 31
1366570 1 4
1366821 1 4
1367072 1 4
1367194 2 4
1367072 4 -122
1367323 1 4
1367399 2 4
1367323 4 -76
1367574 1 4
1367594 2 4
1367574 4 -20
1367794 2 4
1367825 1 4
1367825 4 31
1367994 2 4
1368077 1 4
1368077 4 83
1368190 2 4
1368077 4 -113
1368328 1 4
1368392 2 4
1368328 4 -64
1368579 1 4
1368641 2 4
1368579 4 -62
1368830 1 4
1368851 2 4
1368830 4 -21
1369081 1 4
1369099 2 4
1369081 4 -18
1369325 2 4
1369332 1 4
1369332 4 7
1369580 2 4
1369811 2 4
1370045 2 4
1370260 2 4
1370477 2 4
1370679 2 4
1370868 2 4
1371054 2 4
1371230 2 4
1371406 2 4
1371577 2 4
1371739 2 4
1371909 2 4
1372081 2 4
1372245 2 4
1372412 2 4
1372579 2 4
1372755 2 4
1372939 2 4
1373111 2 4
1373279 2 4
1373443 2 4
1373618 2 4
1373792 2 4
1373956 2 4
1374122 2 4
1374297 2 4
1380022 1 1.5
1380336 2 1.5
1380022 4 -314
1380690 1 1.5
1380962 2 1.5
1380690 4 -272
1381357 1 1.5
1381877 2 1.5
1382025 1 1.5
1382025 4 148
1382578 2 1.5
1382692 1 1.5
1382692 4 114
1383203 2 1.5
1383360 1 1.5
1383360 4 157
1383857 2 1.5
1384027 1 1.5
1384027 4 170
1384493 2 1.5
1384719 1 1.5
1384719 4 226
1385172 2 1.5
1385386 1 1.5
1385386 4 214
1385835 2 1.5
1386053 1 1.5
1386053 4 218
1386529 2 1.5
1386720 1 1.5
1386720 4 191
1387176 2 1.5
1387387 1 1.5
1387387 4 211
1387863 2 1.5
1388054 1 1.5
1388054 4 191
1388463 2 1.5
1388721 1 1.5
1388721 4 258
1389194 2 1.5
1389389 1 1.5
1389389 4 195
1389823 2 1.5
1390057 1 1.5
1390057 4 234
1390445 2 1.5
1390724 1 1.5
1390724 4 279
1391146 2 1.5
1391392 1 1.5
1391392 4 246
1391860 2 1.5
1392060 1 1.5
1392060 4 200
1392535 2 1.5
1392727 1 1.5
1392727 4 192
1393200 2 1.5
1393394 1 1.5
1393394 4 194
1393902 2 1.5
1394061 1 1.5
1394061 4 159
1394507 2 1.5
1394728 1 1.5
1394728 4 221
1395221 2 1.5
1395395 1 1.5
1395395 4 174
1395869 2 1.5
1396062 1 1.5
1396062 4 193
1396584 2 1.5
1396729 1 1.5
1396729 4 145
1397247 2 1.5
1397396 1 1.5
1397396 4 149
1397863 2 1.5
1398063 1 1.5
1398063 4 200
1398552 2 1.5
1398730 1 1.5
1398730 4 178
1399275 2 1.5
1399398 1 1.5
1399398 4 123
1400006 2 1.5
1400065 1 1.5
1400065 4 59
1400612 2 1.5
1400732 1 1.5
1400732 4 120
1401273 2 1.5
1401399 1 1.5
1401399 4 126
1402039 2 1.5
1402592 2 1.5
1403008 2 1.5
1403321 2 1.5
1403599 2 1.5
1403838 2 1.5
1404039 2 1.5
1404245 2 1.5
1404421 2 1.5
1404591 2 1.5
1404749 2 1.5
1404929 2 1.5
1405097 2 1.5
1405260 2 1.5
1405431 2 1.5
1405599 2 1.5
1405768 2 1.5
1405929 2 1.5
1406097 2 1.5
1406254 2 1.5
1406433 2 1.5
1406595 2 1.5
1406763 2 1.5
1406936 2 1.5
1407104 2 1.5
1407272 2 1.5
1407445 2 1.5
1407613 2 1.5
1407783 2 1.5
1407957 2 1.5
1408130 2 1.5
1408291 2 1.5
1408475 2 1.5
1408658 2 1.5
1408838 2 1.5
1409012 2 1.5
1409191 2 1.5
1409368 2 1.5
1409542 2 1.5
1409823 2 1.5
1409991 2 1.5
1410161 2 1.5
1410342 2 1.5
1410511 2 1.5
1410684 2 1.5
1410851 2 1.5
1411020 2 1.5
1411195 2 1.5
1411378 2 1.5
1411569 2 1.5
1411771 2 1.5
1411958 2 1.5
1412143 2 1.5
1412330 2 1.5
1412511 2 1.5
1412694 2 1.5
1412877 2 1.5
1413056 2 1.5
1413247 2 1.5
1413437 2 1.5
1413623 2 1.5
1413814 2 1.5
1413993 2 1.5
1414191 2 1.5
1414374 2 1.5
1414569 2 1.5
1414758 2 1.5
1421413 2 0.5
1421846 1 0.5
1421846 4 433
1423848 1 0.5
1424163 2 0.5
1423848 4 -315
1425195 2 0.5
1425849 1 0.5
1425849 4 654
1427436 2 0.5
1427850 1 0.5
1427850 4 414
1429617 2 0.5
1429851 1 0.5
1429851 4 234
1431609 2 0.5
1431852 1 0.5
1431852 4 243
1433538 2 0.5
1433853 1 0.5
1433853 4 315
1435357 2 0.5
1435854 1 0.5
1435854 4 497
1437485 2 0.5
1437856 1 0.5
1437856 4 371
1439545 2 0.5
1439858 1 0.5
1439858 4 313
1441641 2 0.5
1441859 1 0.5
1441859 4 218
1443752 2 0.5
1443860 1 0.5
1443860 4 108
1445628 2 0.5
1445861 1 0.5
1445861 4 233
1447632 2 0.5
1447863 1 0.5
1447863 4 231
1449367 2 0.5
1449864 1 0.5
1449864 4 497
1451513 2 0.5
1451865 1 0.5
1451865 4 352
1453381 2 0.5
1453866 1 0.5
1453866 4 485
1455617 2 0.5
1455868 1 0.5
1455868 4 251
1457418 2 0.5
1457869 1 0.5
1457869 4 451
1459643 2 0.5
1459870 1 0.5
1459870 4 227
1461558 2 0.5
1461872 1 0.5
1461872 4 314
1463567 2 0.5
1463873 1 0.5
1463873 4 306
1465769 2 0.5
1465874 1 0.5
1465874 4 105
1467618 2 0.5
1467876 1 0.5
1467876 4 258
1469492 2 0.5
1469878 1 0.5
1469878 4 386
1471667 2 0.5
1471879 1 0.5
1471879 4 212
1473616 2 0.5
1473880 1 0.5
1473880 4 264
1475546 2 0.5
1475881 1 0.5
1475881 4 335
1477573 2 0.5
1477883 1 0.5
1477883 4 310
1479678 2 0.5
1479885 1 0.5
1479885 4 207
1481460 2 0.5
1481887 1 0.5
1481887 4 427
1483786 2 0.5
1483889 1 0.5
1483889 4 103
1485506 2 0.5
1485891 1 0.5
1485891 4 385
1487602 2 0.5
1488205 2 0.5
1488678 2 0.5
1489058 2 0.5
1489385 2 0.5
1489639 2 0.5
1489874 2 0.5
1490073 2 0.5
1490266 2 0.5
1490443 2 0.5
1490612 2 0.5
1490783 2 0.5
1490964 2 0.5
1491119 2 0.5
1491284 2 0.5
1491451 2 0.5
1491618 2 0.5
1491789 2 0.5
1491959 2 0.5
1492127 2 0.5
1492292 2 0.5
1492459 2 0.5
1492638 2 0.5
1492805 2 0.5
1492978 2 0.5
1493154 2 0.5
1493328 2 0.5
1493499 2 0.5
1493670 2 0.5
1493830 2 0.5
1493998 2 0.5
1494162 2 0.5
1494330 2 0.5
1494497 2 0.5
1494657 2 0.5
1494829 2 0.5
1495002 2 0.5
1495171 2 0.5
1495324 2 0.5
1495500 2 0.5
1495663 2 0.5
1495833 2 0.5
1496009 2 0.5
1496176 2 0.5
1496345 2 0.5
1496516 2 0.5
1496678 2 0.5
1496845 2 0.5
1497013 2 0.5
1497178 2 0.5
1497346 2 0.5
1497514 2 0.5
1497674 2 0.5
1497852 2 0.5
1498019 2 0.5
1498193 2 0.5
1498354 2 0.5
1498521 2 0.5
1498682 2 0.5
1498849 2 0.5
1499020 2 0.5
1499196 2 0.5
1499370 2 0.5
1499547 2 0.5
1499718 2 0.5
1499902 2 0.5
1500082 2 0.5
1500258 2 0.5
1500424 2 0.5
1500604 2 0.5
1500785 2 0.5
1500959 2 0.5
1501135 2 0.5
1501310 2 0.5
1501474 2 0.5
1501645 2 0.5
1501812 2 0.5
1501988 2 0.5
1502154 2 0.5
1502311 2 0.5
1502477 2 0.5
1502643 2 0.5
1502807 2 0.5
1502982 2 0.5
1503155 2 0.5
1503327 2 0.5
1503511 2 0.5
1503687 2 0.5
1503845 2 0.5
1504027 2 0.5
1504199 2 0.5
1504369 2 0.5
1504519 2 0.5
1504674 2 0.5
1504844 2 0.5
1505028 2 0.5
1505192 2 0.5
1505376 2 0.5
1505538 2 0.5
1505717 2 0.5
1505885 2 0.5
1506060 2 0.5
1506227 2 0.5
1506408 2 0.5
1506586 2 0.5
1506755 2 0.5
1506928 2 0.5
1507090 2 0.5
1507263 2 0.5
1507426 2 0.5
1507598 2 0.5
1507773 2 0.5
1507952 2 0.5
1508119 2 0.5
1508299 2 0.5
1508479 2 0.5
1508638 2 0.5
1508804 2 0.5
1508981 2 0.5
1509149 2 0.5
1509313 2 0.5
1509489 2 0.5
1509662 2 0.5
1509820 2 0.5
1509998 2 0.5
1510169 2 0.5
1510348 2 0.5
1510525 2 0.5
1510707 2 0.5
1510889 2 0.5
1511072 2 0.5
1511249 2 0.5
1511424 2 0.5
1511594 2 0.5
1511772 2 0.5
1511953 2 0.5
1512154 2 0.5
1512394 2 0.5
1512658 2 0.5
1512971 2 0.5
1513313 2 0.5
1513678 2 0.5
1514319 2 0.5
1514798 2 0.5
1515271 2 0.5
1516153 2 0.5
1516703 2 0.5
1517152 2 0.5
1517646 2 0.5
1518108 2 0.5
1518559 2 0.5
1518972 2 0.5
1519385 2 0.5
1519762 2 0.5
1520652 2 0.5
1521037 2 0.5
1521385 2 0.5
1521727 2 0.5
1522077 2 0.5
1522410 2 0.5
1522730 2 0.5
1523384 2 0.5
1525467 2 0.5
1525666 2 0.5
1525846 2 0.5
1531115 1 5
1531317 1 5
1531435 2 5
1531518 1 5
1531518 4 83
1531643 2 5
1531719 1 5
1531719 4 76
1531812 2 5
1531719 4 -93
1531920 1 5
1531990 2 5
1531920 4 -70
1532121 1 5
1532165 2 5
1532121 4 -44
1532322 1 5
1532341 2 5
1532322 4 -19
1532517 2 5
1532523 1 5
1532523 4 6
1532693 2 5
1532724 1 5
1532724 4 31
1532874 2 5
1532925 1 5
1532925 4 51
1533074 2 5
1533126 1 5
1533126 4 52
1533290 2 5
1533327 1 5
1533327 4 37
1533485 2 5
1533528 1 5
1533528 4 43
1533692 2 5
1533729 1 5
1533729 4 37
1533897 2 5
1533930 1 5
1533930 4 33
1534099 2 5
1534131 1 5
1534131 4 32
1534302 2 5
1534333 1 5
1534333 4 31
1534506 2 5
1534534 1 5
1534534 4 28
1534702 2 5
1534735 1 5
1534735 4 33
1534908 2 5
1534936 1 5
1534936 4 28
1535108 2 5
1535138 1 5
1535138 4 30
1535305 2 5
1535339 1 5
1535339 4 34
1535495 2 5
1535540 1 5
1535540 4 45
1535691 2 5
1535741 1 5
1535741 4 50
1535889 2 5
1535943 1 5
1535943 4 54
1536087 2 5
1536144 1 5
1536144 4 57
1536298 2 5
1536346 1 5
1536346 4 48
1536509 2 5
1536547 1 5
1536547 4 38
1536726 2 5
1536748 1 5
1536748 4 22
1536931 2 5
1536949 1 5
1536949 4 18
1537127 2 5
1537150 1 5
1537150 4 23
1537317 2 5
1537352 1 5
1537352 4 35
1537513 2 5
1537554 1 5
1537554 4 41
1537716 2 5
1537918 2 5
1538116 2 5
1538305 2 5
1538487 2 5
1538675 2 5
1538854 2 5
1539035 2 5
1539215 2 5
1539386 2 5
1539542 2 5
1539828 2 5
1539998 2 5
1540164 2 5
1540330 2 5
1540504 2 5
1540675 2 5
1540850 2 5
1541025 2 5
1541196 2 5
1541364 2 5
1541538 2 5
1547184 1 2
1547497 2 2
1547685 1 2
1547685 4 188
1548030 2 2
1548186 1 2
1548186 4 156
1548469 2 2
1548688 1 2
1548688 4 219
1549029 2 2
1549189 1 2
1549189 4 160
1549521 2 2
1549690 1 2
1549690 4 169
1550021 2 2
1550191 1 2
1550191 4 170
1550534 2 2
1550692 1 2
1550692 4 158
1550988 2 2
1551193 1 2
1551193 4 205
1551510 2 2
1551695 1 2
1551695 4 185
1552007 2 2
1552196 1 2
1552196 4 189
1552501 2 2
1552697 1 2
1552697 4 196
1552999 2 2
1553198 1 2
1553198 4 199
1553494 2 2
1553699 1 2
1553699 4 205
1554018 2 2
1554200 1 2
1554200 4 182
1554527 2 2
1554701 1 2
1554701 4 174
1555049 2 2
1555203 1 2
1555203 4 154
1555508 2 2
1555704 1 2
1555704 4 196
1556034 2 2
1556205 1 2
1556205 4 171
1556556 2 2
1556706 1 2
1556706 4 150
1557063 2 2
1557208 1 2
1557208 4 145
1557592 2 2
1557709 1 2
1557709 4 117
1558101 2 2
1558210 1 2
1558210 4 109
1558554 2 2
1558711 1 2
1558711 4 157
1559024 2 2
1559213 1 2
1559213 4 189
1559504 2 2
1559714 1 2
1559714 4 210
1560050 2 2
1560215 1 2
1560215 4 165
1560564 2 2
1560716 1 2
1560716 4 152
1561060 2 2
1561217 1 2
1561217 4 157
1561564 2 2
1561718 1 2
1561718 4 154
1562073 2 2
1562401 2 2
1562660 2 2
1562888 2 2
1563103 2 2
1563300 2 2
1563494 2 2
1563696 2 2
1563892 2 2
1564092 2 2
1564276 2 2
1564463 2 2
1564643 2 2
1564831 2 2
1565016 2 2
1565202 2 2
1565389 2 2
1565577 2 2
1565757 2 2
1565945 2 2
1566128 2 2
1566308 2 2
1566483 2 2
1566655 2 2
1566831 2 2
1567012 2 2
1567193 2 2
1567372 2 2
1567555 2 2
1567733 2 2
1567908 2 2
1568079 2 2
1568263 2 2
1568437 2 2
1568616 2 2
1568812 2 2
1569005 2 2
1570133 2 2
1570360 2 2
1570560 2 2
1570755 2 2
1570951 2 2
1571137 2 2
1571321 2 2
1571508 2 2
1571691 2 2
1577741 1 1
1577971 2 1
1577741 4 -230
1578743 1 1
1578753 2 1
1578743 4 -10
1579593 2 1
1579744 1 1
1579744 4 151
1580599 2 1
1580745 1 1
1580745 4 146
1581575 2 1
1581746 1 1
1581746 4 171
1582507 2 1
1582747 1 1
1582747 4 240
1583564 2 1
1583749 1 1
1583749 4 185
1584482 2 1
1584751 1 1
1584751 4 269
1585464 2 1
1585753 1 1
1585753 4 289
1586476 2 1
1586755 1 1
1586755 4 279
1587459 2 1
1587756 1 1
1587756 4 297
1588309 2 1
1588757 1 1
1588757 4 448
1589598 2 1
1589758 1 1
1589758 4 160
1590548 2 1
1590759 1 1
1590759 4 211
1591512 2 1
1591760 1 1
1591760 4 248
1592558 2 1
1592761 1 1
1592761 4 203
1593509 2 1
1593763 1 1
1593763 4 254
1594549 2 1
1594764 1 1
1594764 4 215
1595666 2 1
1595765 1 1
1595765 4 99
1596692 2 1
1596766 1 1
1596766 4 74
1597684 2 1
1597767 1 1
1597767 4 83
1598617 2 1
1598768 1 1
1598768 4 151
1599589 2 1
1599769 1 1
1599769 4 180
1600618 2 1
1600771 1 1
1600771 4 153
1601609 2 1
1601772 1 1
1601772 4 163
1602567 2 1
1602773 1 1
1602773 4 206
1603617 2 1
1603774 1 1
1603774 4 157
1604634 2 1
1604776 1 1
1604776 4 142
1605656 2 1
1605777 1 1
1605777 4 121
1606621 2 1
1607189 2 1
1607610 2 1
1607927 2 1
1608194 2 1
1608440 2 1
1608659 2 1
1608857 2 1
1609058 2 1
1609240 2 1
1609414 2 1
1609591 2 1
1609756 2 1
1609936 2 1
1610103 2 1
1610276 2 1
1610444 2 1
1610617 2 1
1610789 2 1
1610964 2 1
1611136 2 1
1611307 2 1
1611480 2 1
1611656 2 1
1611836 2 1
1611997 2 1
1612176 2 1
1612348 2 1
1612530 2 1
1612698 2 1
1612880 2 1
1613058 2 1
1613243 2 1
1613419 2 1
1613596 2 1
1613772 2 1
1613946 2 1
1614123 2 1
1614336 2 1
1614557 2 1
1615068 2 1
1615561 2 1
1616092 2 1
1616613 2 1
1617121 2 1
1617656 2 1
1618163 2 1
1618664 2 1
1619334 2 1
1620242 2 1
1621070 2 1
1621836 2 1
1622575 2 1
1623442 2 1
1624190 2 1
1624931 2 1
1625681 2 1
1722589 3 2717
1722588 5 150
1723257 1 1.5
1723547 2 1.5
1723257 4 -290
1723924 1 1.5
1724413 2 1.5
1724591 1 1.5
1724591 4 178
1725171 2 1.5
1725259 1 1.5
1725259 4 88
1725863 2 1.5
1725927 1 1.5
1725927 4 64
1726521 2 1.5
1726594 1 1.5
1726594 4 73
1727166 2 1.5
1727261 1 1.5
1727261 4 95
1727848 2 1.5
1727928 1 1.5
1727928 4 80
1728489 2 1.5
1728595 1 1.5
1728595 4 106
1729125 2 1.5
1729262 1 1.5
1729262 4 137
1729929 1 1.5
1729933 2 1.5
1729929 4 -4
1730556 2 1.5
1730596 1 1.5
1730596 4 40
1731221 2 1.5
1731264 1 1.5
1731264 4 43
1731891 2 1.5
1731932 1 1.5
1731932 4 41
1732518 2 1.5
1732599 1 1.5
1732599 4 81
1733223 2 1.5
1733266 1 1.5
1733266 4 43
1733860 2 1.5
1733933 1 1.5
1733933 4 73
1734510 2 1.5
1734600 1 1.5
1734600 4 90
1735158 2 1.5
1735267 1 1.5
1735267 4 109
1735827 2 1.5
1735934 1 1.5
1735934 4 107
1736457 2 1.5
1736601 1 1.5
1736601 4 144
1737161 2 1.5
1737268 1 1.5
1737268 4 107
1737854 2 1.5
1737935 1 1.5
1737935 4 81
1738537 2 1.5
1738603 1 1.5
1738603 4 66
1739193 2 1.5
1739271 1 1.5
1739271 4 78
1739814 2 1.5
1740575 2 1.5
1750078 1 2
1750429 2 2
1750580 1 2
1750580 4 151
1751000 2 2
1751081 1 2
1751081 4 81
1751516 2 2
1751537 2 2
1751582 1 2
1751582 4 45
1752035 2 2
1752083 1 2
1752083 4 48
1752527 2 2
1752584 1 2
1752584 4 57
1753047 2 2
1753085 1 2
1753085 4 38
1753539 2 2
1753586 1 2
1753586 4 47
1754066 2 2
1754088 1 2
1754088 4 22
1754560 2 2
1754590 1 2
1754590 4 30
1755001 2 2
1755091 1 2
1755091 4 90
1755519 2 2
1755592 1 2
1755592 4 73
1756018 2 2
1756093 1 2
1756093 4 75
1756558 2 2
1756594 1 2
1756594 4 36
1757039 2 2
1757096 1 2
1757096 4 57
1757516 2 2
1757597 1 2
1757597 4 81
1758037 2 2
1758098 1 2
1758098 4 61
1758559 2 2
1758600 1 2
1758600 4 41
1759031 2 2
1759101 1 2
1759101 4 70
1759522 2 2
1759602 1 2
1759602 4 80
1760000 2 2
1760104 1 2
1760104 4 104
1760462 2 2
1760606 1 2
1760606 4 144
1761037 2 2
1761107 1 2
1761107 4 70
1761608 1 2
1761724 2 2
1761608 4 -116
1762030 2 2
1762109 1 2
1762109 4 79
1762548 2 2
1762610 1 2
1762610 4 62
1763050 2 2
1763111 1 2
1763111 4 61
1763553 2 2
1763613 1 2
1763613 4 60
1764056 2 2
1764808 2 2
1765638 2 2
1766443 2 2
1767327 2 2
1768212 2 2
1769082 2 2
1769949 2 2
1770780 2 2
1771635 2 2
1772509 2 2
1773325 2 2
1778836 1 5
1779038 1 5
1779240 1 5
1779243 2 5
1779240 4 -3
1779441 1 5
1779477 2 5
1779441 4 -36
1779641 2 5
1779642 1 5
1779642 4 1
1779808 2 5
1779843 1 5
1779843 4 35
1779965 2 5
1780044 1 5
1780044 4 79
1780129 2 5
1780044 4 -85
1780245 1 5
1780319 2 5
1780245 4 -74
1780446 1 5
1780505 2 5
1780446 4 -59
1780647 1 5
1780691 2 5
1780647 4 -44
1780849 1 5
1780893 2 5
1780849 4 -44
1781050 1 5
1781087 2 5
1781050 4 -37
1781251 1 5
1781268 2 5
1781251 4 -17
1781450 2 5
1781453 1 5
1781453 4 3
1781644 2 5
1781654 1 5
1781654 4 10
1781850 2 5
1781856 1 5
1781856 4 6
1782047 2 5
1782057 1 5
1782057 4 10
1782246 2 5
1782258 1 5
1782258 4 12
1782459 1 5
1782466 2 5
1782459 4 -7
1782660 1 5
1782672 2 5
1782660 4 -12
1782861 1 5
1782863 2 5
1782861 4 -2
1783057 2 5
1783063 1 5
1783063 4 6
1783248 2 5
1783264 1 5
1783264 4 16
1783442 2 5
1783466 1 5
1783466 4 24
1783661 2 5
1783667 1 5
1783667 4 6
1783855 2 5
1783868 1 5
1783868 4 13
1784040 2 5
1784069 1 5
1784069 4 29
1784226 2 5
1784270 1 5
1784270 4 44
1784435 2 5
1784471 1 5
1784471 4 36
1784627 2 5
1784672 1 5
1784672 4 45
1784843 2 5
1784874 1 5
1784874 4 31
1785053 2 5
1785075 1 5
1785075 4 22
1785255 2 5
1785462 2 5
1785871 2 5
1786114 2 5
1786258 2 5
1786702 2 5
1786919 2 5
1787099 2 5
1787563 2 5
1787728 2 5
1787913 2 5
1788076 2 5
1788481 2 5
1788661 2 5
1788836 2 5
1789012 2 5
1795199 1 1
1795488 2 1
1795199 4 -289
1796200 1 1
1796458 2 1
1796200 4 -258
1797155 2 1
1797201 1 1
1797201 4 46
1798128 2 1
1798203 1 1
1798203 4 75
1799079 2 1
1799204 1 1
1799204 4 125
1800082 2 1
1800205 1 1
1800205 4 123
1801016 2 1
1801207 1 1
1801207 4 191
1802036 2 1
1802208 1 1
1802208 4 172
1802995 2 1
1803209 1 1
1803209 4 214
1804006 2 1
1804210 1 1
1804210 4 204
1805045 2 1
1805211 1 1
1805211 4 166
1805997 2 1
1806212 1 1
1806212 4 215
1806968 2 1
1807213 1 1
1807213 4 245
1807953 2 1
1808215 1 1
1808215 4 262
1809007 2 1
1809217 1 1
1809217 4 210
1810035 2 1
1810219 1 1
1810219 4 184
1810976 2 1
1811220 1 1
1811220 4 244
1811964 2 1
1812222 1 1
1812222 4 258
1813010 2 1
1813223 1 1
1813223 4 213
1813951 2 1
1814224 1 1
1814224 4 273
1814969 2 1
1815225 1 1
1815225 4 256
1816008 2 1
1816226 1 1
1816226 4 218
1816981 2 1
1817228 1 1
1817228 4 247
1818054 2 1
1818229 1 1
1818229 4 175
1818992 2 1
1819230 1 1
1819230 4 238
1820062 2 1
1820231 1 1
1820231 4 169
1821044 2 1
1821232 1 1
1821232 4 188
1822015 2 1
1822234 1 1
1822234 4 219
1823011 2 1
1823236 1 1
1823236 4 225
1824010 2 1
1824892 2 1
1825775 2 1
1826586 2 1
1827369 2 1
1828084 2 1
1828775 2 1
1829469 2 1
1830141 2 1
1830799 2 1
1831463 2 1
1832152 2 1
1832860 2 1
1833542 2 1
1834204 2 1
1834873 2 1
1835561 2 1
1836220 2 1
1836824 2 1
1837462 2 1
1838081 2 1
1838655 2 1
1839233 2 1
1839881 2 1
1840535 2 1
1841181 2 1
1841841 2 1
1842512 2 1
1843198 2 1
1850260 1 0.5
1850671 2 0.5
1850260 4 -411
1851599 2 0.5
1852262 1 0.5
1852262 4 663
1854038 2 0.5
1854263 1 0.5
1854263 4 225
1856101 2 0.5
1856265 1 0.5
1856265 4 164
1857928 2 0.5
1858266 1 0.5
1858266 4 338
1860138 2 0.5
1860267 1 0.5
1860267 4 129
1862034 2 0.5
1862268 1 0.5
1862268 4 234
1864050 2 0.5
1864269 1 0.5
1864269 4 219
1865956 2 0.5
1866271 1 0.5
1866271 4 315
1867944 2 0.5
1868272 1 0.5
1868272 4 328
1869765 2 0.5
1870273 1 0.5
1870273 4 508
1872003 2 0.5
1872274 1 0.5
1872274 4 271
1873981 2 0.5
1874276 1 0.5
1874276 4 295
1875943 2 0.5
1876277 1 0.5
1876277 4 334
1878187 2 0.5
1878278 1 0.5
1878278 4 91
1879985 2 0.5
1880279 1 0.5
1880279 4 294
1881979 2 0.5
1882280 1 0.5
1882280 4 301
1884079 2 0.5
1884282 1 0.5
1884282 4 203
1886041 2 0.5
1886284 1 0.5
1886284 4 243
1887960 2 0.5
1888285 1 0.5
1888285 4 325
1890046 2 0.5
1890286 1 0.5
1890286 4 240
1891918 2 0.5
1892287 1 0.5
1892287 4 369
1893973 2 0.5
1894289 1 0.5
1894289 4 316
1896060 2 0.5
1896290 1 0.5
1896290 4 230
1898167 2 0.5
1898291 1 0.5
1898291 4 124
1900136 2 0.5
1900293 1 0.5
1900293 4 157
1901941 2 0.5
1902294 1 0.5
1902294 4 353
1904087 2 0.5
1904295 1 0.5
1904295 4 208
1905914 2 0.5
1906296 1 0.5
1906296 4 382
1907904 2 0.5
1908298 1 0.5
1908298 4 394
1910007 2 0.5
1911824 2 0.5
1913617 2 0.5
1915277 2 0.5
1916829 2 0.5
1918215 2 0.5
1919597 2 0.5
1920930 2 0.5
1922317 2 0.5
1923580 2 0.5
1924585 2 0.5
1925392 2 0.5
1926059 2 0.5
1926683 2 0.5
1927298 2 0.5
1927913 2 0.5
1928576 2 0.5
1929210 2 0.5
1929812 2 0.5
1930425 2 0.5
1931035 2 0.5
1931654 2 0.5
1932280 2 0.5
1932882 2 0.5
1933517 2 0.5
1934137 2 0.5
1934759 2 0.5
1935331 2 0.5
1935947 2 0.5
1936542 2 0.5
1937131 2 0.5
1937683 2 0.5
1938234 2 0.5
1938790 2 0.5
1939364 2 0.5
1939905 2 0.5
1940487 2 0.5
1941022 2 0.5
1941500 2 0.5
1941946 2 0.5
1942383 2 0.5
1942845 2 0.5
1943306 2 0.5
1943760 2 0.5
1944218 2 0.5
1944698 2 0.5
1945216 2 0.5
1945741 2 0.5
1946331 2 0.5
1946913 2 0.5
1947495 2 0.5
1948073 2 0.5
1953755 1 3
1954089 1 3
1954132 2 3
1954089 4 -43
1954423 1 3
1954452 2 3
1954423 4 -29
1954704 2 3
1954758 1 3
1954758 4 54
1955019 2 3
1955092 1 3
1955092 4 73
1955358 2 3
1955426 1 3
1955426 4 68
1955675 2 3
1955760 1 3
1955760 4 85
1956008 2 3
1956094 1 3
1956094 4 86
1956362 2 3
1956428 1 3
1956428 4 66
1956671 2 3
1956762 1 3
1956762 4 91
1957016 2 3
1957097 1 3
1957097 4 81
1957348 2 3
1957431 1 3
1957431 4 83
1957668 2 3
1957765 1 3
1957765 4 97
1958013 2 3
1958099 1 3
1958099 4 86
1958433 1 3
1958498 2 3
1958433 4 -65
1958768 1 3
1958776 2 3
1958768 4 -8
1959076 2 3
1959102 1 3
1959102 4 26
1959386 2 3
1959436 1 3
1959436 4 50
1959693 2 3
1959771 1 3
1959771 4 78
1960022 2 3
1960109 1 3
1960109 4 87
1960374 2 3
1960443 1 3
1960443 4 69
1960693 2 3
1960778 1 3
1960778 4 85
1961022 2 3
1961112 1 3
1961112 4 90
1961365 2 3
1961447 1 3
1961447 4 82
1961682 2 3
1961781 1 3
1961781 4 99
1962017 2 3
1962115 1 3
1962115 4 98
1962360 2 3
1962449 1 3
1962449 4 89
1962688 2 3
1962783 1 3
1962783 4 95
1963033 2 3
1963117 1 3
1963117 4 84
1963365 2 3
1963451 1 3
1963451 4 86
1963716 2 3
1964078 2 3
1964516 2 3
1964978 2 3
1965571 2 3
1966254 2 3
1966988 2 3
1967727 2 3
1969330 2 3
1975383 1 4
1975634 1 4
1975657 2 4
1975634 4 -23
1975885 1 4
1975913 2 4
1975885 4 -28
1976134 2 4
1976136 1 4
1976136 4 2
1976336 2 4
1976387 1 4
1976387 4 51
1976551 2 4
1976639 1 4
1976639 4 88
1976824 2 4
1976890 1 4
1976890 4 66
1977076 2 4
1977141 1 4
1977141 4 65
1977339 2 4
1977392 1 4
1977392 4 53
1977586 2 4
1977643 1 4
1977643 4 57
1977838 2 4
1977895 1 4
1977895 4 57
1978070 2 4
1978146 1 4
1978146 4 76
1978351 2 4
1978397 1 4
1978397 4 46
1978590 2 4
1978649 1 4
1978649 4 59
1978833 2 4
1978901 1 4
1978901 4 68
1979071 2 4
1979152 1 4
1979152 4 81
1979375 2 4
1979403 1 4
1979403 4 28
1979612 2 4
1979654 1 4
1979654 4 42
1979849 2 4
1979905 1 4
1979905 4 56
1980093 2 4
1980157 1 4
1980157 4 64
1980350 2 4
1980408 1 4
1980408 4 58
1980629 2 4
1980659 1 4
1980659 4 30
1980882 2 4
1980910 1 4
1980910 4 28
1981130 2 4
1981162 1 4
1981162 4 32
1981368 2 4
1981413 1 4
1981413 4 45
1981592 2 4
1981664 1 4
1981664 4 72
1981836 2 4
1981915 1 4
1981915 4 79
1982054 2 4
1982166 1 4
1982166 4 112
1982256 2 4
1982166 4 -90
1982418 1 4
1982461 2 4
1982418 4 -43
1982670 1 4
1982678 2 4
1982670 4 -8
1982873 2 4
1982921 1 4
1982921 4 48
1983081 2 4
1983172 1 4
1983172 4 91
1983303 2 4
1983423 1 4
1983423 4 120
1983502 2 4
1983423 4 -79
1983674 1 4
1983908 2 4
1984403 2 4
1984897 2 4
1985430 2 4
1986019 2 4
1986632 2 4
1987355 2 4
1988082 2 4
2052738 3 3051
2052737 5 150
